2 30
809 706 
0 14 15 25 33 12 95 2
1 40 43 87 86 93 93 1
2 60 53 16 24 44 98 1
3 84 94 35 41 93 38 2
4 10 19 69 62 33 85 2
5 80 85 27 31 28 31 1
6 10 4 31 31 18 65 2
7 62 55 100 93 5 54 2
8 29 32 106 99 73 35 1
9 34 33 85 88 23 89 2
10 15 7 51 53 5 76 1
11 67 70 81 81 78 91 2
12 6 15 55 58 16 67 2
13 93 95 35 34 17 91 1
14 101 100 31 26 94 8 1
15 109 100 4 14 88 12 1
16 66 76 59 63 69 30 2
17 57 51 49 46 86 28 2
18 66 76 87 91 62 97 2
19 39 41 12 8 18 44 2
20 34 28 26 35 16 45 1
21 102 95 51 53 81 64 2
22 53 59 3 10 37 24 2
23 46 50 18 24 100 81 2
24 75 84 1 2 9 63 2
25 19 19 24 34 32 32 2
26 7 17 51 60 35 12 2
27 38 47 85 85 3 49 1
28 87 97 23 19 30 35 1
29 68 58 37 29 54 93 2
