2 30
737 762 
0 43 33 61 51 47 46 1
1 17 7 102 92 100 62 2
2 23 13 58 48 59 78 1
3 78 68 94 84 23 56 1
4 69 59 40 30 26 85 1
5 87 77 88 78 79 55 1
6 102 92 57 47 56 34 1
7 11 1 88 78 3 40 2
8 71 61 22 12 82 58 2
9 41 31 17 7 8 68 2
10 109 99 63 53 47 100 1
11 40 30 41 31 62 4 1
12 64 54 91 81 59 29 1
13 85 75 41 31 31 58 1
14 67 57 105 95 59 86 2
15 79 69 19 9 42 39 2
16 68 58 35 25 67 99 1
17 66 56 18 8 33 52 1
18 73 63 28 18 61 71 2
19 74 64 34 24 97 12 2
20 107 97 53 43 82 49 2
21 66 56 51 41 34 4 2
22 66 56 77 67 59 45 1
23 98 88 71 61 97 7 2
24 19 9 62 52 18 53 2
25 30 20 91 81 52 14 1
26 11 1 58 48 59 10 1
27 21 11 62 52 65 11 2
28 64 54 98 88 64 31 2
29 26 16 99 89 79 73 1
