2 30
366 268 
0 36 26 54 44 75 25 2
1 94 84 71 61 74 19 1
2 84 74 27 17 85 57 1
3 19 9 27 17 48 62 1
4 94 84 65 55 33 18 2
5 88 78 97 87 39 89 2
6 107 97 54 44 83 100 1
7 72 62 49 39 73 100 1
8 16 6 59 49 68 14 2
9 70 60 46 36 16 67 2
10 98 88 44 34 32 68 1
11 85 75 94 84 20 97 1
12 73 63 100 90 31 86 2
13 70 60 18 8 86 98 2
14 104 94 42 32 64 82 2
15 68 58 100 90 43 49 1
16 57 47 24 14 26 92 2
17 55 45 15 5 61 7 2
18 54 44 101 91 18 62 2
19 39 29 107 97 35 9 1
20 72 62 18 8 76 93 2
21 19 9 12 2 32 37 2
22 43 33 54 44 70 40 2
23 83 73 48 38 84 14 2
24 104 94 47 37 33 73 2
25 107 97 68 58 66 25 2
26 60 50 107 97 5 31 2
27 90 80 31 21 62 77 2
28 93 83 19 9 45 86 2
29 79 69 44 34 32 75 1
