2 30
930 835 
0 68 42 45 60 9 30 1
1 33 42 49 77 81 80 1
2 14 92 15 63 93 77 2
3 6 97 83 44 98 75 2
4 92 26 60 69 100 77 1
5 27 48 28 94 38 77 2
6 4 51 52 78 96 12 2
7 82 82 14 20 53 24 1
8 41 47 93 22 98 81 2
9 77 80 37 27 61 10 2
10 53 42 46 80 62 36 2
11 49 77 22 88 23 42 1
12 49 34 10 77 61 32 2
13 60 90 1 37 46 48 1
14 49 15 22 49 91 39 1
15 18 15 71 29 13 74 2
16 36 55 81 42 10 12 1
17 28 58 65 53 20 49 2
18 57 47 93 70 85 46 2
19 100 100 88 67 53 97 2
20 28 83 24 90 15 1 2
21 37 82 98 48 58 12 1
22 58 98 3 49 73 6 1
23 38 65 23 39 57 74 1
24 3 79 48 97 93 69 2
25 13 22 77 45 70 98 1
26 6 100 35 35 3 95 2
27 34 50 94 88 67 71 2
28 16 84 29 6 72 64 1
29 3 57 19 28 97 66 1
