2 30
812 599 
0 32 22 50 40 97 17 2
1 50 40 27 17 20 18 2
2 92 82 35 25 52 76 1
3 11 1 19 9 29 20 1
4 38 28 17 7 83 98 1
5 60 50 61 51 92 58 2
6 107 97 54 44 37 11 2
7 36 26 13 3 9 86 2
8 84 74 35 25 65 18 2
9 14 4 90 80 58 75 1
10 106 96 60 50 23 43 2
11 97 87 106 96 53 40 2
12 105 95 32 22 25 79 2
13 86 76 34 24 96 20 1
14 28 18 74 64 5 87 1
15 60 50 100 90 55 84 1
16 53 43 20 10 26 74 2
17 35 25 87 77 19 12 1
18 70 60 17 7 30 54 2
19 79 69 47 37 56 4 1
20 52 42 98 88 80 20 2
21 35 25 28 18 4 33 1
22 103 93 14 4 71 7 1
23 87 77 60 50 51 90 2
24 40 30 91 81 5 35 2
25 67 57 28 18 45 64 2
26 48 38 95 85 86 86 1
27 62 52 11 1 67 20 1
28 81 71 15 5 22 30 1
29 107 97 80 70 4 7 1
