2 30
331 316 
0 12 46 89 64 21 17 2
1 41 34 57 69 70 32 1
2 42 40 51 19 91 52 1
3 42 97 19 44 52 59 1
4 48 50 16 1 7 84 1
5 15 32 16 86 54 58 2
6 88 19 36 46 41 12 2
7 82 50 22 88 32 24 2
8 61 51 13 18 66 42 1
9 37 64 97 11 93 29 1
10 37 54 30 100 59 68 1
11 45 9 18 20 88 100 2
12 89 90 50 41 47 17 2
13 80 2 21 49 100 66 1
14 21 27 94 61 75 99 2
15 26 87 79 9 11 91 1
16 68 95 13 82 22 76 1
17 52 70 81 65 83 73 1
18 73 43 9 58 91 26 1
19 12 88 8 55 21 19 2
20 92 95 88 94 11 93 1
21 9 58 70 24 95 36 1
22 66 26 11 77 30 13 1
23 90 1 83 75 57 22 2
24 83 75 28 93 43 44 2
25 9 82 73 97 39 7 2
26 90 84 19 19 57 12 2
27 86 66 54 4 37 100 1
28 40 24 45 46 60 43 1
29 11 97 27 68 83 71 1
