2 30
791 808 
0 69 59 87 77 48 47 1
1 103 93 88 78 60 70 1
2 69 59 104 94 58 68 2
3 36 26 44 34 30 56 2
4 87 77 58 48 74 51 2
5 69 59 70 60 42 41 2
6 108 98 55 45 63 49 2
7 89 79 74 64 84 13 1
8 77 67 28 18 67 76 2
9 59 49 27 17 94 16 2
10 107 97 61 51 14 58 2
11 106 96 15 5 16 42 1
12 58 48 85 75 56 83 1
13 83 73 31 21 49 13 2
14 13 3 51 41 51 90 1
15 33 23 73 63 27 33 2
16 94 84 61 51 3 40 2
17 48 38 100 90 36 93 2
18 71 61 18 8 16 69 2
19 108 98 76 66 58 7 2
20 37 27 83 73 43 2 2
21 12 2 105 95 11 63 1
22 24 14 35 25 50 69 1
23 24 14 97 87 74 3 1
24 33 23 76 66 83 89 1
25 88 78 49 39 49 52 1
26 41 31 80 70 65 51 2
27 51 41 92 82 40 53 2
28 42 32 76 66 22 43 1
29 44 34 17 7 56 73 2
