2 30
819 782 
0 95 93 6 11 6 10 1
1 97 89 23 32 100 91 2
2 89 91 53 62 30 79 1
3 96 96 34 43 50 39 2
4 29 37 96 88 11 40 1
5 76 71 31 25 77 90 1
6 84 86 13 13 9 67 1
7 84 85 22 23 74 100 1
8 17 10 73 77 42 63 2
9 26 27 69 74 39 9 1
10 98 97 47 43 2 39 1
11 51 44 65 55 7 16 2
12 66 57 2 8 57 15 2
13 84 77 26 16 72 47 2
14 30 26 68 60 66 87 1
15 64 54 72 68 60 33 2
16 55 54 40 41 34 6 2
17 39 33 31 28 80 20 2
18 34 38 63 61 52 64 1
19 1 3 74 70 26 9 1
20 49 58 62 65 58 45 1
21 35 29 84 87 36 73 1
22 15 5 57 56 7 96 2
23 95 100 88 82 47 3 2
24 55 54 72 72 34 20 1
25 32 37 45 52 10 30 1
26 58 63 94 98 55 65 1
27 18 17 65 55 28 26 1
28 23 19 38 41 85 9 2
29 97 88 66 59 28 49 2
