2 30
305 354 
0 54 68 31 86 3 92 1
1 83 88 99 31 38 1 2
2 96 2 97 73 23 98 2
3 92 95 69 42 6 15 2
4 2 32 78 83 86 7 2
5 93 38 2 92 19 35 2
6 2 45 50 72 2 85 2
7 28 20 68 66 27 60 2
8 15 73 75 40 2 13 1
9 19 78 79 25 19 39 2
10 99 64 92 10 57 30 2
11 75 35 40 46 9 22 1
12 15 48 76 91 5 47 1
13 90 20 31 67 27 87 1
14 67 93 40 27 38 48 1
15 24 33 69 55 92 36 1
16 42 17 87 96 76 78 2
17 82 88 19 83 95 24 2
18 11 73 47 96 37 31 2
19 30 18 18 93 7 67 2
20 42 65 38 72 29 30 2
21 11 24 64 90 78 59 1
22 56 80 9 31 29 96 2
23 76 51 69 25 92 10 2
24 25 5 70 23 3 50 2
25 39 64 3 79 52 51 1
26 100 46 29 81 96 14 2
27 68 4 36 42 10 97 1
28 74 94 87 16 99 12 2
29 61 67 69 38 60 12 1
