2 30
335 261 
0 95 85 13 3 97 95 1
1 89 79 74 64 47 61 1
2 15 5 58 48 9 79 1
3 86 76 94 84 55 4 1
4 97 87 68 58 72 15 2
5 51 41 52 42 9 2 2
6 106 96 53 43 72 64 1
7 75 65 52 42 74 39 2
8 91 81 34 24 15 76 2
9 69 59 45 35 15 79 2
10 105 95 59 49 34 53 2
11 80 70 89 79 46 9 2
12 52 42 79 69 4 24 2
13 81 71 29 19 11 8 1
14 51 41 89 79 5 72 1
15 87 77 19 9 52 80 1
16 20 10 87 77 39 60 2
17 22 12 82 72 30 10 2
18 69 59 16 6 80 61 1
19 50 40 18 8 88 39 2
20 67 57 13 3 64 50 2
21 58 48 51 41 34 76 2
22 82 72 93 83 89 24 1
23 50 40 15 5 26 38 1
24 47 37 98 88 12 1 1
25 54 44 15 5 71 35 2
26 63 53 110 100 38 9 2
27 81 71 22 12 68 38 1
28 20 10 46 36 13 55 1
29 62 52 35 25 33 73 2
