2 30
316 264 
0 47 37 65 55 74 59 2
1 69 59 46 36 40 62 1
2 15 5 50 40 93 86 1
3 86 76 102 92 66 3 1
4 25 15 96 86 32 79 2
5 15 5 24 14 82 17 2
6 102 92 57 47 15 84 1
7 47 37 24 14 100 93 1
8 103 93 54 44 4 69 2
9 105 95 73 63 73 87 1
10 101 91 47 37 78 17 2
11 28 18 29 19 76 98 1
12 40 30 67 57 69 62 1
13 77 67 25 15 29 37 1
14 35 25 81 71 98 27 1
15 87 77 27 17 66 11 1
16 64 54 39 29 99 55 2
17 86 76 38 28 7 77 1
18 57 47 12 2 4 69 1
19 34 24 94 84 4 58 2
20 27 17 73 63 67 32 2
21 50 40 43 33 50 36 2
22 106 96 17 7 66 59 1
23 94 84 67 57 23 97 2
24 75 65 26 16 95 58 2
25 70 60 31 21 86 5 2
26 23 13 62 52 15 35 2
27 41 31 82 72 59 24 2
28 76 66 102 92 88 15 1
29 98 88 71 61 47 22 2
