2 30
782 803 
0 28 18 46 36 42 26 2
1 106 96 83 73 5 57 1
2 100 90 43 33 92 49 1
3 103 93 11 1 15 17 2
4 90 80 61 51 27 23 1
5 24 14 33 23 69 75 1
6 107 97 54 44 49 38 1
7 100 90 77 67 56 71 2
8 52 42 103 93 44 82 2
9 58 48 26 16 55 33 2
10 14 4 68 58 70 77 1
11 109 99 18 8 51 4 2
12 37 27 64 54 31 83 1
13 94 84 50 40 69 8 1
14 60 50 98 88 87 72 1
15 52 42 92 82 53 70 1
16 49 39 24 14 78 12 2
17 15 5 67 57 51 2 1
18 86 76 33 23 42 20 2
19 19 9 87 77 79 54 2
20 40 30 78 68 44 32 2
21 51 41 36 26 14 16 1
22 71 61 82 72 78 19 1
23 91 81 64 54 78 9 2
24 84 74 27 17 91 93 2
25 35 25 96 86 50 9 1
26 44 34 83 73 38 11 1
27 42 32 91 81 27 30 2
28 69 59 103 93 63 36 2
29 35 25 108 98 93 25 2
