2 30
818 689 
0 92 82 90 100 49 60 1
1 57 58 4 1 56 67 2
2 64 60 28 31 26 42 1
3 98 93 44 48 36 37 2
4 45 50 1 1 18 2 1
5 78 68 12 22 14 59 2
6 21 19 42 46 62 51 1
7 53 54 83 92 12 15 1
8 86 95 71 62 2 22 2
9 18 16 69 71 69 4 2
10 46 42 87 80 13 83 2
11 84 89 98 100 30 86 1
12 75 78 32 29 47 33 2
13 19 14 69 61 66 81 1
14 34 43 72 77 82 51 1
15 23 27 39 49 38 14 2
16 43 51 28 30 71 70 2
17 67 74 59 69 73 73 1
18 26 27 47 42 99 87 1
19 78 88 59 55 31 20 2
20 13 19 26 26 90 4 2
21 33 38 3 4 79 28 2
22 71 78 21 29 47 98 1
23 26 29 1 3 42 2 2
24 45 43 62 61 63 69 1
25 49 42 54 57 6 12 1
26 40 32 76 67 78 7 1
27 104 94 22 32 43 98 1
28 78 84 14 6 67 7 1
29 43 49 20 28 35 25 1
