2 30
317 244 
0 52 60 71 78 56 39 1
1 14 4 40 47 4 63 1
2 101 98 78 69 66 24 1
3 97 95 48 42 68 4 2
4 64 68 10 19 17 82 2
5 61 62 16 16 19 92 1
6 1 1 37 28 62 74 2
7 67 76 26 22 48 43 2
8 82 73 38 40 49 40 1
9 2 2 53 57 44 75 1
10 42 32 62 70 4 86 2
11 68 63 82 74 48 43 1
12 30 28 79 71 81 22 1
13 1 4 39 43 70 67 1
14 71 77 9 11 94 65 1
15 91 81 1 3 66 15 1
16 32 29 17 16 75 84 1
17 57 64 49 59 37 39 2
18 102 97 2 12 95 3 2
19 40 50 21 17 8 30 1
20 49 49 62 56 72 99 1
21 66 72 36 38 11 26 2
22 25 24 75 75 26 40 2
23 75 79 60 53 88 76 2
24 4 13 21 31 93 14 1
25 62 60 67 75 7 32 1
26 62 70 11 5 90 83 1
27 63 64 10 2 20 55 1
28 9 14 45 36 55 3 1
29 85 79 49 58 69 37 2
