2 30
271 313 
0 98 72 75 90 55 43 1
1 91 80 7 15 14 56 1
2 24 58 33 29 63 86 2
3 28 95 5 42 46 5 2
4 58 64 34 7 68 53 1
5 81 30 90 84 92 5 2
6 86 13 34 40 81 48 1
7 36 96 76 34 13 34 2
8 43 77 95 44 22 17 1
9 79 62 39 9 26 69 1
10 91 84 76 30 55 11 2
11 71 75 36 86 41 23 2
12 47 4 8 55 32 61 2
13 10 32 59 71 22 42 2
14 39 5 12 39 50 44 1
15 32 5 77 27 12 62 1
16 74 57 19 44 91 5 2
17 6 100 43 95 24 86 2
18 27 61 63 84 86 38 1
19 42 6 38 73 45 43 1
20 6 69 2 76 4 30 2
21 83 8 36 66 24 41 2
22 64 8 17 59 20 66 1
23 28 87 21 61 40 50 1
24 97 1 42 19 39 80 1
25 35 16 99 31 43 56 1
26 92 30 13 65 39 92 2
27 28 20 96 58 12 19 1
28 90 34 3 56 1 19 1
29 61 7 77 78 21 45 2
