2 30
303 254 
0 84 74 102 92 74 2 2
1 22 12 99 89 17 67 1
2 92 82 27 17 82 100 2
3 11 1 27 17 18 84 1
4 66 56 37 27 34 84 2
5 24 14 33 23 22 85 1
6 103 93 58 48 93 5 2
7 100 90 85 75 99 28 2
8 96 86 47 37 41 84 1
9 42 32 18 8 61 46 1
10 102 92 48 38 14 89 1
11 37 27 46 36 21 97 1
12 93 83 20 10 48 18 1
13 74 64 30 20 19 36 1
14 20 10 58 48 8 15 2
15 60 50 100 90 7 78 1
16 105 95 72 62 17 42 2
17 99 89 51 41 22 83 2
18 58 48 13 3 78 99 1
19 63 53 23 13 45 72 2
20 12 2 58 48 66 27 1
21 27 17 20 10 26 64 2
22 27 17 38 28 8 97 1
23 31 21 104 94 77 86 1
24 68 58 19 9 84 93 1
25 91 81 52 42 88 32 1
26 108 98 47 37 72 73 1
27 22 12 71 61 72 16 2
28 37 27 63 53 94 3 2
29 43 33 108 98 83 18 1
