2 30
731 844 
0 49 27 26 45 80 22 2
1 58 19 66 62 100 75 1
2 51 5 60 84 51 24 1
3 95 94 72 41 94 72 1
4 1 7 77 50 31 20 2
5 96 53 5 99 63 6 1
6 13 16 61 43 47 34 1
7 47 75 87 13 35 66 2
8 90 36 42 3 66 93 2
9 22 85 90 40 93 52 1
10 38 67 31 5 49 10 1
11 42 82 7 93 51 41 2
12 54 91 15 42 66 2 1
13 89 23 30 70 10 76 2
14 58 28 23 54 49 2 1
15 19 16 64 38 26 2 2
16 13 4 58 91 30 1 1
17 93 87 30 82 83 32 1
18 22 48 58 63 10 85 1
19 25 97 13 64 81 63 1
20 93 48 89 55 14 64 1
21 18 23 79 89 63 50 1
22 51 43 4 94 23 77 1
23 39 58 32 32 89 87 1
24 56 72 1 90 70 91 1
25 6 83 70 98 92 46 1
26 67 77 88 20 36 30 2
27 87 11 47 49 66 26 2
28 33 9 46 31 96 63 2
29 28 78 44 49 25 77 1
