2 30
252 324 
0 26 20 3 38 95 91 2
1 91 88 99 23 62 12 1
2 60 30 61 1 96 6 2
3 56 91 41 46 70 86 2
4 30 44 6 95 6 81 2
5 41 34 50 88 68 64 2
6 90 25 38 52 94 53 1
7 36 12 68 50 1 26 2
8 79 25 31 92 18 64 1
9 95 66 63 21 36 22 2
10 91 24 84 70 7 13 1
11 19 51 92 62 90 70 1
12 31 76 92 27 23 12 1
13 50 72 91 19 25 35 2
14 3 49 76 83 88 94 1
15 28 69 73 91 36 99 2
16 54 33 7 20 93 22 2
17 90 48 27 35 27 86 1
18 19 17 55 40 1 25 1
19 82 62 78 37 99 23 2
20 78 13 74 20 3 36 1
21 43 16 4 82 92 79 1
22 60 44 13 95 34 66 2
23 52 15 45 97 77 69 2
24 61 49 6 67 74 55 1
25 83 40 55 55 24 40 2
26 96 38 25 73 82 44 1
27 52 12 12 50 68 88 1
28 82 14 95 36 18 59 2
29 61 87 69 58 93 61 1
