2 30
649 666 
0 65 55 83 73 51 14 1
1 59 49 44 34 74 4 1
2 77 67 12 2 69 8 1
3 28 18 36 26 3 82 1
4 31 21 102 92 63 58 1
5 33 23 42 32 24 70 2
6 108 98 55 45 47 6 2
7 53 43 38 28 97 4 2
8 53 43 96 86 79 19 2
9 103 93 71 61 8 36 2
10 15 5 69 59 2 64 1
11 18 8 27 17 52 20 1
12 90 80 17 7 40 39 1
13 99 89 47 37 59 3 1
14 37 27 75 65 97 78 1
15 25 15 65 55 40 35 1
16 90 80 57 47 39 95 1
17 20 10 80 70 91 68 1
18 87 77 34 24 49 25 2
19 48 38 16 6 42 43 1
20 25 15 63 53 26 10 1
21 28 18 13 3 5 2 1
22 92 82 103 93 43 99 2
23 28 18 101 91 89 52 2
24 69 59 20 10 12 42 1
25 56 46 17 7 90 11 1
26 29 19 68 58 28 41 2
27 31 21 72 62 56 69 1
28 30 20 64 54 53 18 1
29 72 62 45 35 83 46 1
