2 30
303 293 
0 79 57 56 75 6 68 1
1 16 57 24 100 73 85 2
2 69 71 70 50 60 27 1
3 17 92 94 47 62 79 1
4 75 45 43 88 17 99 2
5 50 35 59 89 32 43 1
6 95 78 43 5 49 62 1
7 9 89 41 27 59 99 2
8 92 66 44 33 92 53 1
9 24 67 92 22 79 53 1
10 68 9 61 55 18 29 2
11 56 72 29 83 2 70 2
12 52 69 13 20 41 54 2
13 39 65 80 4 13 69 2
14 48 10 13 44 18 34 2
15 25 6 78 28 91 72 2
16 51 6 4 93 68 11 1
17 63 29 100 24 61 2 1
18 92 54 28 77 79 84 1
19 75 3 63 70 69 89 2
20 71 26 59 33 46 70 1
21 56 41 17 7 62 29 2
22 57 53 10 4 6 2 1
23 37 72 22 54 15 27 1
24 50 86 95 4 88 96 2
25 20 69 92 84 67 90 2
26 45 15 74 50 59 93 2
27 81 89 49 19 41 54 2
28 7 59 20 81 80 82 1
29 86 28 94 99 2 72 1
