2 30
854 817 
0 2 64 87 82 85 17 2
1 83 96 91 39 14 1 1
2 60 54 69 25 62 50 2
3 56 95 33 42 83 30 1
4 46 100 22 51 33 36 2
5 5 54 14 100 100 34 1
6 10 69 66 96 22 29 1
7 28 52 60 90 13 9 2
8 95 77 47 44 8 46 1
9 51 86 19 41 26 88 2
10 15 52 8 90 21 34 2
11 79 3 52 14 2 18 1
12 75 84 36 35 43 41 2
13 70 8 11 55 80 28 2
14 95 89 68 15 26 97 2
15 16 61 69 75 95 66 2
16 10 69 55 56 16 23 2
17 66 76 3 71 77 12 2
18 95 85 31 100 37 94 2
19 10 38 98 5 21 59 1
20 86 53 82 60 39 33 2
21 39 48 92 14 4 33 2
22 48 52 1 3 5 14 1
23 16 15 9 89 16 89 1
24 45 9 90 27 17 100 2
25 43 12 7 27 16 30 1
26 16 54 45 97 42 5 1
27 16 80 76 18 40 41 2
28 58 54 71 76 17 21 1
29 53 19 61 98 37 21 1
