2 30
348 290 
0 110 100 28 18 99 71 1
1 108 98 85 75 2 27 2
2 38 28 73 63 59 42 1
3 61 51 77 67 26 81 2
4 84 74 55 45 32 4 2
5 106 96 15 5 26 74 2
6 101 91 56 46 69 7 1
7 86 76 63 53 1 72 2
8 110 100 53 43 93 26 1
9 60 50 28 18 13 51 1
10 100 90 46 36 78 36 1
11 11 1 20 10 1 3 1
12 87 77 14 4 55 3 1
13 72 62 20 10 62 90 1
14 58 48 96 86 72 65 2
15 14 4 54 44 89 26 1
16 31 21 98 88 14 78 1
17 81 71 33 23 12 30 2
18 56 46 103 93 29 38 2
19 105 95 65 55 100 6 2
20 42 32 88 78 61 29 1
21 73 63 66 56 9 50 2
22 85 75 96 86 70 67 1
23 57 47 30 20 2 50 1
24 82 72 33 23 93 3 1
25 49 39 110 100 98 11 1
26 38 28 77 67 9 47 1
27 60 50 101 91 72 11 2
28 15 5 41 31 28 34 1
29 61 51 26 16 89 27 2
