2 30
846 667 
0 38 30 49 48 1 78 1
1 70 66 9 1 75 23 2
2 28 32 13 11 40 35 1
3 91 97 42 44 62 70 1
4 42 38 88 81 14 36 1
5 78 72 33 26 38 100 2
6 34 39 76 66 82 59 1
7 54 62 92 100 91 17 2
8 37 43 22 18 98 91 1
9 33 28 76 75 32 56 1
10 75 82 24 28 70 100 1
11 56 65 83 76 7 12 2
12 49 50 6 1 86 14 2
13 61 62 11 9 28 85 1
14 77 87 28 21 93 39 1
15 96 91 12 13 45 6 2
16 31 27 16 14 37 82 2
17 21 22 13 17 93 27 2
18 92 83 92 98 15 50 2
19 34 44 15 11 34 96 2
20 75 71 88 78 31 12 1
21 54 54 11 20 16 81 1
22 13 14 63 65 17 11 2
23 60 57 40 39 14 29 1
24 89 91 6 9 96 94 1
25 71 66 84 81 78 58 1
26 49 40 85 75 53 58 2
27 85 86 24 24 73 98 2
28 74 64 89 86 22 31 2
29 35 29 91 100 8 79 2
