2 30
707 778 
0 22 19 33 37 39 76 1
1 30 35 77 78 17 47 2
2 3 1 75 80 91 28 1
3 93 94 44 41 90 19 1
4 37 43 91 94 23 89 2
5 59 69 14 23 63 51 1
6 71 80 1 7 96 81 1
7 23 31 74 69 85 36 2
8 35 36 12 3 59 87 1
9 25 17 76 72 72 39 1
10 23 27 64 65 4 8 2
11 2 10 16 21 87 91 2
12 79 71 15 22 66 77 1
13 17 7 38 46 81 25 1
14 2 4 40 38 56 23 2
15 63 72 79 86 2 85 1
16 11 16 1 3 8 26 1
17 70 63 62 58 14 30 2
18 55 64 84 87 100 98 1
19 11 21 100 96 9 25 2
20 39 32 31 39 38 91 2
21 81 71 38 37 44 35 1
22 90 87 40 38 82 68 2
23 78 86 63 60 38 24 2
24 79 80 96 98 59 24 2
25 67 71 93 86 41 79 1
26 10 9 46 44 98 65 2
27 71 71 18 9 40 22 2
28 29 29 44 51 57 70 2
29 97 98 66 69 60 73 1
