2 30
274 281 
0 76 71 87 89 37 29 1
1 25 35 72 70 68 37 1
2 39 29 103 100 35 100 2
3 87 90 46 45 10 63 1
4 69 63 15 6 25 98 2
5 59 65 14 19 62 24 1
6 58 60 79 87 89 77 2
7 6 15 44 53 38 86 2
8 92 88 48 55 88 14 2
9 18 13 53 60 51 16 1
10 94 87 35 25 71 36 1
11 30 26 36 37 91 84 1
12 1 7 49 50 30 59 1
13 54 59 12 6 75 18 1
14 67 60 84 94 6 59 2
15 11 8 35 30 86 64 1
16 31 40 37 27 71 3 1
17 16 23 1 10 71 29 1
18 10 8 39 31 99 86 1
19 55 65 44 40 33 2 2
20 85 88 98 95 14 13 2
21 60 55 30 21 29 99 1
22 48 51 1 2 7 82 1
23 57 50 37 32 80 20 1
24 14 24 52 42 2 31 2
25 37 47 79 70 19 83 1
26 1 1 37 36 63 38 2
27 69 79 16 17 87 45 2
28 54 49 69 71 100 21 1
29 18 18 87 89 33 38 2
