2 30
743 598 
0 41 41 52 59 12 50 1
1 102 97 28 32 6 53 1
2 53 63 30 34 97 6 1
3 102 92 40 47 36 46 2
4 26 25 64 68 19 41 2
5 84 83 23 29 59 24 1
6 97 98 18 25 3 56 2
7 1 1 31 39 9 95 1
8 60 58 24 25 22 32 2
9 41 31 84 86 38 29 1
10 40 37 76 83 82 84 1
11 31 28 45 39 42 65 1
12 19 29 68 72 14 23 2
13 18 17 68 64 32 98 1
14 65 70 3 4 63 97 2
15 16 18 24 32 74 85 2
16 43 38 7 17 17 71 2
17 80 81 72 76 80 65 2
18 100 94 8 17 85 65 2
19 57 59 30 26 58 7 2
20 3 2 16 9 91 22 2
21 27 37 5 3 98 7 1
22 36 41 86 92 4 4 2
23 21 28 1 10 20 25 2
24 20 10 37 28 18 27 1
25 62 61 67 76 43 73 2
26 67 71 3 6 30 19 2
27 1 9 38 39 75 8 2
28 98 99 13 21 42 100 2
29 68 68 45 39 49 61 1
