2 40
454 389 
0 19 9 37 27 22 47 2
1 53 43 30 20 89 76 1
2 71 61 14 4 64 86 1
3 38 28 54 44 86 14 1
4 57 47 28 18 40 35 2
5 95 85 96 86 22 87 2
6 102 92 57 47 36 83 1
7 87 77 64 54 87 79 1
8 95 85 46 36 69 12 2
9 105 95 73 63 49 84 1
10 73 63 27 17 92 99 1
11 12 2 21 11 18 97 2
12 40 30 67 57 16 50 1
13 73 63 21 11 60 39 1
14 35 25 73 63 50 40 2
15 47 37 87 77 18 13 2
16 60 50 27 17 93 20 2
17 30 20 82 72 73 13 2
18 69 59 16 6 2 41 1
19 106 96 66 56 20 72 1
20 103 93 41 31 86 31 1
21 54 44 39 29 14 3 2
22 50 40 61 51 89 97 1
23 30 20 103 93 43 37 1
24 59 49 102 92 64 29 2
25 98 88 59 49 82 60 2
26 47 37 94 84 22 34 1
27 93 83 34 24 77 28 1
28 108 98 34 24 53 58 1
29 102 92 75 65 66 18 1
30 36 26 58 48 63 96 2
31 55 45 108 98 26 56 2
32 104 94 91 81 7 45 2
33 77 67 30 20 27 33 2
34 87 77 74 64 11 22 2
35 33 23 70 60 46 31 1
36 84 74 107 97 48 19 1
37 34 24 70 60 99 4 2
38 81 71 56 46 84 9 1
39 69 59 57 47 68 82 1
