2 40
382 362 
0 52 14 29 32 21 90 1
1 85 98 93 41 97 35 2
2 86 24 87 3 95 64 2
3 54 97 31 44 68 32 1
4 92 18 60 61 36 6 2
5 11 20 20 66 21 29 2
6 100 51 48 78 21 51 2
7 34 74 74 20 23 97 1
8 77 43 37 10 32 57 2
9 49 92 17 39 90 24 2
10 57 10 42 48 56 14 2
11 85 21 58 32 13 44 2
12 85 10 46 53 91 17 1
13 12 22 53 61 72 69 1
14 53 55 26 81 14 11 2
15 70 95 23 17 20 82 2
16 12 59 57 38 92 55 1
17 84 66 21 61 28 80 2
18 61 23 97 38 22 20 1
19 76 100 64 67 66 44 2
20 28 47 24 54 36 49 2
21 33 50 94 8 93 74 1
22 10 2 55 53 56 53 1
23 42 13 27 95 68 66 1
24 59 15 4 33 14 22 1
25 41 58 13 73 35 81 1
26 2 96 31 31 18 19 2
27 30 6 90 44 39 42 2
28 4 12 17 34 38 34 1
29 71 69 79 40 70 45 2
30 87 40 52 70 2 93 2
31 26 54 59 40 10 23 1
32 86 78 23 8 66 79 1
33 37 23 74 14 49 9 2
34 26 50 82 49 29 7 1
35 63 99 32 34 53 36 2
36 11 62 48 37 69 37 1
37 17 11 70 77 1 57 1
38 33 94 77 29 27 84 2
39 2 41 66 99 52 45 2
