2 40
985 1178 
0 48 38 66 56 75 13 1
1 18 8 95 85 6 52 1
2 64 54 107 97 24 31 1
3 47 37 63 53 74 41 2
4 102 92 73 63 62 30 2
5 32 22 41 31 84 14 1
6 103 93 58 48 86 80 1
7 76 66 53 43 52 41 2
8 32 22 75 65 29 65 1
9 30 20 106 96 5 16 2
10 98 88 44 34 43 42 2
11 53 43 54 44 87 28 2
12 49 39 76 66 29 44 1
13 102 92 50 40 27 18 2
14 68 58 106 96 83 69 1
15 12 2 44 34 87 81 1
16 93 83 60 50 60 40 2
17 95 85 47 37 100 21 1
18 102 92 57 47 37 14 2
19 15 5 75 65 1 11 1
20 48 38 86 76 63 8 1
21 55 45 48 38 76 20 1
22 99 89 110 100 77 56 1
23 83 73 48 38 90 5 2
24 24 14 75 65 86 1 2
25 47 37 108 98 23 27 1
26 16 6 55 45 53 63 2
27 34 24 83 73 34 65 1
28 53 43 79 69 20 34 2
29 103 93 76 66 88 72 1
30 29 19 51 41 6 58 2
31 36 26 89 79 46 98 2
32 89 79 76 66 46 76 1
33 110 100 63 53 30 88 2
34 44 34 39 29 71 91 2
35 66 56 103 93 7 5 1
36 45 35 68 58 13 1 2
37 83 73 19 9 8 70 2
38 54 44 21 11 10 46 2
39 14 4 110 100 93 66 2
