2 40
456 399 
0 33 43 65 61 21 62 1
1 82 91 37 34 86 99 1
2 69 69 46 40 78 62 1
3 108 98 38 45 49 44 2
4 45 47 99 98 44 52 2
5 32 37 100 91 63 74 1
6 71 68 100 95 45 55 2
7 22 15 60 53 25 98 1
8 84 76 48 43 97 77 2
9 15 25 71 72 17 25 2
10 60 55 1 1 92 22 2
11 75 70 81 81 25 16 2
12 77 83 26 26 83 48 2
13 91 83 28 30 2 85 1
14 86 92 24 26 13 49 2
15 86 96 2 10 12 31 2
16 42 44 19 23 95 6 2
17 41 31 25 18 52 28 2
18 66 76 95 99 19 59 1
19 71 65 39 40 25 34 2
20 47 44 60 51 87 29 2
21 20 23 90 81 24 56 1
22 60 55 10 6 64 34 1
23 2 6 74 80 34 68 1
24 59 60 76 78 32 83 2
25 88 83 93 98 69 82 1
26 88 97 24 32 28 51 2
27 41 35 67 73 29 24 2
28 75 85 11 7 29 27 1
29 39 30 1 1 2 9 1
30 37 37 69 67 98 61 1
31 13 15 1 1 49 88 1
32 32 23 53 53 88 7 2
33 80 88 77 71 75 22 1
34 25 15 11 14 49 83 2
35 52 60 91 95 83 10 1
36 56 63 47 38 90 47 1
37 82 88 60 54 93 89 1
38 17 19 56 62 7 8 1
39 88 90 56 48 86 24 2
