2 40
380 427 
0 19 25 96 43 44 45 1
1 60 29 68 64 86 77 2
2 13 55 14 26 74 34 1
3 21 92 6 47 10 46 2
4 19 5 95 48 18 99 2
5 54 23 63 69 49 85 2
6 7 18 55 45 4 72 1
7 61 13 1 51 44 80 1
8 8 50 60 25 18 45 2
9 36 95 4 50 19 71 2
10 88 65 73 3 79 22 2
11 4 84 69 95 50 25 1
12 48 89 9 32 2 52 2
13 71 77 12 24 22 95 1
14 80 38 45 64 99 68 2
15 69 22 22 44 75 33 2
16 95 62 48 49 30 40 1
17 3 25 40 20 9 32 2
18 80 34 16 57 99 30 2
19 31 15 19 90 42 57 1
20 7 86 3 93 81 32 2
21 80 33 41 91 82 72 1
22 9 29 54 80 22 18 2
23 81 92 74 66 44 70 1
24 26 26 79 44 30 39 2
25 60 45 24 60 45 41 1
26 57 19 86 62 13 25 1
27 17 21 85 59 98 6 1
28 71 47 84 69 18 66 1
29 46 100 54 79 1 23 1
30 98 15 71 45 43 90 1
31 5 65 38 43 62 10 1
32 81 69 10 99 86 51 2
33 88 50 25 33 16 76 1
34 57 49 13 48 71 7 2
35 50 90 11 17 56 1 2
36 6 33 43 16 16 60 2
37 48 10 9 76 26 79 2
38 24 25 76 68 99 81 2
39 81 84 45 42 85 56 1
