2 40
398 423 
0 27 17 38 35 18 55 1
1 49 45 88 80 96 65 1
2 47 51 24 22 42 29 1
3 82 92 49 47 44 86 1
4 37 41 83 92 39 42 2
5 49 39 83 93 18 60 2
6 84 74 1 1 98 40 2
7 70 69 1 7 98 51 1
8 53 50 9 17 40 23 1
9 29 27 72 74 2 8 1
10 35 25 71 71 33 98 2
11 11 12 25 23 22 76 1
12 64 69 13 12 32 63 1
13 66 61 95 100 78 54 1
14 14 14 52 48 32 3 2
15 79 70 95 92 2 21 1
16 78 82 71 69 10 54 2
17 1 1 89 96 12 100 2
18 53 58 74 73 69 96 2
19 53 47 13 14 96 97 2
20 78 70 70 77 53 97 1
21 66 73 44 39 3 53 2
22 64 73 27 24 4 58 2
23 19 20 91 94 76 42 2
24 27 34 44 52 59 51 2
25 45 41 58 56 1 14 2
26 57 51 85 86 45 76 2
27 75 81 14 19 75 18 1
28 77 75 92 97 92 15 1
29 18 20 95 91 98 8 1
30 49 59 81 89 6 25 1
31 50 53 25 31 61 21 2
32 53 45 74 75 93 24 2
33 30 34 35 25 99 53 1
34 11 9 10 8 5 59 2
35 75 82 22 17 83 17 1
36 74 77 52 60 16 64 2
37 57 54 27 20 2 98 1
38 81 81 20 16 32 20 2
39 14 16 82 74 7 86 2
