2 40
1021 1010 
0 26 16 44 34 25 42 1
1 76 66 53 43 82 50 1
2 110 100 45 35 21 55 1
3 105 95 13 3 87 70 1
4 40 30 11 1 80 26 1
5 86 76 87 77 64 53 2
6 105 95 52 42 7 74 2
7 26 16 103 93 57 83 1
8 50 40 101 91 49 46 2
9 76 66 44 34 99 85 2
10 84 74 38 28 21 79 2
11 67 57 76 66 22 94 1
12 31 21 58 48 28 26 1
13 96 86 44 34 77 27 2
14 98 88 36 26 47 44 2
15 66 56 98 88 53 18 2
16 71 61 38 28 5 73 1
17 33 23 93 83 94 59 1
18 88 78 43 33 60 5 1
19 33 23 101 91 97 48 2
20 38 28 76 66 49 20 2
21 93 83 86 76 42 1 2
22 73 63 84 74 48 47 1
23 53 43 26 16 98 62 2
24 74 64 17 7 93 70 2
25 21 11 82 72 95 84 2
26 98 88 37 27 64 36 1
27 24 14 73 63 35 54 1
28 79 69 13 3 24 28 1
29 57 47 30 20 62 65 1
30 83 73 105 95 97 86 2
31 46 36 91 81 48 21 1
32 75 65 62 52 43 15 1
33 36 26 89 79 69 92 2
34 26 16 21 11 86 90 1
35 28 18 65 55 22 92 1
36 15 5 30 20 33 44 1
37 37 27 73 63 44 15 1
38 16 6 83 73 30 74 1
39 104 94 100 90 33 89 2
