2 40
920 944 
0 8 10 85 28 1 15 1
1 77 6 93 49 70 12 2
2 50 76 59 47 4 64 2
3 10 97 95 44 87 88 2
4 36 86 4 37 51 86 1
5 23 28 32 74 44 3 2
6 16 83 64 10 99 27 2
7 34 6 66 44 73 97 2
8 57 39 9 6 57 91 2
9 89 8 49 55 40 52 1
10 65 90 58 28 41 77 2
11 89 89 62 100 42 72 1
12 45 46 6 97 74 66 1
13 92 10 33 57 75 7 1
14 81 43 54 69 40 24 2
15 70 23 15 45 39 12 2
16 80 11 25 98 60 50 1
17 68 54 5 49 89 79 2
18 45 27 81 50 74 72 2
19 56 12 44 87 81 41 2
20 72 43 68 50 30 54 1
21 61 66 22 32 15 86 1
22 2 74 55 25 79 80 1
23 82 77 75 59 53 50 1
24 79 19 24 37 95 56 2
25 45 98 17 21 43 57 2
26 18 4 47 47 3 97 2
27 70 90 38 20 61 69 2
28 88 72 93 94 40 32 1
29 63 29 79 100 76 68 1
30 83 12 56 42 15 38 1
31 98 98 31 84 40 46 1
32 98 74 35 4 45 31 1
33 9 15 46 6 18 1 2
34 6 34 62 33 26 34 1
35 87 3 48 30 47 16 1
36 31 34 68 9 62 55 1
37 13 83 66 49 24 12 2
38 17 18 69 61 20 64 2
39 26 53 90 11 70 97 2
