2 40
1017 894 
0 11 1 29 19 18 5 1
1 57 47 42 32 28 29 1
2 87 77 30 20 36 4 2
3 22 12 38 28 67 52 1
4 53 43 24 14 2 83 2
5 31 21 32 22 84 58 1
6 102 92 57 47 92 18 1
7 15 5 92 82 68 68 2
8 31 21 82 72 47 21 2
9 93 83 61 51 64 95 2
10 97 87 43 33 22 27 1
11 36 26 45 35 4 20 1
12 96 86 23 13 47 78 2
13 105 95 53 43 55 40 2
14 91 81 29 19 55 64 1
15 39 29 71 61 15 13 2
16 60 50 27 17 33 86 2
17 82 72 42 32 63 97 1
18 101 91 48 38 26 70 2
19 86 76 46 36 60 2 2
20 63 53 101 91 48 56 1
21 78 68 71 61 84 1 1
22 78 68 89 79 62 34 2
23 46 36 11 1 93 91 1
24 39 29 82 72 84 19 2
25 26 16 87 77 47 85 1
26 31 21 70 60 34 78 1
27 53 43 94 84 5 20 2
28 84 74 18 8 64 74 1
29 58 48 31 21 8 85 1
30 92 82 106 96 32 20 2
31 39 29 92 82 81 31 1
32 24 14 103 93 35 13 1
33 21 11 66 56 67 75 1
34 55 45 50 40 99 34 1
35 93 83 30 20 36 47 2
36 108 98 23 13 2 33 1
37 110 100 46 36 90 51 2
38 13 3 80 70 55 14 1
39 29 19 25 15 1 5 2
