2 40
1012 1078 
0 46 39 57 57 83 33 2
1 92 99 47 42 43 96 1
2 10 13 74 84 35 57 1
3 99 98 50 45 4 39 1
4 18 23 64 66 90 54 1
5 53 53 92 99 69 34 1
6 89 92 10 19 11 57 2
7 40 39 78 77 100 60 2
8 78 72 42 47 22 76 1
9 45 41 80 88 43 24 2
10 39 35 88 81 56 1 2
11 48 38 41 49 41 68 1
12 9 19 66 70 6 56 2
13 75 79 17 18 59 96 1
14 85 88 15 14 77 75 1
15 24 16 48 38 67 36 1
16 89 96 74 83 55 20 2
17 7 11 1 6 91 66 2
18 98 88 6 11 16 76 1
19 91 85 51 52 90 62 1
20 42 40 55 47 40 19 2
21 41 47 11 5 32 17 1
22 23 27 73 78 96 86 1
23 70 70 42 44 8 15 2
24 68 64 85 82 29 92 1
25 32 23 45 46 73 14 2
26 14 13 42 48 40 3 2
27 24 19 63 57 41 87 1
28 46 45 61 67 91 56 2
29 97 90 66 61 54 91 2
30 19 9 43 39 89 3 2
31 66 59 49 45 25 88 2
32 16 19 58 49 96 38 1
33 88 80 64 71 76 59 2
34 103 99 102 98 28 78 2
35 55 56 94 91 37 91 1
36 44 35 14 10 44 44 2
37 53 52 10 18 91 87 2
38 36 43 83 86 89 3 2
39 1 10 68 68 65 72 2
