2 40
1064 1072 
0 94 36 71 54 56 12 2
1 27 60 43 95 22 81 2
2 32 86 41 57 77 6 2
3 96 95 81 42 22 23 2
4 46 92 22 43 71 67 1
5 97 26 98 72 72 41 1
6 14 77 62 4 56 74 1
7 80 52 20 90 59 75 2
8 39 65 91 32 36 96 2
9 31 98 91 53 31 76 1
10 11 20 4 58 9 32 1
11 15 47 88 58 68 79 2
12 3 68 64 11 12 35 2
13 22 40 63 79 87 42 1
14 99 21 72 47 83 22 1
15 68 41 21 63 100 40 2
16 86 73 31 60 56 86 1
17 22 84 59 79 56 37 1
18 99 53 35 76 50 60 2
19 86 38 74 5 58 80 2
20 86 17 82 24 31 55 2
21 27 16 88 74 60 12 2
22 100 56 53 7 59 81 1
23 20 63 13 45 44 94 1
24 1 37 46 63 54 93 1
25 71 40 43 55 44 55 2
26 12 50 41 93 64 7 2
27 12 44 72 74 69 92 1
28 38 82 51 4 95 84 2
29 13 39 29 10 66 79 2
30 9 90 82 20 1 31 2
31 84 68 9 46 50 95 2
32 76 52 5 82 40 60 1
33 39 69 84 60 29 36 1
34 88 40 44 39 23 70 1
35 29 73 98 8 62 26 1
36 1 12 38 95 100 76 1
37 87 17 48 83 30 95 2
38 23 64 67 99 73 100 1
39 68 27 32 85 87 24 2
