2 40
938 1016 
0 89 95 66 13 55 49 1
1 2 91 10 26 52 43 2
2 95 89 96 68 92 5 2
3 7 94 84 49 47 1 2
4 53 67 21 18 94 63 1
5 92 33 1 87 30 43 1
6 25 48 73 75 25 59 2
7 7 99 39 37 97 1 1
8 6 28 58 95 59 7 1
9 34 13 2 68 33 28 1
10 50 15 43 61 15 24 1
11 82 86 55 97 47 6 2
12 50 11 11 62 53 51 1
13 13 43 62 82 69 43 2
14 90 48 63 82 87 78 1
15 63 32 16 46 6 93 2
16 57 60 10 47 87 69 2
17 25 83 62 78 65 61 1
18 10 20 46 43 70 22 1
19 81 9 69 76 72 5 2
20 37 100 33 7 48 44 2
21 42 7 3 73 72 49 1
22 95 19 48 70 20 100 2
23 83 70 76 52 72 79 2
24 32 4 77 22 42 68 2
25 38 59 10 74 74 40 1
26 79 89 100 32 32 11 1
27 23 51 83 81 78 67 1
28 97 5 10 27 37 57 2
29 88 50 96 21 32 87 1
30 76 1 41 31 76 25 2
31 99 39 32 25 43 5 1
32 23 79 52 9 36 29 1
33 30 88 67 79 19 29 1
34 63 27 11 26 89 6 2
35 24 8 93 43 81 91 1
36 56 27 93 2 48 24 1
37 70 48 31 14 65 16 1
38 10 11 62 46 77 91 1
39 63 30 27 88 59 30 1
