2 40
832 994 
0 75 21 52 39 43 36 2
1 52 37 60 72 2 70 1
2 77 7 86 78 37 51 2
3 85 92 70 47 70 34 2
4 63 73 31 24 87 48 1
5 66 31 75 85 88 52 1
6 23 42 71 69 70 5 1
7 53 45 93 83 59 20 2
8 88 54 40 21 86 4 1
9 76 11 44 66 6 85 1
10 96 45 89 91 87 31 2
11 8 52 73 55 92 83 2
12 8 25 69 76 99 77 2
13 43 73 92 12 79 40 1
14 8 26 73 60 2 64 1
15 61 50 14 64 19 18 1
16 63 22 16 9 20 82 1
17 79 13 16 8 1 10 1
18 64 46 100 69 81 19 1
19 11 35 99 2 60 75 1
20 51 74 47 81 27 96 2
21 8 57 69 15 40 13 1
22 1 1 46 52 58 62 1
23 21 56 14 30 82 82 1
24 54 30 99 48 42 96 1
25 64 93 28 8 42 71 2
26 73 35 2 78 95 7 2
27 57 5 25 43 50 71 2
28 55 7 68 29 42 1 1
29 38 60 46 31 34 89 2
30 2 87 67 17 95 30 1
31 77 9 10 87 36 36 2
32 93 57 22 87 87 10 1
33 60 42 5 25 84 81 2
34 37 25 93 24 57 22 2
35 74 86 35 21 25 58 1
36 26 5 63 88 23 84 1
37 52 82 5 48 79 26 2
38 16 49 60 92 83 29 2
39 5 4 69 54 8 88 1
