2 40
1123 924 
0 100 90 18 8 47 13 1
1 90 80 67 57 70 75 2
2 64 54 99 89 21 89 2
3 55 45 63 53 39 70 1
4 22 12 93 83 10 89 2
5 104 94 105 95 87 94 2
6 107 97 54 44 47 80 1
7 40 30 17 7 26 81 1
8 44 34 95 85 67 56 2
9 58 48 34 24 35 54 1
10 86 76 40 30 99 58 2
11 93 83 102 92 100 20 2
12 37 27 64 54 6 14 1
13 98 88 46 36 15 7 1
14 60 50 98 88 54 70 1
15 12 2 52 42 10 75 2
16 45 35 12 2 92 19 2
17 59 49 11 1 63 99 2
18 90 80 45 35 23 57 2
19 91 81 59 49 26 14 2
20 108 98 46 36 65 67 2
21 47 37 40 30 9 69 2
22 15 5 26 16 98 56 1
23 27 17 100 90 99 56 2
24 60 50 103 93 9 54 2
25 63 53 24 14 13 87 1
26 68 58 15 5 77 54 2
27 94 84 43 33 31 24 1
28 101 91 35 25 44 17 2
29 39 29 12 2 69 78 1
30 65 55 87 77 13 13 1
31 40 30 93 83 42 29 2
32 13 3 100 90 38 5 2
33 30 20 75 65 33 53 2
34 96 86 91 81 80 51 2
35 74 64 11 1 47 93 2
36 89 79 12 2 71 46 1
37 91 81 27 17 79 82 2
38 98 88 65 55 25 25 2
39 74 64 70 60 37 53 2
