2 40
937 1280 
0 89 79 107 97 27 61 1
1 15 5 100 90 64 86 1
2 33 23 68 58 75 86 2
3 80 70 88 78 39 85 2
4 91 81 70 60 3 46 2
5 77 67 78 68 49 19 2
6 104 94 59 49 56 32 1
7 65 55 50 40 21 81 1
8 57 47 108 98 83 93 1
9 31 21 99 89 27 54 2
10 83 73 37 27 33 58 1
11 50 40 59 49 91 63 1
12 78 68 105 95 24 45 2
13 91 81 39 29 9 46 2
14 21 11 59 49 33 4 1
15 93 83 25 15 96 70 1
16 30 20 105 95 35 55 2
17 28 18 80 70 23 28 2
18 87 77 42 32 23 2 2
19 104 94 64 54 26 65 1
20 53 43 91 81 71 91 2
21 16 6 109 99 40 35 2
22 52 42 63 53 37 54 1
23 16 6 81 71 90 68 1
24 81 71 24 14 25 95 1
25 100 90 61 51 10 80 1
26 13 3 52 42 25 100 2
27 43 33 84 74 81 56 1
28 18 8 52 42 11 14 2
29 12 2 85 75 63 53 2
30 46 36 68 58 34 99 2
31 49 39 94 84 37 75 1
32 102 92 89 79 26 90 2
33 39 29 92 82 9 36 2
34 45 35 32 22 27 59 2
35 55 45 92 82 81 35 2
36 70 60 93 83 9 6 1
37 64 54 100 90 83 90 2
38 75 65 50 40 53 67 2
39 19 9 107 97 44 98 1
