2 40
930 1042 
0 1 2 14 20 100 52 1
1 19 22 74 65 36 13 2
2 71 72 35 43 87 71 1
3 104 97 42 44 43 40 1
4 26 22 72 73 42 43 2
5 51 52 98 98 10 57 2
6 39 39 68 66 67 45 1
7 70 62 108 100 68 66 1
8 37 39 1 6 6 50 1
9 38 40 94 87 37 72 1
10 41 50 90 96 11 96 2
11 9 17 36 28 21 89 1
12 26 26 83 77 37 47 2
13 85 94 27 33 31 87 2
14 9 19 47 53 87 78 1
15 71 79 1 1 5 97 1
16 21 31 27 18 71 54 2
17 33 30 25 25 93 23 2
18 48 51 69 66 28 41 1
19 50 44 10 11 31 56 2
20 37 27 29 34 40 77 2
21 14 14 71 80 23 85 1
22 25 18 75 69 39 58 2
23 5 13 77 87 90 19 2
24 34 27 51 45 51 68 2
25 93 94 19 9 16 55 1
26 36 36 72 71 94 54 2
27 44 50 75 80 93 13 1
28 95 100 31 22 51 17 2
29 51 49 20 20 55 56 2
30 50 56 87 78 45 15 1
31 87 86 62 72 3 20 2
32 58 50 79 80 42 21 1
33 9 7 93 98 84 85 1
34 10 2 1 1 45 60 1
35 100 95 39 30 84 15 2
36 77 70 55 53 93 42 2
37 26 19 83 85 63 4 1
38 58 66 18 9 3 32 2
39 83 93 51 51 51 91 2
