2 40
404 440 
0 100 91 11 9 31 97 2
1 95 99 34 34 79 37 2
2 33 41 10 12 58 32 2
3 85 94 52 49 58 75 1
4 42 35 96 86 21 29 1
5 45 41 100 95 46 84 1
6 84 80 5 7 55 16 1
7 31 23 69 69 14 78 2
8 14 24 99 99 95 6 2
9 22 29 94 84 20 19 1
10 89 95 46 41 33 41 2
11 47 54 61 65 98 73 2
12 51 55 100 98 79 46 1
13 33 31 70 78 93 62 1
14 42 36 80 70 100 4 1
15 51 52 75 74 41 71 2
16 22 20 15 7 97 52 1
17 74 71 66 66 71 82 2
18 32 32 61 55 4 78 1
19 27 21 95 96 64 35 2
20 88 96 1 3 68 69 1
21 41 31 98 97 76 11 2
22 81 91 52 42 21 48 1
23 36 34 8 16 31 35 2
24 16 8 28 34 25 54 1
25 102 99 23 22 91 19 1
26 1 5 33 40 79 74 1
27 22 27 69 65 56 94 2
28 71 65 86 87 32 44 1
29 18 10 87 81 88 78 2
30 82 73 6 3 34 28 1
31 79 83 75 69 62 92 2
32 66 67 95 97 67 66 1
33 88 88 64 71 43 11 2
34 10 3 1 2 71 66 1
35 14 12 32 39 39 46 1
36 100 99 70 74 89 94 2
37 11 20 81 86 26 81 1
38 37 35 76 70 53 23 2
39 40 50 8 8 35 99 1
