2 40
948 1146 
0 28 58 13 76 57 45 2
1 77 14 85 49 92 6 1
2 86 48 95 19 44 88 1
3 46 93 23 48 43 34 2
4 8 66 76 17 19 79 1
5 75 32 84 86 54 87 2
6 20 95 76 22 68 13 2
7 26 22 66 60 10 41 1
8 93 87 53 62 66 84 1
9 5 12 73 67 1 74 1
10 73 30 66 76 78 16 1
11 45 65 18 76 30 89 1
12 29 18 90 69 38 73 1
13 32 58 73 97 73 31 2
14 45 87 18 21 100 46 1
15 66 87 11 9 27 97 2
16 60 95 13 82 11 53 1
17 52 2 89 89 98 90 1
18 37 83 73 6 62 23 1
19 96 68 84 43 24 78 1
20 44 87 40 94 54 48 1
21 29 82 82 48 100 67 2
22 98 10 51 61 16 60 2
23 6 13 99 95 57 97 2
24 43 67 88 85 25 54 2
25 1 22 73 37 23 84 2
26 22 12 51 55 93 16 2
27 94 74 54 12 75 94 2
28 80 52 85 82 74 75 2
29 63 9 71 80 7 45 1
30 39 48 4 78 92 52 2
31 42 74 67 60 30 19 1
32 58 18 87 48 50 2 2
33 41 15 86 6 88 39 2
34 50 22 6 29 73 53 2
35 95 47 64 82 68 32 2
36 91 62 28 45 41 25 1
37 65 15 18 81 92 65 1
38 13 34 57 69 29 72 1
39 34 13 98 71 6 60 1
