2 40
443 452 
0 91 77 68 95 39 44 2
1 60 21 76 64 53 46 1
2 77 83 78 54 14 78 2
3 93 96 70 43 40 27 2
4 47 17 23 68 29 85 1
5 94 19 3 65 25 40 2
6 3 98 51 25 19 22 2
7 61 97 1 35 24 73 2
8 72 2 24 77 19 29 1
9 20 83 80 38 25 20 1
10 80 25 65 63 12 49 1
11 48 100 21 11 54 2 2
12 64 17 25 68 32 6 2
13 31 37 72 76 88 73 1
14 16 94 81 20 62 1 2
15 73 58 26 80 96 51 2
16 15 86 60 73 89 44 1
17 11 85 48 80 38 24 2
18 88 78 24 1 99 96 2
19 83 59 79 26 25 67 1
20 35 34 31 41 22 97 1
21 20 17 73 83 35 66 2
22 5 93 58 44 24 29 1
23 57 56 50 38 100 75 2
24 70 78 15 96 45 96 2
25 4 21 76 36 20 29 2
26 53 19 74 54 23 33 1
27 1 37 61 67 46 3 1
28 79 67 92 89 72 48 2
29 46 20 54 99 74 14 2
30 50 79 15 9 18 79 1
31 69 89 94 75 62 43 1
32 29 17 58 47 26 59 2
33 48 50 93 41 31 57 2
34 13 53 69 52 1 21 2
35 34 38 3 73 7 44 2
36 46 97 83 80 55 48 1
37 4 78 57 44 20 43 1
38 36 17 80 52 82 68 2
39 73 24 37 82 25 28 2
