2 40
1128 982 
0 33 99 10 17 92 83 1
1 2 83 18 18 51 31 1
2 31 45 32 16 29 57 2
3 43 94 20 49 29 12 1
4 9 99 77 42 39 83 2
5 80 25 89 71 35 74 2
6 9 24 57 51 18 5 1
7 7 67 47 13 38 21 2
8 26 32 86 99 26 86 2
9 2 97 62 52 56 77 1
10 34 35 27 73 85 66 2
11 78 26 51 37 33 7 2
12 82 75 43 18 77 19 2
13 41 55 82 94 53 72 1
14 62 60 27 86 65 9 1
15 71 4 16 26 94 23 1
16 89 8 42 87 39 86 1
17 49 95 86 90 13 63 1
18 26 16 62 31 73 64 2
19 1 97 89 64 46 77 1
20 93 4 89 11 70 80 2
21 14 83 75 49 91 96 2
22 3 47 56 98 55 6 2
23 43 6 36 88 51 100 2
24 12 100 57 18 53 8 2
25 34 11 6 26 15 16 2
26 63 73 92 16 54 57 2
27 75 67 43 5 42 2 1
28 13 37 26 59 39 95 2
29 88 90 4 61 66 4 2
30 72 37 45 59 32 74 1
31 27 95 52 81 30 78 2
32 11 91 40 21 68 34 2
33 58 96 95 79 61 31 2
34 75 43 31 42 11 89 2
35 100 12 69 47 58 17 2
36 36 55 73 30 95 4 2
37 74 76 35 50 28 93 1
38 26 87 70 22 95 89 1
39 39 10 3 68 73 41 1
