2 40
453 417 
0 41 31 59 49 32 80 1
1 87 77 72 62 10 41 1
2 25 15 68 58 81 6 1
3 80 70 96 86 75 53 1
4 19 9 90 80 46 42 1
5 41 31 50 40 41 61 1
6 108 98 55 45 44 97 1
7 37 27 14 4 32 61 2
8 69 59 20 10 67 35 1
9 59 49 35 25 56 3 2
10 79 69 33 23 45 67 2
11 98 88 99 89 20 4 2
12 66 56 93 83 22 85 1
13 87 77 35 25 49 67 2
14 105 95 43 33 3 75 1
15 93 83 33 23 45 21 1
16 82 72 49 39 20 86 1
17 84 74 44 34 75 24 2
18 83 73 30 20 7 39 2
19 80 70 48 38 7 61 2
20 13 3 51 41 69 84 2
21 108 98 101 91 30 86 2
22 76 66 87 77 48 67 2
23 60 50 33 23 72 52 2
24 109 99 60 50 37 13 1
25 24 14 85 75 20 48 2
26 65 55 12 2 98 66 1
27 103 93 44 34 67 32 2
28 74 64 108 98 24 72 2
29 48 38 21 11 8 14 2
30 82 72 104 94 95 18 1
31 45 35 98 88 55 3 1
32 26 16 13 3 17 7 2
33 59 49 104 94 28 76 2
34 97 87 92 82 81 7 1
35 63 53 100 90 14 48 2
36 22 12 37 27 68 36 2
37 72 62 108 98 25 3 2
38 19 9 94 84 97 8 1
39 79 69 67 57 87 70 2
