2 40
455 357 
0 15 5 33 23 17 34 1
1 101 91 86 76 11 24 1
2 79 69 22 12 73 35 1
3 30 20 46 36 11 52 2
4 109 99 80 70 38 44 2
5 59 49 68 58 41 76 2
6 102 92 57 47 96 63 1
7 51 41 28 18 60 69 2
8 63 53 14 4 88 62 1
9 49 39 17 7 58 49 2
10 81 71 35 25 38 87 2
11 24 14 33 23 94 79 1
12 72 62 99 89 66 60 1
13 89 79 37 27 68 37 2
14 67 57 105 95 42 90 2
15 39 29 79 69 60 31 1
16 56 46 31 21 26 45 2
17 110 100 62 52 34 29 2
18 85 75 32 22 87 80 2
19 46 36 106 96 67 96 2
20 83 73 21 11 18 57 2
21 62 52 55 45 60 69 1
22 110 100 21 11 99 63 1
23 42 32 107 97 12 94 2
24 95 85 46 36 72 79 2
25 66 56 19 9 9 40 2
26 35 25 82 72 40 69 2
27 73 63 14 4 98 80 2
28 96 86 30 20 100 17 2
29 30 20 103 93 76 55 1
30 64 54 86 76 38 21 2
31 47 37 100 90 68 50 1
32 64 54 51 41 86 30 1
33 45 35 98 88 10 8 2
34 67 57 62 52 78 1 2
35 109 99 46 36 75 73 2
36 96 86 19 9 2 35 1
37 18 8 54 44 25 63 2
38 101 91 68 58 35 93 2
39 49 39 37 27 90 96 1
