2 40
411 341 
0 30 20 48 38 65 50 1
1 20 10 97 87 65 73 2
2 102 92 37 27 99 11 1
3 13 3 21 11 25 94 1
4 88 78 59 49 10 79 1
5 14 4 23 13 93 59 2
6 105 95 52 42 74 20 1
7 62 52 39 29 79 49 1
8 82 72 33 23 18 25 1
9 32 22 100 90 86 74 2
10 76 66 30 20 87 97 2
11 55 45 64 54 85 53 1
12 99 89 26 16 93 28 1
13 80 70 28 18 54 35 1
14 74 64 12 2 48 16 1
15 74 64 106 96 74 31 1
16 75 65 42 32 19 45 2
17 61 51 13 3 67 78 1
18 72 62 27 17 3 42 2
19 93 83 61 51 49 95 2
20 58 48 96 86 29 60 1
21 85 75 70 60 3 4 2
22 13 3 24 14 87 10 2
23 49 39 14 4 12 59 1
24 30 20 81 71 3 69 1
25 61 51 22 12 11 100 2
26 110 100 49 39 62 67 2
27 52 42 93 83 60 25 2
28 91 81 25 15 99 64 1
29 29 19 94 84 31 53 1
30 63 53 77 67 63 99 2
31 54 44 99 89 15 13 2
32 15 5 102 92 47 77 2
33 68 58 21 11 13 10 2
34 38 28 33 23 39 59 2
35 52 42 89 79 9 7 2
36 103 93 26 16 5 20 1
37 53 43 89 79 13 78 2
38 104 94 71 61 87 56 1
39 24 14 12 2 75 96 2
