2 40
1043 1044 
0 63 53 81 71 86 24 1
1 29 19 14 4 23 98 2
2 87 77 22 12 42 48 1
3 30 20 38 28 94 70 1
4 81 71 52 42 40 42 2
5 95 85 96 86 41 43 1
6 106 96 53 43 73 70 1
7 79 69 64 54 90 31 2
8 51 41 94 84 88 91 2
9 21 11 89 79 32 69 1
10 85 75 39 29 100 4 1
11 76 66 85 75 73 43 1
12 84 74 11 1 46 53 2
13 93 83 41 31 45 83 1
14 75 65 21 11 95 93 2
15 39 29 79 69 49 51 1
16 104 94 79 69 37 94 1
17 46 36 98 88 49 70 1
18 89 79 44 34 48 55 2
19 62 52 30 20 22 32 1
20 23 13 61 51 1 14 2
21 70 60 63 53 85 58 2
22 94 84 105 95 80 7 1
23 90 80 63 53 98 27 2
24 67 57 110 100 47 2 2
25 42 32 103 93 60 27 2
26 83 73 30 20 78 84 2
27 13 3 54 44 5 38 1
28 40 30 74 64 38 71 2
29 94 84 67 57 92 30 2
30 28 18 50 40 51 13 1
31 43 33 96 86 24 95 2
32 40 30 27 17 14 79 1
33 33 23 78 68 45 60 1
34 15 5 110 100 69 16 2
35 101 91 38 28 5 21 1
36 52 42 67 57 85 2 1
37 18 8 54 44 93 37 2
38 57 47 24 14 47 3 2
39 89 79 85 75 24 44 2
