2 40
383 363 
0 104 94 22 12 13 92 1
1 34 24 11 1 83 45 1
2 48 38 91 81 39 61 2
3 63 53 71 61 33 43 1
4 78 68 49 39 31 76 1
5 32 22 41 31 57 34 1
6 107 97 54 44 65 45 1
7 76 66 53 43 98 40 1
8 76 66 27 17 26 7 1
9 14 4 90 80 1 96 1
10 78 68 32 22 74 6 1
11 81 71 90 80 70 27 2
12 105 95 32 22 99 10 2
13 82 72 30 20 79 70 1
14 28 18 66 56 74 9 1
15 20 10 52 42 51 81 2
16 49 39 16 6 65 99 1
17 79 69 31 21 22 47 2
18 74 64 29 19 51 45 2
19 51 41 19 9 15 29 1
20 28 18 66 56 21 56 1
21 31 21 24 14 63 60 1
22 55 45 66 56 65 23 2
23 23 13 96 86 31 48 2
24 16 6 67 57 19 17 2
25 103 93 64 54 77 97 1
26 80 70 27 17 86 22 2
27 14 4 63 53 13 79 1
28 13 3 47 37 31 40 2
29 11 1 76 66 58 45 1
30 37 27 59 49 16 18 2
31 48 38 101 91 43 84 1
32 53 43 40 30 92 42 1
33 62 52 107 97 6 78 1
34 16 6 103 93 75 26 1
35 98 88 35 25 23 17 1
36 77 67 100 90 62 63 1
37 99 89 35 25 92 70 1
38 78 68 53 43 72 56 1
39 94 84 82 72 40 70 1
