2 40
436 387 
0 73 65 84 83 66 39 2
1 54 53 80 88 51 90 1
2 32 31 1 2 16 89 1
3 96 96 47 43 55 62 2
4 34 29 80 80 82 10 1
5 49 51 96 97 10 74 1
6 76 86 18 13 42 84 1
7 79 85 17 23 69 23 1
8 96 98 81 73 67 71 1
9 36 31 87 86 75 40 1
10 64 65 13 11 34 26 1
11 91 96 1 7 53 86 1
12 30 33 87 84 24 37 2
13 1 1 50 48 68 22 2
14 49 58 87 92 34 47 1
15 31 34 47 56 71 20 1
16 66 58 51 45 14 59 2
17 51 41 43 36 46 99 2
18 19 14 19 29 56 91 2
19 9 3 69 70 52 9 1
20 19 22 32 29 15 56 2
21 95 89 65 55 46 32 1
22 6 9 56 60 45 72 2
23 53 48 25 30 62 63 2
24 100 90 17 8 84 39 2
25 75 65 80 80 37 42 2
26 66 59 102 94 53 3 1
27 69 73 16 11 20 56 1
28 52 55 80 77 99 6 2
29 97 100 66 71 6 11 2
30 94 95 18 25 41 92 2
31 29 21 12 7 64 44 1
32 87 89 29 19 8 53 1
33 38 34 27 17 56 80 2
34 1 5 3 4 19 5 2
35 24 34 63 69 89 62 1
36 18 13 96 96 18 5 2
37 78 86 56 52 12 41 2
38 80 89 40 32 57 36 1
39 66 76 34 34 84 76 2
