2 40
1011 1062 
0 85 75 103 93 72 36 1
1 71 61 56 46 82 52 1
2 41 31 76 66 9 11 2
3 72 62 88 78 83 69 2
4 43 33 14 4 70 91 1
5 41 31 50 40 24 95 2
6 104 94 59 49 54 53 1
7 29 19 106 96 84 28 2
8 25 15 76 66 59 31 1
9 75 65 43 33 50 81 2
10 99 89 45 35 4 25 2
11 62 52 71 61 18 47 2
12 102 92 37 27 34 54 1
13 107 97 55 45 40 65 1
14 53 43 91 81 84 85 2
15 85 75 25 15 32 99 2
16 34 24 101 91 86 32 1
17 100 90 60 50 85 67 2
18 103 93 58 48 77 72 2
19 44 34 104 94 97 58 1
20 33 23 71 61 17 78 1
21 32 22 25 15 73 71 1
22 20 10 31 21 89 56 1
23 20 10 93 83 39 21 2
24 17 7 68 58 94 78 1
25 68 58 21 11 16 89 1
26 101 91 48 38 31 34 1
27 23 13 64 54 22 61 2
28 14 4 40 30 27 75 1
29 40 30 13 3 11 82 1
30 74 64 88 78 48 54 2
31 41 31 86 76 99 10 1
32 62 52 49 39 92 33 2
33 107 97 60 50 8 64 1
34 25 15 20 10 81 31 1
35 39 29 76 66 14 76 2
36 82 72 105 95 83 10 1
37 56 46 92 82 35 35 1
38 95 85 62 52 97 55 2
39 99 89 95 85 42 40 1
