2 40
483 402 
0 78 68 96 86 89 93 1
1 48 38 25 15 62 68 1
2 102 92 45 35 21 6 2
3 105 95 21 11 40 98 2
4 60 50 39 29 73 81 2
5 50 40 59 49 50 28 2
6 109 99 56 46 18 35 2
7 90 80 75 65 48 7 1
8 70 60 13 3 30 66 1
9 104 94 72 62 61 47 1
10 80 70 34 24 95 27 1
11 107 97 16 6 84 57 1
12 19 9 46 36 6 70 1
13 84 74 32 22 62 39 2
14 82 72 28 18 22 99 2
15 66 56 106 96 86 7 2
16 23 13 90 80 75 74 2
17 97 87 49 39 39 2 1
18 84 74 31 21 12 22 2
19 17 7 77 67 20 57 1
20 98 88 36 26 92 42 1
21 85 75 78 68 72 41 1
22 89 79 100 90 61 28 2
23 97 87 70 60 90 44 2
24 102 92 53 43 38 80 2
25 45 35 106 96 84 90 2
26 50 40 97 87 52 70 2
27 84 74 33 23 64 20 2
28 35 25 69 59 83 70 2
29 93 83 58 48 41 43 1
30 19 9 41 31 20 90 1
31 50 40 95 85 72 14 1
32 91 81 78 68 2 10 1
33 56 46 101 91 40 96 1
34 86 76 81 71 11 11 2
35 36 26 73 63 75 43 2
36 59 49 74 64 89 75 2
37 45 35 81 71 80 97 2
38 60 50 27 17 22 49 1
39 64 54 52 42 71 40 1
