2 40
987 976 
0 74 64 92 82 58 79 1
1 104 94 81 71 28 47 2
2 110 100 53 43 33 26 1
3 97 87 13 3 24 2 1
4 12 2 83 73 79 35 2
5 22 12 23 13 22 92 2
6 109 99 56 46 32 60 2
7 54 44 39 29 12 77 2
8 38 28 89 79 56 34 1
9 48 38 16 6 39 6 1
10 96 86 42 32 93 32 1
11 19 9 28 18 6 100 1
12 43 33 70 60 72 75 2
13 100 90 48 38 37 52 1
14 14 4 52 42 67 46 2
15 58 48 98 88 7 40 1
16 19 9 86 76 43 27 2
17 77 67 29 19 91 39 2
18 100 90 47 37 47 80 1
19 49 39 17 7 4 51 1
20 78 68 16 6 67 77 2
21 101 91 94 84 70 34 1
22 57 47 68 58 21 37 2
23 109 99 74 64 94 90 2
24 46 36 89 79 66 73 2
25 105 95 66 56 24 94 2
26 46 36 85 75 94 33 2
27 64 54 13 3 89 85 2
28 23 13 57 47 25 34 1
29 21 11 94 84 86 39 2
30 47 37 69 59 55 5 1
31 42 32 95 85 34 64 1
32 51 41 38 28 14 85 1
33 24 14 69 59 40 30 2
34 74 64 61 51 58 17 1
35 20 10 57 47 44 71 2
36 71 61 86 76 61 73 1
37 37 27 73 63 41 76 2
38 72 62 47 37 55 47 2
39 44 34 40 30 68 6 1
