2 40
1168 1076 
0 61 47 38 65 23 55 1
1 2 83 10 26 70 68 1
2 59 17 68 88 3 83 1
3 71 98 48 45 26 27 2
4 81 79 49 30 84 17 2
5 40 29 41 83 60 5 1
6 13 36 69 63 77 36 2
7 7 83 39 21 99 3 1
8 70 80 22 47 43 63 2
9 18 9 78 56 9 4 1
10 42 75 35 13 70 35 2
11 34 10 99 21 54 48 2
12 66 39 27 90 73 26 2
13 73 95 22 42 98 68 1
14 26 4 91 30 70 63 1
15 67 68 12 82 58 10 2
16 77 84 22 71 87 22 1
17 41 43 78 38 7 16 1
18 18 72 54 87 69 16 1
19 41 53 29 20 81 92 1
20 65 56 61 63 34 11 2
21 74 99 35 65 23 89 1
22 99 83 52 34 81 84 1
23 67 42 52 16 16 75 1
24 68 56 21 74 85 65 2
25 90 35 54 50 55 2 2
26 67 81 96 24 1 75 2
27 99 59 67 97 55 100 1
28 5 17 18 39 19 49 1
29 88 70 96 41 96 74 1
30 28 65 93 95 22 29 2
31 63 71 88 57 93 3 1
32 63 35 100 65 65 93 1
33 90 96 35 79 76 64 2
34 19 31 75 30 19 82 2
35 16 64 77 91 49 62 2
36 96 91 33 66 36 20 1
37 26 16 79 82 95 17 1
38 14 95 66 38 99 16 2
39 47 70 11 28 30 34 2
