2 40
448 388 
0 22 28 41 46 38 16 2
1 68 76 7 11 91 98 1
2 85 82 49 53 48 99 2
3 101 95 52 42 100 57 2
4 42 36 88 79 93 52 1
5 47 42 102 96 76 63 2
6 26 33 55 60 42 69 2
7 9 8 47 46 69 47 1
8 55 65 40 32 34 70 2
9 29 30 80 85 23 29 2
10 87 80 36 26 57 35 2
11 73 75 79 86 8 69 2
12 55 48 83 91 90 67 1
13 10 16 60 63 54 37 1
14 102 97 40 31 12 29 2
15 91 97 15 19 13 57 2
16 98 93 62 72 44 19 2
17 56 60 40 47 56 44 2
18 61 69 90 92 61 16 2
19 68 62 36 37 88 30 2
20 14 9 6 16 99 31 1
21 68 64 17 22 87 96 1
22 108 100 50 51 3 29 1
23 101 91 81 73 9 7 1
24 45 53 62 71 91 74 2
25 28 36 41 51 31 28 2
26 75 82 24 17 16 80 1
27 10 4 28 34 8 80 2
28 1 10 37 32 11 73 1
29 51 59 20 30 35 70 1
30 38 34 62 64 80 72 1
31 58 56 33 34 48 88 2
32 37 28 66 58 77 67 1
33 59 61 35 44 79 22 2
34 103 100 10 7 100 44 1
35 69 73 100 100 22 18 1
36 59 56 29 31 55 84 1
37 59 53 29 19 93 64 1
38 2 12 62 55 90 65 1
39 57 67 17 17 40 54 2
