2 50
464 555 
0 61 51 79 69 62 98 1
1 99 89 84 74 54 26 1
2 89 79 32 22 73 11 1
3 32 22 40 30 88 18 2
4 31 21 102 92 52 7 2
5 49 39 58 48 31 88 1
6 104 94 59 49 19 95 1
7 13 3 90 80 82 81 2
8 49 39 92 82 72 68 2
9 31 21 107 97 74 28 2
10 55 45 109 99 18 40 1
11 34 24 43 33 55 40 1
12 78 68 105 95 28 75 1
13 87 77 43 33 28 56 1
14 21 11 59 49 28 85 2
15 53 43 85 75 63 61 1
16 26 16 93 83 47 23 1
17 72 62 24 14 26 11 1
18 99 89 46 36 95 65 1
19 76 66 44 34 2 24 1
20 21 11 67 57 69 9 1
21 20 10 105 95 93 95 2
22 104 94 15 5 21 42 2
23 52 42 25 15 82 61 2
24 57 47 108 98 25 52 2
25 36 26 97 87 77 40 2
26 37 27 84 74 23 41 2
27 95 85 36 26 81 76 1
28 50 40 84 74 34 84 2
29 16 6 89 79 60 50 2
30 34 24 48 38 21 94 1
31 101 91 46 36 47 81 2
32 106 96 93 83 65 75 2
33 15 5 68 58 45 4 2
34 53 43 40 30 35 99 2
35 11 1 48 38 68 81 1
36 46 36 61 51 75 43 2
37 68 58 104 94 5 45 2
38 75 65 50 40 50 13 2
39 95 85 83 73 47 63 1
40 50 40 57 47 79 24 2
41 15 5 11 1 19 52 2
42 73 63 39 29 53 2 1
43 60 50 13 3 58 50 2
44 21 11 80 70 46 59 2
45 33 23 86 76 80 38 2
46 92 82 66 56 72 10 2
47 73 63 66 56 45 33 2
48 66 56 84 74 58 1 2
49 86 76 31 21 67 75 2
