2 50
495 526 
0 35 25 53 43 5 87 1
1 13 3 98 88 12 77 1
2 43 33 78 68 44 26 2
3 82 72 90 80 46 43 1
4 13 3 92 82 46 26 2
5 67 57 76 66 29 86 2
6 106 96 61 51 86 45 1
7 27 17 104 94 78 42 1
8 35 25 86 76 94 41 2
9 21 11 89 79 99 42 1
10 65 55 11 1 4 12 1
11 68 58 77 67 10 70 1
12 84 74 11 1 90 95 1
13 97 87 45 35 29 94 1
14 75 65 13 3 87 91 1
15 99 89 31 21 29 93 2
16 100 90 67 57 42 72 2
17 90 80 42 32 42 91 2
18 101 91 56 46 54 76 1
19 34 24 102 92 7 28 1
20 91 81 37 27 42 37 2
21 74 64 59 49 69 10 1
22 38 28 49 39 57 39 1
23 26 16 99 89 50 40 1
24 43 33 94 84 61 33 1
25 78 68 31 21 2 30 2
26 15 5 54 44 65 82 2
27 65 55 106 96 4 37 1
28 72 62 106 96 98 11 2
29 98 88 71 61 19 17 1
30 16 6 30 20 78 94 1
31 95 85 48 38 2 97 2
32 44 34 31 21 82 93 1
33 109 99 62 52 21 19 2
34 23 13 18 8 99 92 1
35 57 47 94 84 27 18 1
36 20 10 43 33 1 56 1
37 14 4 50 40 84 88 1
38 57 47 24 14 57 11 1
39 65 55 53 43 95 48 1
40 76 66 83 73 83 81 1
41 101 91 97 87 60 75 2
42 31 21 97 87 4 18 1
43 86 76 47 37 24 75 1
44 39 29 98 88 40 68 2
45 27 17 80 70 90 60 2
46 106 96 88 78 52 67 1
47 35 25 20 10 81 39 2
48 48 38 66 56 84 50 1
49 72 62 17 7 6 94 1
