2 50
1356 1274 
0 45 19 22 37 31 47 2
1 54 47 62 82 95 96 2
2 39 57 40 28 30 25 2
3 19 98 96 45 94 24 1
4 81 71 49 22 95 11 1
5 24 1 33 55 16 46 2
6 17 36 65 63 54 89 2
7 67 83 99 21 49 26 1
8 14 68 66 43 15 22 2
9 90 21 58 68 6 64 1
10 46 43 31 89 46 17 2
11 70 54 35 65 94 83 1
12 94 23 55 66 22 69 1
13 33 27 74 66 72 53 1
14 30 36 95 70 79 25 2
15 19 48 72 70 86 68 1
16 53 88 98 75 98 84 1
17 97 51 34 46 27 82 2
18 22 40 58 55 34 19 2
19 17 53 5 20 49 15 2
20 65 12 61 19 71 53 1
21 70 59 31 25 21 28 2
22 51 87 4 46 78 92 1
23 71 90 56 72 16 70 1
24 32 84 77 2 21 62 2
25 18 63 90 78 14 92 2
26 63 77 92 20 64 65 2
27 95 15 63 53 77 29 2
28 93 53 98 75 24 89 1
29 48 82 64 61 91 90 1
30 32 69 5 99 61 81 2
31 99 79 32 65 6 87 1
32 39 67 68 97 85 86 2
33 2 56 47 39 91 6 1
34 95 11 51 10 99 63 1
35 76 52 37 87 80 48 2
36 36 87 73 70 6 3 2
37 6 4 67 70 52 51 1
38 26 71 78 14 80 26 2
39 99 94 63 52 72 76 2
40 27 30 32 5 10 15 1
41 9 61 73 35 77 94 1
42 17 81 45 40 65 58 2
43 2 97 47 19 83 83 1
44 66 22 74 1 49 46 2
45 54 78 67 80 96 34 1
46 68 53 48 91 68 50 2
47 28 57 12 39 98 82 2
48 68 34 80 65 74 15 2
49 69 23 53 34 53 21 1
