2 50
475 529 
0 54 52 73 70 70 56 1
1 33 24 59 67 20 47 2
2 43 42 28 21 89 61 2
3 95 99 46 46 30 68 2
4 50 40 75 83 31 42 1
5 12 10 67 64 89 91 1
6 26 21 55 48 88 34 2
7 87 92 25 30 88 71 2
8 12 5 68 72 66 18 1
9 40 38 83 85 30 89 2
10 3 8 60 54 91 39 2
11 38 35 52 46 86 80 1
12 58 52 86 95 38 66 1
13 92 100 42 47 25 27 1
14 86 85 24 19 16 31 1
15 14 21 30 35 59 72 1
16 21 13 106 100 86 97 2
17 19 20 11 15 2 74 1
18 93 89 14 4 17 17 2
19 7 6 80 73 94 54 2
20 14 21 27 28 32 82 2
21 7 8 77 74 20 95 2
22 78 68 28 27 61 54 1
23 4 11 84 93 95 76 2
24 38 33 55 51 30 58 2
25 41 40 54 55 15 31 1
26 66 70 2 5 78 38 1
27 59 68 6 6 76 31 2
28 60 58 75 80 56 93 2
29 101 91 70 62 17 53 2
30 101 94 33 24 63 20 1
31 97 88 72 74 25 100 2
32 27 24 56 54 36 99 1
33 20 21 4 12 51 33 1
34 92 84 86 91 7 19 1
35 7 9 54 44 19 92 2
36 18 16 96 99 92 75 1
37 1 9 69 75 46 52 1
38 81 72 20 15 58 15 1
39 33 31 80 89 9 92 2
40 93 95 73 78 27 40 2
41 67 66 41 48 49 53 1
42 65 74 32 41 95 71 2
43 91 82 17 12 64 5 1
44 20 27 11 6 25 79 1
45 99 91 100 93 62 53 2
46 15 6 43 36 22 28 1
47 74 78 50 60 63 27 2
48 40 39 74 78 64 26 2
49 59 52 65 63 90 96 1
