2 50
544 441 
0 76 85 8 3 78 4 1
1 16 9 42 52 46 33 1
2 31 35 16 6 20 20 2
3 102 100 53 47 9 25 1
4 7 1 53 52 71 83 1
5 35 27 82 73 15 45 2
6 2 6 23 33 99 65 1
7 83 93 34 31 6 55 1
8 47 42 3 9 56 54 1
9 56 55 1 2 35 95 1
10 88 81 16 19 62 9 2
11 29 24 43 35 36 14 2
12 81 81 30 32 78 2 2
13 87 81 29 20 56 9 1
14 32 42 62 68 7 97 1
15 79 86 16 8 99 17 1
16 44 38 29 25 80 31 1
17 96 97 80 84 57 94 1
18 41 38 62 53 42 82 2
19 60 59 28 34 77 58 2
20 35 30 27 37 78 99 1
21 55 65 25 23 100 81 1
22 39 49 18 8 69 99 2
23 24 32 4 14 51 91 1
24 81 74 85 92 73 9 1
25 19 17 24 32 89 47 1
26 62 63 98 98 20 89 2
27 22 21 69 59 58 88 1
28 61 63 76 85 31 74 2
29 97 92 66 63 3 44 2
30 18 27 50 57 61 8 2
31 8 5 75 83 8 30 2
32 74 73 3 3 1 28 2
33 86 94 75 77 32 79 1
34 55 65 62 64 16 54 1
35 73 74 12 9 71 62 2
36 44 45 22 28 98 23 2
37 5 14 75 80 14 18 1
38 86 81 25 16 28 16 2
39 54 60 22 18 5 76 1
40 68 68 40 43 100 64 1
41 70 79 44 53 89 25 2
42 73 75 32 34 41 41 2
43 74 75 92 97 77 65 2
44 35 32 5 11 97 85 2
45 1 4 2 6 47 37 2
46 49 51 85 89 27 33 2
47 100 99 81 73 28 16 2
48 52 44 86 83 55 83 1
49 73 73 87 84 21 66 1
