2 50
1196 1622 
0 87 41 64 59 52 53 2
1 96 1 12 36 49 64 1
2 85 11 94 90 76 25 1
3 61 96 46 43 8 78 2
4 35 45 11 96 9 77 1
5 10 7 11 61 89 23 2
6 23 62 79 89 45 67 1
7 13 53 45 91 11 96 2
8 68 98 20 65 94 81 2
9 72 27 32 82 52 45 1
10 8 53 93 99 95 64 1
11 100 80 65 91 90 40 1
12 20 73 81 24 80 79 2
13 35 45 84 84 56 80 1
14 76 2 41 36 75 22 2
15 17 94 62 16 16 20 1
16 27 2 72 89 8 4 1
17 27 61 64 56 34 44 2
18 60 70 96 93 79 6 1
19 27 91 15 58 5 91 1
20 15 82 11 89 48 12 2
21 64 25 25 91 12 42 1
22 49 41 94 100 74 25 1
23 49 40 42 14 62 69 1
24 74 14 19 32 99 10 1
25 48 45 20 60 38 65 1
26 73 39 2 82 20 100 1
27 77 53 45 91 7 45 1
28 27 23 40 45 79 13 2
29 98 52 6 31 16 64 2
30 62 19 27 49 7 6 2
31 57 85 82 71 83 17 1
32 21 41 50 71 17 27 1
33 12 2 57 85 83 82 1
34 57 93 13 92 90 94 1
35 42 26 3 61 25 3 1
36 26 37 63 20 23 56 2
37 84 10 37 76 86 60 1
38 16 41 68 84 88 50 1
39 65 88 29 46 16 37 2
40 57 40 54 23 37 57 1
41 59 95 23 77 82 13 1
42 83 7 11 74 6 76 2
43 44 23 89 45 68 35 2
44 76 56 84 35 89 92 2
45 12 92 25 86 32 49 2
46 42 91 30 21 84 55 1
47 94 7 78 81 49 48 2
48 74 40 94 71 65 44 1
49 11 73 95 84 62 60 1
