2 50
1191 1204 
0 20 10 38 28 85 56 2
1 102 92 79 69 5 62 1
2 20 10 63 53 11 7 2
3 99 89 107 97 32 24 1
4 34 24 105 95 1 35 1
5 12 2 13 3 86 76 2
6 103 93 58 48 92 63 2
7 16 6 93 83 63 48 2
8 24 14 67 57 95 20 2
9 30 20 106 96 80 31 1
10 70 60 16 6 10 33 1
11 37 27 46 36 95 76 1
12 57 47 84 74 10 83 2
13 106 96 54 44 62 74 1
14 68 58 106 96 44 41 2
15 72 62 104 94 63 66 2
16 89 79 56 46 93 67 1
17 39 29 91 81 10 44 1
18 14 4 61 51 80 93 1
19 87 77 47 37 82 22 2
20 16 6 62 52 15 94 1
21 51 41 44 34 94 51 1
22 43 33 54 44 68 91 1
23 19 9 92 82 21 37 2
24 108 98 51 41 69 71 2
25 75 65 36 26 88 22 1
26 40 30 87 77 62 76 1
27 86 76 35 25 93 53 2
28 85 75 11 1 16 44 1
29 107 97 80 70 86 23 2
30 17 7 39 29 56 66 2
31 96 86 41 31 1 100 2
32 93 83 80 70 90 37 2
33 94 84 39 29 66 24 1
34 52 42 47 37 84 75 2
35 22 12 59 49 42 23 1
36 13 3 36 26 52 51 2
37 79 69 15 5 28 89 1
38 54 44 21 11 56 70 2
39 90 80 86 76 98 71 1
40 33 23 40 30 7 19 2
41 66 56 62 52 18 54 2
42 72 62 30 20 44 98 1
43 67 57 28 18 68 1 1
44 84 74 43 33 79 27 2
45 28 18 73 63 87 90 1
46 99 89 73 63 83 19 1
47 36 26 29 19 23 93 2
48 33 23 51 41 48 86 1
49 25 15 70 60 62 63 1
