2 50
485 458 
0 24 14 42 32 88 66 1
1 46 36 23 13 70 16 1
2 12 2 55 45 94 40 1
3 107 97 15 5 66 71 1
4 82 72 61 51 52 9 2
5 40 30 49 39 71 38 2
6 103 93 58 48 47 45 1
7 52 42 29 19 67 58 2
8 48 38 99 89 81 14 2
9 94 84 62 52 49 52 2
10 54 44 108 98 21 86 1
11 25 15 34 24 75 77 2
12 25 15 52 42 93 47 2
13 90 80 38 28 72 83 1
14 44 34 82 72 30 85 2
15 72 62 12 2 45 59 2
16 85 75 60 50 35 31 1
17 59 49 11 1 32 15 1
18 98 88 45 35 28 17 1
19 47 37 107 97 22 97 2
20 36 26 82 72 19 25 1
21 43 33 28 18 66 75 1
22 83 73 94 84 54 83 1
23 15 5 80 70 94 9 2
24 64 54 15 5 47 26 1
25 15 5 76 66 74 92 1
26 52 42 99 89 98 75 2
27 106 96 55 45 77 73 1
28 89 79 23 13 56 36 2
29 79 69 44 34 76 24 1
30 89 79 11 1 63 47 1
31 96 86 49 39 95 53 2
32 33 23 20 10 98 39 1
33 26 16 71 61 57 38 1
34 64 54 59 49 61 23 1
35 46 36 75 65 49 99 2
36 101 91 24 14 79 76 1
37 95 85 31 21 59 19 1
38 34 24 109 99 15 8 1
39 110 100 98 88 59 41 2
40 37 27 44 34 7 71 2
41 22 12 18 8 87 93 1
42 48 38 14 4 85 17 2
43 39 29 100 90 99 69 1
44 12 2 71 61 58 75 1
45 36 26 81 71 66 53 1
46 35 25 109 99 96 27 2
47 88 78 81 71 44 57 1
48 29 19 47 37 98 19 1
49 97 87 42 32 75 95 2
