2 50
571 439 
0 64 34 41 52 70 31 1
1 29 62 45 5 84 35 1
2 94 36 95 7 1 89 1
3 22 93 7 48 4 23 2
4 64 90 32 41 14 59 1
5 55 96 56 42 34 53 1
6 8 71 56 98 62 46 1
7 94 90 34 28 57 48 1
8 65 87 17 54 94 26 2
9 45 8 5 55 25 83 2
10 61 18 46 64 61 15 2
11 77 49 50 60 1 43 2
12 97 58 58 1 67 41 2
13 4 94 45 41 49 16 1
14 21 31 94 57 14 60 2
15 26 47 71 69 85 2 1
16 68 39 21 26 5 31 1
17 32 22 69 17 98 62 1
18 57 47 93 62 100 25 2
19 84 56 80 23 44 54 2
20 100 55 96 62 76 58 2
21 89 18 50 84 88 24 1
22 58 42 11 1 41 89 1
23 62 97 55 79 25 6 2
24 79 99 24 17 65 89 2
25 25 10 97 25 24 24 1
26 10 92 31 35 38 67 2
27 42 54 10 92 22 91 1
28 76 28 89 50 38 63 2
29 31 61 39 32 67 26 1
30 47 72 20 2 65 93 2
31 98 38 31 24 7 93 1
32 22 62 51 92 50 60 1
33 81 83 26 66 18 81 2
34 46 18 2 17 10 68 2
35 31 39 100 74 16 70 1
36 11 94 48 69 3 86 1
37 49 39 2 5 23 13 2
38 33 78 85 21 24 18 2
39 62 25 26 83 97 63 2
40 6 69 3 52 100 48 1
41 80 76 44 58 84 84 1
42 8 72 36 31 97 5 1
43 49 24 94 46 66 88 1
44 65 45 81 24 84 99 2
45 29 77 42 79 10 16 2
46 55 92 35 30 51 90 1
47 23 72 99 54 88 30 2
48 87 97 7 28 7 30 1
49 88 2 64 13 2 14 2
