2 50
1306 1182 
0 43 33 54 51 18 48 2
1 21 17 47 52 16 15 2
2 16 7 88 86 10 79 1
3 100 96 51 43 8 18 2
4 83 89 50 40 68 24 2
5 35 31 74 77 23 30 1
6 28 18 49 45 52 33 1
7 13 9 51 47 29 74 1
8 90 90 62 65 88 76 2
9 63 59 14 14 43 86 2
10 17 21 66 59 11 72 1
11 101 100 15 11 55 100 1
12 47 53 4 4 72 57 1
13 21 21 71 68 19 85 1
14 88 86 18 12 44 34 2
15 52 50 76 72 99 86 1
16 32 22 4 9 7 17 1
17 42 37 34 32 38 41 1
18 86 94 7 9 61 67 1
19 16 15 84 90 49 30 1
20 68 74 81 81 34 36 2
21 68 73 46 39 23 41 1
22 81 85 39 44 19 53 2
23 66 68 46 50 58 85 1
24 25 22 42 40 52 87 1
25 41 41 54 56 64 94 1
26 71 63 7 6 99 29 1
27 3 13 42 51 94 30 1
28 36 43 72 65 54 94 1
29 68 72 45 43 47 11 2
30 55 63 87 93 25 86 2
31 66 73 49 59 71 93 2
32 16 17 37 47 14 77 1
33 78 86 83 77 34 64 2
34 69 61 55 60 30 63 1
35 35 26 53 53 33 1 1
36 88 81 58 64 56 93 2
37 47 46 4 12 81 95 2
38 85 89 24 32 61 74 1
39 27 20 74 78 43 20 2
40 70 72 42 47 23 81 1
41 99 99 81 81 24 98 1
42 56 59 15 18 50 20 2
43 79 87 26 17 94 37 1
44 66 60 36 39 42 82 1
45 14 8 15 10 93 5 2
46 37 43 65 73 44 74 1
47 36 27 12 9 100 51 2
48 11 20 58 51 82 97 2
49 74 73 88 84 4 92 2
