2 50
1504 1225 
0 109 99 27 17 36 72 2
1 27 17 12 2 100 14 1
2 97 87 32 22 74 69 2
3 24 14 40 30 53 41 2
4 103 93 74 64 40 15 1
5 85 75 86 76 23 77 1
6 108 98 55 45 4 2 1
7 41 31 18 8 27 38 2
8 29 19 80 70 37 7 1
9 103 93 79 69 17 71 1
10 67 57 13 3 1 32 2
11 94 84 103 93 40 4 1
12 98 88 25 15 64 28 1
13 99 89 47 37 80 24 1
14 29 19 75 65 37 27 1
15 45 35 85 75 60 37 2
16 74 64 41 31 31 56 1
17 108 98 60 50 77 71 2
18 103 93 58 48 91 1 1
19 92 82 60 50 49 65 2
20 61 51 107 97 77 4 2
21 28 18 13 3 71 81 1
22 80 70 91 81 70 75 2
23 108 98 73 63 1 29 2
24 29 19 72 62 8 77 2
25 12 2 73 63 61 68 1
26 85 75 24 14 72 90 2
27 35 25 76 66 79 33 1
28 94 84 28 18 18 91 2
29 80 70 53 43 42 27 1
30 90 80 12 2 98 31 2
31 97 87 42 32 5 15 1
32 82 72 69 59 93 40 1
33 103 93 48 38 71 99 2
34 93 83 88 78 10 55 2
35 103 93 40 30 32 6 1
36 102 92 17 7 45 27 2
37 60 50 96 86 13 8 2
38 31 21 106 96 58 44 2
39 35 25 23 13 34 33 2
40 94 84 101 91 81 31 2
41 87 77 83 73 10 27 1
42 89 79 47 37 73 37 2
43 20 10 81 71 45 10 1
44 57 47 16 6 42 50 1
45 29 19 82 72 10 63 2
46 20 10 102 92 56 98 2
47 97 87 82 72 24 57 1
48 22 12 40 30 38 85 1
49 50 40 95 85 47 98 2
