2 50
1197 1099 
0 92 82 69 100 98 17 1
1 29 70 37 5 94 63 1
2 30 8 31 79 75 96 1
3 58 97 35 44 52 82 2
4 36 78 4 21 54 98 1
5 7 100 16 54 95 60 1
6 12 83 68 10 23 59 1
7 94 6 26 44 64 96 1
8 1 35 53 2 72 89 1
9 61 12 29 67 33 74 1
10 69 58 54 4 83 48 2
11 33 33 98 44 100 6 2
12 73 30 34 73 23 39 1
13 44 42 85 81 38 46 2
14 85 75 58 1 43 45 2
15 22 11 67 33 72 6 1
16 56 15 1 2 80 49 2
17 24 62 61 57 90 31 1
18 49 3 85 18 54 44 2
19 32 12 20 87 48 15 2
20 72 7 68 6 72 40 2
21 57 34 10 92 76 19 1
22 54 78 7 37 14 15 2
23 86 33 79 7 84 48 1
24 35 47 80 65 12 63 2
25 81 34 53 49 25 100 2
26 14 100 43 43 98 99 1
27 66 46 26 84 78 31 1
28 68 8 81 30 16 69 2
29 23 41 39 12 53 90 2
30 95 8 68 38 66 51 1
31 42 6 67 92 13 37 2
32 74 6 3 36 47 53 1
33 21 75 66 66 40 99 1
34 90 14 38 13 16 70 1
35 47 91 8 18 52 2 1
36 71 30 8 5 86 10 1
37 1 71 54 37 39 28 2
38 29 94 73 37 67 49 1
39 70 85 34 43 58 50 2
40 18 81 23 56 23 54 2
41 88 4 44 78 49 97 2
42 52 56 80 23 57 56 1
43 13 36 58 66 45 44 1
44 41 65 57 44 86 94 2
45 29 81 42 83 51 52 2
46 7 84 87 22 16 49 1
47 67 100 43 82 17 95 1
48 27 65 47 96 40 82 2
49 16 2 92 13 21 45 2
