2 50
492 514 
0 76 66 94 84 67 93 1
1 18 8 95 85 43 80 1
2 12 2 47 37 33 88 1
3 107 97 23 13 54 68 1
4 110 100 81 71 89 98 1
5 12 2 13 3 30 74 1
6 107 97 54 44 6 39 2
7 24 14 101 91 95 93 2
8 68 58 11 1 66 76 2
9 22 12 90 80 35 33 2
10 50 40 104 94 24 6 2
11 65 55 74 64 33 50 1
12 13 3 40 30 13 45 1
13 78 68 34 24 32 61 1
14 28 18 66 56 78 57 1
15 80 70 12 2 11 62 1
16 37 27 104 94 88 56 1
17 23 13 75 65 26 92 2
18 86 76 41 31 55 37 1
19 23 13 91 81 57 94 2
20 96 86 34 24 40 93 1
21 35 25 20 10 51 46 1
22 99 89 110 100 24 59 2
23 59 49 32 22 67 79 2
24 100 90 43 33 87 67 1
25 31 21 92 82 19 55 2
26 104 94 51 41 44 41 2
27 74 64 15 5 51 50 2
28 45 35 79 69 95 91 2
29 15 5 80 70 13 81 2
30 25 15 47 37 23 39 2
31 100 90 53 43 13 35 2
32 57 47 44 34 56 12 1
33 38 28 83 73 7 79 2
34 24 14 11 1 66 55 1
35 54 44 91 81 44 61 1
36 53 43 68 58 36 52 1
37 103 93 39 29 23 93 2
38 78 68 53 43 38 54 2
39 70 60 58 48 2 80 2
40 93 83 100 90 58 77 1
41 50 40 46 36 14 11 1
42 32 22 98 88 34 29 2
43 79 69 32 22 22 73 1
44 76 66 35 25 97 71 1
45 40 30 85 75 63 37 2
46 99 89 81 71 84 86 1
47 72 62 57 47 85 78 2
48 81 71 99 89 88 29 2
49 41 31 86 76 38 22 1
