2 50
1202 1212 
0 16 7 27 25 56 20 1
1 67 71 14 6 64 18 1
2 102 97 66 68 25 52 2
3 103 98 41 45 1 30 1
4 88 83 34 26 30 74 2
5 31 33 86 87 65 78 1
6 20 24 41 51 11 73 2
7 61 63 1 9 47 24 1
8 59 64 44 39 52 48 1
9 64 61 7 16 38 38 1
10 92 91 20 29 55 79 1
11 37 42 51 53 69 83 2
12 34 39 83 82 85 10 2
13 88 91 38 38 23 97 2
14 16 8 25 34 78 41 2
15 24 32 48 54 97 34 1
16 55 60 40 47 74 96 2
17 1 7 11 2 68 16 1
18 65 68 94 91 38 69 2
19 98 97 58 64 22 89 2
20 99 100 12 7 75 93 1
21 22 31 100 97 58 40 2
22 6 3 56 62 59 40 1
23 83 82 55 64 57 87 2
24 1 4 26 22 75 48 2
25 98 99 19 22 44 14 1
26 11 17 55 60 51 10 1
27 50 59 81 89 71 52 2
28 30 33 45 55 66 12 1
29 68 62 24 33 3 1 1
30 67 77 12 7 83 46 1
31 3 11 99 97 21 32 2
32 29 39 79 69 19 18 1
33 36 40 33 23 59 97 2
34 47 55 54 54 73 61 2
35 45 48 84 83 48 91 2
36 1 3 76 78 75 74 1
37 30 20 87 86 83 86 1
38 49 51 88 86 94 66 1
39 61 54 8 12 26 73 1
40 75 78 47 53 72 23 1
41 15 13 89 95 100 44 1
42 8 1 54 60 95 7 2
43 1 1 22 23 57 85 1
44 75 74 37 45 74 40 1
45 10 10 11 12 72 48 1
46 98 89 13 19 5 18 1
47 33 41 30 23 47 35 2
48 60 50 81 89 91 15 1
49 14 23 28 34 42 86 2
