2 50
1147 1261 
0 92 96 24 14 26 100 2
1 48 40 82 83 16 99 2
2 56 66 41 37 24 3 1
3 105 95 51 50 17 78 2
4 91 96 37 39 50 74 1
5 33 30 80 76 41 74 1
6 57 65 86 92 15 52 1
7 22 32 60 70 19 3 2
8 57 57 34 24 96 4 1
9 56 58 7 13 54 18 2
10 40 36 68 74 87 9 1
11 91 87 97 98 2 36 2
12 64 60 21 11 14 9 2
13 31 36 81 83 57 31 1
14 20 25 50 51 37 91 2
15 12 5 28 27 16 69 1
16 56 49 28 36 86 54 1
17 47 56 52 43 55 86 2
18 49 49 78 72 14 44 1
19 75 74 43 49 26 95 1
20 63 61 76 68 12 81 2
21 49 48 1 6 81 72 2
22 83 76 41 35 79 22 2
23 14 11 86 85 76 26 1
24 91 85 8 3 20 65 2
25 2 12 36 27 23 10 2
26 93 86 37 29 77 6 2
27 28 36 75 74 31 74 2
28 106 98 21 20 15 84 2
29 30 31 1 2 55 45 1
30 1 2 31 32 80 96 1
31 16 8 83 86 92 35 1
32 66 56 87 86 22 43 2
33 7 13 4 4 56 50 1
34 55 64 62 63 9 64 2
35 51 57 98 92 72 17 2
36 29 24 91 99 96 23 1
37 20 13 77 79 23 15 1
38 7 12 46 55 42 71 1
39 18 11 57 61 44 79 1
40 28 23 100 98 29 32 2
41 49 42 31 24 28 79 1
42 30 34 1 1 45 14 1
43 35 34 61 64 42 92 2
44 5 3 75 82 37 61 2
45 12 3 13 5 81 56 2
46 63 66 1 4 58 61 2
47 77 70 45 52 74 14 2
48 56 51 90 82 88 41 1
49 62 52 68 63 23 56 1
