2 50
1256 1143 
0 57 47 75 65 88 21 1
1 55 45 40 30 4 30 1
2 97 87 40 30 36 23 2
3 24 14 32 22 31 55 1
4 75 65 46 36 89 93 2
5 21 11 22 12 48 28 1
6 104 94 59 49 69 41 2
7 77 67 54 44 22 16 2
8 17 7 68 58 75 49 2
9 75 65 51 41 68 74 2
10 71 61 17 7 49 82 2
11 54 44 55 45 74 87 2
12 110 100 37 27 45 46 2
13 103 93 51 41 83 51 1
14 45 35 83 73 71 60 2
15 45 35 77 67 45 48 2
16 22 12 97 87 57 61 1
17 44 34 104 94 91 32 2
18 15 5 62 52 61 19 1
19 16 6 76 66 100 92 2
20 101 91 47 37 94 30 1
21 28 18 21 11 34 8 2
22 64 54 75 65 35 23 2
23 56 46 29 19 11 1 1
24 101 91 44 34 53 42 1
25 96 86 57 47 34 36 1
26 25 15 72 62 24 95 1
27 75 65 16 6 70 71 1
28 46 36 72 62 34 57 2
29 44 34 17 7 15 31 1
30 54 44 76 66 87 13 1
31 93 83 46 36 21 29 2
32 66 56 53 43 70 12 1
33 83 73 36 26 74 35 2
34 33 23 28 18 51 83 2
35 95 85 32 22 58 56 2
36 50 40 73 63 73 14 1
37 52 42 88 78 71 75 1
38 95 85 62 52 32 24 1
39 75 65 71 61 47 62 2
40 46 36 53 43 38 48 2
41 59 49 55 45 80 5 2
42 97 87 63 53 72 48 1
43 80 70 41 31 34 45 1
44 93 83 52 42 14 8 1
45 25 15 78 68 94 59 2
46 56 46 30 20 78 93 1
47 13 3 106 96 22 20 1
48 70 60 88 78 37 90 1
49 14 4 59 49 90 11 1
