2 50
584 506 
0 75 49 52 67 72 16 2
1 12 85 20 20 84 16 1
2 49 15 58 94 98 56 2
3 33 96 18 43 22 84 1
4 47 9 23 60 42 25 2
5 78 91 87 37 71 8 2
6 99 6 47 33 73 88 2
7 21 97 61 35 29 44 1
8 16 98 68 65 43 6 1
9 92 95 60 50 40 64 2
10 76 93 69 39 58 67 1
11 84 52 57 63 12 13 2
12 92 93 53 44 22 15 2
13 83 61 24 8 57 73 1
14 12 26 85 52 69 21 1
15 25 46 78 60 35 35 2
16 91 90 36 77 32 25 2
17 75 93 4 88 96 99 1
18 92 54 28 69 48 80 2
19 59 59 55 34 40 52 1
20 35 98 31 5 69 20 2
21 8 85 69 43 65 64 2
22 65 97 10 56 16 89 1
23 61 12 54 86 58 52 2
24 26 6 71 24 53 21 1
25 40 49 4 72 5 34 1
26 49 15 78 50 67 4 1
27 89 93 57 31 47 12 2
28 59 3 72 25 77 11 1
29 6 40 22 11 72 51 2
30 62 75 27 5 8 50 2
31 5 97 30 83 100 78 2
32 97 57 34 87 7 19 2
33 60 10 5 1 57 5 1
34 97 33 45 32 21 61 2
35 94 26 55 61 100 95 1
36 86 1 23 76 79 65 2
37 84 66 45 32 93 100 2
38 40 93 92 28 28 90 1
39 25 48 89 6 21 22 2
40 77 16 82 91 33 15 1
41 59 99 23 73 38 56 1
42 99 63 27 22 33 87 1
43 96 51 41 81 6 29 2
44 72 60 80 39 94 81 2
45 96 68 9 70 1 7 1
46 42 31 22 69 40 16 2
47 18 87 94 61 77 5 1
48 14 60 34 91 48 6 1
49 99 73 83 84 39 95 1
