2 50
1298 1203 
0 83 73 101 91 69 85 2
1 41 31 26 16 90 4 1
2 51 41 86 76 2 57 2
3 74 64 90 80 45 87 2
4 93 83 64 54 92 40 1
5 103 93 104 94 93 35 2
6 110 100 57 47 4 81 2
7 55 45 40 30 47 49 2
8 23 13 74 64 61 75 1
9 93 83 61 51 84 70 2
10 69 59 15 5 8 11 1
11 20 10 29 19 64 62 1
12 104 94 31 21 57 28 2
13 101 91 49 39 94 66 2
14 91 81 29 19 3 51 1
15 99 89 31 21 54 34 2
16 48 38 15 5 67 12 1
17 26 16 78 68 96 83 1
18 13 3 60 50 86 91 1
19 58 48 18 8 21 5 2
20 31 21 77 67 47 28 2
21 82 72 67 57 69 84 1
22 22 12 33 23 51 8 1
23 82 72 47 37 37 36 1
24 15 5 58 48 27 33 2
25 54 44 15 5 43 53 1
26 55 45 102 92 57 98 1
27 105 95 46 36 41 87 2
28 24 14 50 40 38 17 1
29 62 52 35 25 63 7 2
30 72 62 94 84 36 75 2
31 91 81 44 34 58 53 2
32 28 18 107 97 4 62 1
33 97 87 42 32 89 83 2
34 63 53 58 48 55 39 1
35 49 39 86 76 95 2 1
36 76 66 99 89 33 69 1
37 106 96 42 32 58 71 1
38 13 3 80 70 93 50 2
39 105 95 101 91 94 96 1
40 20 10 27 17 41 41 2
41 73 63 69 59 52 12 2
42 39 29 105 95 9 57 1
43 54 44 107 97 50 20 2
44 75 65 34 24 46 77 2
45 31 21 76 66 63 7 1
46 42 32 16 6 3 53 1
47 51 41 44 34 12 88 2
48 96 86 14 4 58 90 2
49 28 18 73 63 88 95 1
