2 50
1219 1275 
0 38 44 70 62 38 79 1
1 40 48 79 83 73 27 1
2 41 38 26 17 24 45 1
3 98 99 49 46 70 17 1
4 80 76 34 27 87 81 1
5 33 34 80 88 92 57 1
6 70 77 12 4 28 92 2
7 39 48 90 86 73 92 1
8 1 5 77 72 85 75 1
9 79 70 14 17 54 70 1
10 69 76 18 14 64 56 1
11 55 63 69 74 31 26 1
12 38 32 66 75 25 37 1
13 94 84 15 23 98 93 1
14 63 69 85 95 78 52 2
15 64 69 101 91 32 21 1
16 31 33 8 12 51 68 2
17 101 96 93 91 92 69 2
18 15 5 23 28 95 85 2
19 39 38 1 5 66 67 1
20 4 13 17 20 23 70 1
21 62 56 19 22 78 2 1
22 4 12 62 71 87 77 2
23 48 39 28 21 3 5 1
24 43 41 60 59 13 95 1
25 45 36 58 51 76 88 1
26 89 94 33 37 11 17 2
27 30 28 56 66 67 67 2
28 81 78 96 100 78 50 1
29 1 11 78 82 13 73 1
30 44 38 68 68 99 33 1
31 74 76 57 62 16 28 1
32 100 100 29 30 37 51 1
33 7 13 104 96 75 29 1
34 61 52 47 51 85 45 1
35 1 9 39 44 76 31 1
36 52 60 35 35 66 85 1
37 57 53 14 19 64 36 1
38 27 28 66 63 48 74 2
39 70 63 17 21 2 12 1
40 30 27 2 2 18 57 1
41 65 70 47 52 11 30 2
42 21 26 80 85 84 89 2
43 48 54 66 76 42 93 1
44 28 23 1 2 60 22 1
45 12 7 13 9 13 40 1
46 51 58 87 96 73 14 1
47 92 98 89 80 62 89 2
48 28 19 49 58 4 8 2
49 42 52 69 63 67 50 1
