2 50
411 553 
0 3 11 35 29 50 82 2
1 57 63 96 98 66 63 2
2 61 53 17 24 34 55 1
3 91 98 50 45 32 19 1
4 10 15 48 58 87 47 2
5 18 25 65 71 52 84 1
6 102 100 31 27 52 61 1
7 35 39 73 77 31 83 2
8 65 68 42 35 81 67 2
9 55 45 98 100 10 46 2
10 13 11 41 49 86 97 1
11 72 82 86 93 54 8 2
12 2 3 51 46 79 32 2
13 12 3 49 50 10 77 1
14 25 20 55 46 9 82 1
15 1 4 23 26 47 49 1
16 100 100 85 87 53 42 2
17 11 19 24 14 43 7 2
18 54 56 83 79 46 18 2
19 86 85 46 52 83 42 2
20 4 4 17 11 51 64 2
21 1 7 79 73 51 48 2
22 22 31 93 90 38 28 2
23 28 18 108 100 32 75 2
24 92 100 9 18 30 9 1
25 54 59 67 74 42 23 2
26 1 9 50 44 37 45 1
27 75 75 14 13 84 15 1
28 80 73 95 95 34 22 1
29 1 2 74 81 63 58 2
30 6 5 30 35 90 19 2
31 71 67 54 53 35 55 2
32 53 51 82 81 80 20 1
33 49 40 25 31 75 73 2
34 77 71 63 70 66 26 2
35 42 52 81 79 66 18 2
36 26 31 1 6 26 8 1
37 51 48 21 14 70 38 2
38 22 19 61 62 49 100 2
39 28 34 96 92 6 75 2
40 63 62 35 37 31 35 1
41 62 65 36 39 86 97 2
42 34 25 101 92 11 82 1
43 57 61 83 91 9 66 1
44 13 18 104 97 96 73 2
45 1 2 1 4 19 64 1
46 9 5 45 43 7 66 1
47 82 85 63 59 100 66 2
48 16 14 50 45 13 22 1
49 33 23 26 34 5 84 1
