2 50
520 508 
0 50 40 68 58 11 86 2
1 32 22 109 99 22 15 2
2 66 56 101 91 74 9 2
3 57 47 73 63 7 93 2
4 100 90 71 61 24 10 2
5 22 12 31 21 77 81 2
6 109 99 56 46 93 75 2
7 38 28 15 5 59 30 2
8 54 44 105 95 50 6 2
9 104 94 72 62 70 34 2
10 52 42 106 96 44 39 2
11 99 89 100 90 13 73 1
12 19 9 46 36 30 2 2
13 88 78 36 26 94 20 2
14 82 72 20 10 92 65 1
15 26 16 66 56 75 29 1
16 11 1 86 76 3 77 2
17 41 31 93 83 51 85 2
18 96 86 43 33 6 48 2
19 89 79 49 39 28 93 1
20 66 56 12 2 39 55 2
21 89 79 74 64 8 36 2
22 41 31 52 42 8 3 2
23 41 31 106 96 44 37 2
24 78 68 29 19 21 5 1
25 73 63 34 24 83 7 2
26 82 72 21 11 21 63 2
27 36 26 85 75 73 49 1
28 67 57 101 91 7 16 1
29 97 87 62 52 9 39 1
30 107 97 29 19 68 49 1
31 102 92 55 45 69 1 2
32 95 85 82 72 30 5 2
33 32 22 77 67 93 57 2
34 94 84 89 79 76 45 2
35 100 90 37 27 6 14 1
36 27 17 50 40 69 38 1
37 49 39 85 75 68 20 1
38 60 50 27 17 16 44 1
39 40 30 28 18 19 95 1
40 11 1 18 8 89 5 2
41 36 26 32 22 59 34 2
42 90 80 56 46 83 67 1
43 105 95 66 56 18 58 2
44 94 84 53 43 4 53 2
45 34 24 87 77 74 83 1
46 13 3 95 85 44 87 2
47 34 24 19 9 58 82 1
48 55 45 73 63 25 67 1
49 19 9 64 54 49 34 1
