2 50
589 450 
0 36 86 13 4 53 38 2
1 37 62 45 97 57 82 1
2 58 64 67 35 71 89 2
3 94 97 71 44 4 29 1
4 92 2 68 53 17 83 2
5 95 92 4 38 73 3 2
6 4 59 52 86 5 35 1
7 94 74 34 12 92 5 2
8 21 31 81 6 68 46 2
9 21 96 89 51 64 27 1
10 53 78 38 24 9 22 2
11 21 73 94 84 23 87 2
12 13 86 74 37 68 71 2
13 64 46 5 93 79 95 2
14 57 87 30 13 65 50 1
15 30 83 75 5 48 18 1
16 88 63 33 42 10 36 1
17 40 74 77 69 50 37 1
18 65 91 1 6 58 22 2
19 44 100 40 67 6 20 1
20 28 11 24 18 87 44 1
21 29 10 90 76 94 41 1
22 62 6 7 65 92 12 2
23 46 69 31 43 2 73 2
24 15 43 60 61 63 27 2
25 77 86 41 1 7 83 1
26 98 92 27 27 71 19 1
27 26 62 86 100 44 60 1
28 84 48 97 70 41 63 1
29 31 81 47 52 17 13 2
30 99 36 64 66 42 55 2
31 62 62 95 48 45 100 2
32 62 18 99 48 74 94 2
33 49 83 94 74 64 43 2
34 2 30 58 29 48 28 1
35 23 95 84 22 42 28 1
36 51 58 88 33 36 45 1
37 97 99 58 65 4 14 1
38 37 70 89 5 33 85 2
39 46 65 10 23 56 42 2
40 86 65 91 40 68 92 2
41 80 48 44 30 41 6 2
42 64 88 92 47 30 28 2
43 85 4 30 34 87 62 1
44 89 17 5 96 71 100 1
45 21 73 34 75 94 29 2
46 3 8 83 46 34 31 2
47 79 44 55 18 81 87 1
48 47 29 67 60 95 18 2
49 60 2 36 13 44 52 1
