2 50
528 416 
0 13 3 31 21 98 14 2
1 79 69 56 46 3 58 2
2 89 79 24 14 12 8 2
3 32 22 48 38 33 68 2
4 59 49 30 20 31 17 1
5 21 11 22 12 34 6 2
6 108 98 55 45 25 42 2
7 77 67 62 52 35 76 2
8 61 51 12 2 53 70 1
9 59 49 35 25 5 22 1
10 51 41 105 95 24 7 2
11 82 72 91 81 3 88 1
12 66 56 93 83 76 99 1
13 83 73 31 21 79 88 1
14 105 95 43 33 61 22 2
15 53 43 93 83 80 61 2
16 78 68 45 35 73 3 1
17 28 18 88 78 31 90 1
18 87 77 42 32 29 100 2
19 60 50 20 10 86 100 1
20 81 71 19 9 93 62 1
21 12 2 97 87 31 43 1
22 20 10 31 21 3 25 2
23 96 86 69 59 8 36 1
24 85 75 36 26 47 13 2
25 52 42 13 3 23 28 1
26 97 87 36 26 59 22 2
27 55 45 96 86 12 62 2
28 106 96 40 30 29 56 1
29 52 42 25 15 80 39 2
30 70 60 84 74 19 91 1
31 105 95 50 40 78 69 2
32 30 20 17 7 82 96 1
33 35 25 80 70 83 50 2
34 105 95 100 90 11 88 1
35 27 17 64 54 64 64 1
36 90 80 105 95 68 56 1
37 76 66 12 2 87 29 2
38 19 9 94 84 98 91 2
39 55 45 43 33 73 77 1
40 106 96 13 3 44 50 2
41 43 33 39 29 74 97 2
42 65 55 23 13 75 64 1
43 92 82 53 43 19 100 2
44 85 75 44 34 52 36 2
45 37 27 82 72 35 86 1
46 56 46 38 28 50 61 1
47 49 39 42 32 76 38 2
48 18 8 36 26 65 27 1
49 30 20 75 65 78 12 2
