2 50
1323 1191 
0 65 70 97 88 23 48 2
1 94 94 20 29 37 65 2
2 63 56 27 27 89 86 2
3 95 97 46 44 5 70 2
4 75 82 42 33 57 8 2
5 29 32 84 86 48 71 1
6 78 71 99 98 64 68 1
7 91 86 21 24 76 52 1
8 39 31 95 98 43 57 2
9 57 60 21 15 37 57 2
10 15 6 43 44 91 67 1
11 19 21 33 32 8 30 2
12 51 46 87 97 45 69 2
13 1 6 48 53 50 66 1
14 48 47 78 73 21 44 2
15 84 87 8 9 5 36 2
16 79 87 64 74 73 73 2
17 24 26 16 21 13 56 1
18 36 31 36 46 22 67 2
19 57 56 17 23 2 56 2
20 94 87 86 94 19 11 1
21 3 6 65 64 41 85 1
22 100 94 58 53 70 29 2
23 31 25 11 7 91 25 1
24 67 67 84 85 86 100 2
25 80 70 93 85 99 3 1
26 41 40 85 83 45 60 2
27 83 82 22 20 35 20 1
28 79 88 15 10 38 50 2
29 22 21 99 92 64 6 1
30 32 24 56 46 74 12 1
31 45 46 20 24 12 49 1
32 79 78 8 8 100 71 2
33 57 59 54 50 14 49 2
34 62 58 61 57 16 18 1
35 90 87 8 14 56 30 1
36 47 38 17 21 61 19 1
37 74 79 52 45 31 37 1
38 63 66 10 9 32 81 2
39 44 37 91 95 56 75 2
40 25 21 5 4 67 94 2
41 57 56 39 38 74 99 2
42 90 84 49 43 63 57 1
43 44 40 70 70 64 14 1
44 14 17 105 96 23 16 2
45 8 5 9 7 83 52 1
46 3 12 60 50 20 49 2
47 74 84 71 66 47 88 1
48 71 81 13 20 47 59 1
49 2 2 8 13 93 67 2
