2 50
426 588 
0 73 74 92 92 96 82 2
1 84 86 31 21 79 5 1
2 14 4 70 75 57 72 2
3 104 97 34 44 99 1 2
4 10 14 56 65 17 86 1
5 16 24 63 70 45 66 1
6 39 47 81 74 54 68 2
7 65 62 103 100 76 86 1
8 37 27 9 2 15 50 1
9 48 44 91 99 50 83 1
10 36 26 64 64 50 25 2
11 54 61 68 72 7 8 1
12 19 10 47 53 80 42 2
13 22 18 72 65 84 94 1
14 57 59 87 85 74 22 1
15 67 67 83 81 29 51 2
16 32 35 17 22 76 80 1
17 37 38 29 33 4 32 1
18 25 19 33 42 14 13 2
19 45 44 5 11 9 42 2
20 99 91 91 98 94 56 1
21 82 82 44 40 37 76 1
22 16 22 74 81 68 53 1
23 63 61 43 43 82 39 1
24 50 55 75 81 43 18 2
25 28 22 41 37 67 51 1
26 23 32 59 67 49 47 1
27 8 6 34 44 33 40 1
28 37 28 44 50 64 24 1
29 51 61 28 32 40 58 1
30 58 52 82 82 59 27 2
31 1 2 88 80 60 58 2
32 90 90 11 20 18 62 1
33 70 67 54 58 15 98 1
34 84 74 70 73 58 10 1
35 79 83 26 18 35 99 1
36 59 66 58 49 11 15 2
37 24 15 73 81 11 77 2
38 44 42 83 85 62 84 1
39 11 17 79 75 25 64 2
40 8 13 93 88 12 12 1
41 12 8 86 82 12 60 2
42 8 8 75 67 83 71 2
43 13 8 39 38 43 53 2
44 65 61 43 40 47 53 2
45 95 97 96 99 57 44 2
46 35 36 79 74 71 56 1
47 23 28 4 2 74 85 2
48 48 45 82 76 60 75 1
49 1 2 6 13 36 68 1
