2 50
1199 1313 
0 11 18 43 36 13 3 2
1 99 94 46 37 100 5 2
2 27 28 104 99 64 45 2
3 93 93 52 48 50 54 1
4 72 70 18 21 56 40 2
5 29 36 84 90 45 6 2
6 91 91 12 18 29 29 2
7 1 2 38 40 25 3 2
8 82 79 46 46 92 27 1
9 72 72 15 19 45 97 1
10 44 46 85 84 69 65 1
11 1 5 26 16 94 5 1
12 25 18 53 61 40 30 2
13 61 54 103 93 2 78 1
14 91 91 21 25 48 46 1
15 57 51 81 73 25 63 1
16 67 71 60 58 86 47 1
17 57 66 70 61 52 31 1
18 81 87 2 2 68 25 1
19 21 12 81 87 53 91 2
20 27 31 40 38 80 59 2
21 16 14 73 80 52 32 1
22 21 30 79 89 100 4 2
23 52 61 45 35 35 33 2
24 11 15 28 33 9 29 2
25 89 94 15 9 76 17 1
26 58 48 94 91 12 3 2
27 77 74 3 12 22 3 1
28 83 76 98 98 17 68 2
29 1 1 78 72 63 28 1
30 56 60 72 82 27 45 1
31 11 14 107 100 81 22 1
32 21 22 42 52 62 32 2
33 57 59 41 50 42 41 2
34 39 46 46 45 82 76 2
35 31 31 70 66 69 23 1
36 70 74 61 57 86 46 2
37 11 19 81 85 63 56 1
38 91 82 30 25 45 26 1
39 96 97 64 55 29 72 2
40 35 33 7 8 7 53 1
41 94 84 68 58 13 42 1
42 73 68 32 27 23 76 2
43 57 60 83 90 98 34 2
44 37 37 7 16 14 20 1
45 8 9 9 11 70 21 2
46 12 4 40 34 23 96 1
47 10 12 86 94 99 66 2
48 51 57 85 88 74 3 2
49 3 2 9 13 42 21 1
