2 50
510 498 
0 27 26 46 44 38 69 1
1 79 78 26 21 6 18 2
2 29 32 6 3 71 83 1
3 90 93 57 48 90 75 1
4 34 26 80 77 100 15 2
5 24 20 71 66 65 42 1
6 18 27 47 54 99 9 2
7 56 46 86 84 32 96 2
8 73 79 58 54 39 25 1
9 33 40 97 87 23 4 2
10 86 86 14 24 68 52 2
11 74 77 88 88 31 31 1
12 45 38 73 81 8 36 1
13 80 70 9 17 53 12 1
14 14 7 31 41 9 60 2
15 1 3 10 17 43 57 1
16 57 51 29 38 38 72 1
17 96 90 88 85 54 100 1
18 72 63 80 86 63 29 2
19 89 88 62 55 65 15 2
20 45 47 58 54 92 31 1
21 74 66 31 32 72 23 1
22 95 86 53 45 7 25 2
23 21 25 1 7 97 91 2
24 6 7 23 25 8 25 2
25 106 98 11 13 83 91 1
26 14 24 50 59 82 12 1
27 14 14 53 52 84 73 1
28 41 48 69 70 96 95 2
29 72 81 49 52 4 39 2
30 13 16 45 46 7 31 2
31 26 26 9 12 33 15 2
32 48 46 77 76 9 56 1
33 70 67 54 58 77 65 2
34 86 86 85 85 22 89 1
35 46 39 56 66 60 70 1
36 36 30 14 13 41 6 2
37 66 75 44 41 21 49 2
38 24 34 63 69 92 18 2
39 59 57 6 15 79 31 2
40 1 1 70 76 95 4 1
41 75 80 57 62 11 69 1
42 17 16 84 83 61 13 1
43 79 88 26 18 2 39 1
44 42 41 20 20 15 80 1
45 103 93 104 95 22 72 2
46 42 52 91 82 97 48 2
47 100 92 68 74 5 51 1
48 76 77 10 8 75 24 2
49 1 2 5 13 59 76 1
