2 50
1385 1302 
0 68 58 86 76 92 64 2
1 30 20 107 97 19 79 2
2 28 18 63 53 59 32 1
3 99 89 107 97 23 74 1
4 106 96 77 67 78 46 1
5 48 38 49 39 94 27 1
6 107 97 54 44 75 83 1
7 44 34 29 19 80 2 1
8 104 94 55 45 11 38 1
9 102 92 78 68 25 82 2
10 74 64 20 10 28 44 2
11 89 79 98 88 65 35 1
12 69 59 96 86 99 23 1
13 110 100 58 48 70 4 1
14 84 74 22 12 14 94 2
15 64 54 104 94 48 39 2
16 37 27 104 94 42 94 1
17 75 65 27 17 64 47 1
18 18 8 73 63 1 76 2
19 103 93 71 61 6 62 1
20 56 46 102 92 71 10 1
21 59 49 52 42 68 42 1
22 27 17 38 28 59 10 1
23 75 65 40 30 68 90 1
24 72 62 23 13 44 7 1
25 59 49 20 10 58 26 2
26 88 78 35 25 57 34 1
27 26 16 67 57 12 71 2
28 29 19 55 45 99 84 2
29 71 61 44 34 91 42 1
30 81 71 103 93 98 35 1
31 92 82 37 27 42 99 1
32 77 67 56 46 9 20 2
33 74 64 19 9 8 66 2
34 92 82 87 77 64 72 2
35 14 4 51 41 38 17 1
36 69 59 92 82 54 44 2
37 79 69 15 5 38 55 2
38 110 100 77 67 69 71 1
39 30 20 26 16 64 81 1
40 77 67 84 74 15 88 1
41 38 28 26 16 96 14 2
42 80 70 46 36 80 67 1
43 35 25 88 78 13 10 1
44 20 10 79 69 17 70 2
45 24 14 77 67 93 60 1
46 27 17 109 99 13 48 1
47 60 50 45 35 59 63 2
48 89 79 107 97 56 59 1
49 81 71 26 16 13 76 2
