2 50
578 569 
0 102 92 20 10 29 17 1
1 104 94 81 71 79 68 1
2 58 48 101 91 89 80 2
3 65 55 73 63 66 80 2
4 28 18 99 89 66 63 1
5 94 84 95 85 38 34 2
6 105 95 60 50 13 8 2
7 102 92 87 77 9 48 2
8 74 64 25 15 55 96 2
9 32 22 108 98 75 77 2
10 48 38 102 92 41 67 1
11 39 29 48 38 82 15 1
12 107 97 34 24 11 27 2
13 76 66 24 14 53 17 2
14 66 56 104 94 22 74 2
15 26 16 66 56 62 41 1
16 63 53 30 20 48 32 1
17 105 95 57 47 53 23 1
18 84 74 39 29 34 20 1
19 65 55 33 23 50 7 2
20 26 16 64 54 59 25 1
21 81 71 66 56 71 21 2
22 57 47 68 58 11 70 1
23 85 75 58 48 43 9 1
24 14 4 57 47 55 84 1
25 89 79 50 40 29 89 2
26 34 24 81 71 86 65 1
27 104 94 45 35 11 61 1
28 23 13 57 47 70 56 2
29 33 23 98 88 20 74 1
30 43 33 65 55 20 18 2
31 106 96 51 41 98 25 2
32 19 9 106 96 50 94 2
33 44 34 97 87 8 50 1
34 46 36 41 31 63 4 1
35 108 98 45 35 16 56 2
36 71 61 94 84 97 35 2
37 57 47 93 83 28 11 2
38 104 94 71 61 24 3 1
39 100 90 88 78 51 31 1
40 67 57 74 64 2 40 1
41 64 54 60 50 64 22 2
42 82 72 40 30 84 97 2
43 45 35 106 96 64 18 2
44 58 48 17 7 68 38 1
45 38 28 91 81 57 23 1
46 85 75 59 49 25 58 2
47 110 100 103 93 68 21 2
48 99 89 17 7 10 45 1
49 55 45 100 90 58 78 1
