2 50
1188 1202 
0 1 15 78 33 27 98 1
1 46 55 54 90 35 63 2
2 3 1 12 72 75 75 2
3 75 98 60 45 97 21 2
4 25 39 93 90 11 74 1
5 36 9 45 63 97 51 1
6 33 68 81 95 41 62 1
7 59 7 99 45 5 84 1
8 86 72 38 39 14 32 1
9 30 37 98 84 90 43 2
10 62 23 47 69 85 26 2
11 74 14 47 25 43 78 2
12 62 59 15 10 69 2 2
13 5 15 54 62 91 54 2
14 58 24 31 58 24 47 2
15 11 76 64 98 82 10 1
16 21 48 66 27 85 92 2
17 73 39 10 26 73 16 2
18 6 52 42 67 5 58 2
19 97 65 85 40 42 38 2
20 1 8 97 15 91 46 1
21 98 83 59 49 28 95 2
22 43 59 96 18 24 68 2
23 11 54 4 36 12 71 2
24 52 96 97 14 77 4 1
25 22 11 94 26 89 88 2
26 79 93 8 28 59 71 1
27 35 99 3 29 30 95 1
28 69 13 82 35 82 44 2
29 48 42 56 21 43 91 1
30 36 41 9 63 95 42 2
31 71 23 4 9 8 41 2
32 51 63 80 93 29 53 1
33 82 48 19 39 69 16 1
34 83 87 31 86 56 13 2
35 92 48 61 83 39 78 1
36 56 59 93 34 18 19 1
37 10 76 63 42 49 74 2
38 10 95 62 38 95 61 1
39 23 14 87 72 31 2 2
40 67 46 64 21 38 68 2
41 9 9 73 91 31 86 2
42 5 57 41 16 26 80 1
43 22 29 67 59 58 22 1
44 18 70 26 49 21 91 2
45 62 94 75 88 49 78 2
46 72 29 52 67 91 31 1
47 16 21 100 3 5 34 1
48 40 70 60 9 21 93 1
49 25 23 9 34 96 88 1
