3 15
107 153 139 
0 79 25 56 43 40 62 16 47 7 1 85 87 1
1 88 41 4 84 13 18 93 90 60 99 63 96 2
2 53 7 54 78 62 48 11 13 42 23 85 56 3
3 1 4 78 51 62 97 34 23 64 76 18 100 1
4 87 81 55 32 32 74 2 65 97 65 31 67 3
5 66 11 75 65 75 12 34 9 40 30 64 23 1
6 39 2 87 29 36 55 82 100 25 74 96 40 2
7 45 69 77 7 18 46 8 59 82 84 48 77 3
8 16 62 68 29 29 3 57 73 32 38 24 31 2
9 100 91 68 38 29 92 21 44 57 4 66 32 1
10 16 21 1 59 93 6 82 77 33 90 35 98 2
11 48 24 21 35 93 45 48 16 80 80 21 66 2
12 8 29 61 72 21 22 84 95 5 15 77 78 3
13 23 45 72 92 12 30 63 14 26 20 33 55 3
14 20 26 85 52 57 87 85 14 28 63 49 12 1
