3 15
157 105 148 
0 53 46 64 64 83 83 52 35 60 69 15 72 3
1 68 58 86 93 33 27 14 6 32 74 51 46 1
2 32 40 9 11 71 81 46 18 75 77 97 25 1
3 15 5 53 52 102 98 42 39 91 68 74 87 3
4 48 54 2 5 48 55 13 84 68 55 93 41 1
5 44 52 1 6 46 53 87 87 51 54 94 95 3
6 84 75 1 2 34 28 76 18 42 26 46 35 3
7 75 66 13 4 45 43 53 48 23 46 21 69 1
8 87 95 72 62 36 36 33 38 26 8 32 98 3
9 56 56 12 3 63 57 4 34 83 29 28 14 2
10 32 26 81 72 9 11 59 24 41 93 78 68 2
11 5 1 19 12 23 22 87 35 5 28 58 82 3
12 66 74 23 25 70 67 45 39 28 49 47 37 1
13 90 90 27 37 67 75 39 13 66 66 82 64 3
14 55 47 85 81 15 8 66 98 13 83 2 46 1
