3 15
420 339 403 
0 53 45 64 64 75 82 49 78 67 97 55 87 1
1 74 78 21 20 47 55 21 57 35 87 67 41 1
2 82 76 44 46 21 17 89 94 54 75 26 72 2
3 58 49 1 3 45 50 60 47 32 65 15 9 3
4 48 54 2 4 48 55 76 69 21 60 36 35 1
5 27 19 82 74 29 20 72 30 85 92 20 20 1
6 94 99 15 25 57 52 70 5 89 54 78 61 3
7 18 21 50 60 88 98 47 44 48 88 26 26 1
8 58 55 14 21 78 88 28 66 49 75 48 74 1
9 30 32 86 78 37 33 63 71 53 11 52 52 2
10 87 77 15 24 64 62 95 82 98 100 85 1 3
11 82 77 86 87 100 98 76 8 45 25 51 29 1
12 33 26 59 68 16 19 47 45 7 91 26 10 1
13 56 58 96 96 46 43 40 79 22 47 71 47 1
14 79 74 17 9 26 35 49 57 21 70 56 91 2
