3 15
458 376 399 
0 5 91 82 9 58 28 85 68 96 58 88 99 1
1 22 11 38 54 47 88 54 100 62 2 64 49 2
2 7 85 8 56 16 34 68 71 57 30 100 72 1
3 43 98 20 53 4 99 21 94 72 29 78 71 2
4 57 11 33 62 2 12 55 57 75 26 1 4 2
5 16 37 25 83 33 38 60 31 86 34 48 86 3
6 73 72 21 99 70 25 13 80 8 98 38 55 2
7 83 87 15 25 56 64 41 78 65 48 35 2 2
8 86 36 46 3 99 77 42 44 75 7 55 61 3
9 38 25 6 72 67 26 23 82 92 50 60 98 3
10 94 51 87 97 71 36 66 14 40 9 10 99 2
11 38 94 11 5 75 15 8 65 63 99 58 25 1
12 70 87 31 38 91 80 73 83 26 87 97 83 3
13 53 99 94 38 42 84 68 65 81 93 11 30 2
14 58 32 31 58 95 93 74 43 52 54 28 14 2
