3 15
115 160 128 
0 37 35 48 53 80 72 63 21 25 53 21 66 3
1 28 27 67 62 1 4 100 97 57 77 64 30 1
2 7 9 84 80 46 50 33 90 49 42 42 64 1
3 1 2 55 49 12 3 27 65 66 27 71 59 2
4 72 67 18 18 72 68 9 96 6 27 90 76 3
5 54 49 1 3 48 50 87 70 74 92 85 64 1
6 8 16 50 43 71 69 90 13 96 63 19 81 1
7 36 27 66 65 6 4 15 65 4 11 26 75 1
8 93 88 49 55 26 21 76 45 28 32 43 53 2
9 40 45 91 100 55 46 96 11 7 75 6 49 1
10 80 71 8 17 57 56 90 34 42 97 80 47 2
11 30 38 57 49 69 59 35 9 61 28 97 40 1
12 4 3 53 46 87 96 27 43 5 87 27 1 3
13 33 35 75 74 23 20 29 3 70 85 26 96 1
14 59 64 89 90 27 25 90 37 41 60 38 19 1
