3 15
140 147 135 
0 70 92 47 10 23 29 12 57 78 55 75 72 1
1 71 56 87 99 96 33 32 46 24 61 97 50 3
2 80 14 81 85 81 55 6 31 100 82 32 48 3
3 76 3 61 50 37 4 5 91 43 56 31 26 1
4 98 12 74 63 43 13 70 31 72 13 3 54 1
5 37 2 46 48 54 3 3 97 86 74 38 40 3
6 18 25 74 52 23 78 60 75 61 97 79 99 2
7 72 68 12 6 53 45 78 34 48 38 36 78 2
8 31 25 83 100 36 66 46 49 82 93 88 17 1
9 31 74 99 21 60 75 11 97 86 44 22 26 2
10 23 48 16 94 100 33 22 19 41 60 60 14 2
11 7 43 80 54 44 64 93 76 62 85 85 74 3
12 19 92 80 43 40 85 22 64 35 83 98 71 2
13 62 72 3 11 51 57 21 8 48 55 8 98 3
14 47 77 20 3 84 38 91 68 43 91 77 2 1
