3 15
331 392 275 
0 77 67 95 85 14 4 40 35 43 78 1 84 3
1 43 33 20 10 104 94 44 31 91 86 46 44 3
2 77 67 12 2 54 44 2 95 61 93 21 58 3
3 92 82 100 90 17 7 78 92 32 38 36 53 1
4 83 73 54 44 24 14 98 95 36 82 48 23 3
5 25 15 26 16 34 24 41 28 84 29 86 31 2
6 16 6 63 53 109 99 58 54 9 94 3 94 3
7 37 27 14 4 90 80 80 51 82 40 24 37 3
8 45 35 88 78 38 28 18 1 44 51 85 19 3
9 31 21 99 89 68 58 1 75 92 96 87 77 1
10 11 1 57 47 12 2 33 68 25 25 67 12 3
11 98 88 107 97 15 5 96 97 63 20 53 81 3
12 50 40 85 75 11 1 61 59 73 76 83 25 2
13 63 53 11 1 68 58 20 66 79 93 56 61 3
14 65 55 103 93 42 32 39 57 41 69 69 97 1
