3 15
336 303 429 
0 43 33 62 52 80 70 70 55 56 62 65 9 2
1 48 38 24 14 109 99 63 54 66 71 78 82 3
2 20 10 54 44 89 79 47 44 16 64 31 45 3
3 100 90 109 99 25 15 29 35 66 96 97 96 1
4 34 24 104 94 75 65 91 58 50 56 40 47 2
5 62 52 62 52 71 61 92 72 5 41 51 44 1
6 59 49 13 3 60 50 51 61 79 55 39 29 2
7 42 32 26 16 103 93 56 86 54 35 99 44 1
8 76 66 26 16 77 67 57 37 41 10 15 91 2
9 71 61 40 30 16 6 25 43 23 65 5 38 2
10 61 51 16 6 62 52 71 79 4 93 55 8 2
11 67 57 67 57 76 66 5 91 44 8 30 50 1
12 97 87 23 13 50 40 80 13 36 23 67 17 3
13 23 13 72 62 20 10 67 79 20 54 25 39 3
14 19 9 58 48 96 86 93 12 53 65 71 77 2
