3 15
370 445 418 
0 54 44 73 63 91 81 69 55 80 98 40 59 2
1 23 13 99 89 76 66 36 83 6 15 88 98 3
2 43 33 85 75 20 10 83 97 33 89 25 72 3
3 75 65 84 74 100 90 73 20 12 57 86 88 1
4 65 55 35 25 106 96 93 89 60 56 28 97 3
5 89 79 89 79 98 88 94 31 45 6 95 25 3
6 62 52 16 6 63 53 36 24 38 33 2 33 2
7 17 7 101 91 78 68 89 35 29 27 57 82 3
8 63 53 13 3 64 54 86 15 67 66 11 75 3
9 98 88 67 57 43 33 4 15 93 22 47 55 3
10 64 54 19 9 65 55 77 70 80 69 96 27 2
11 102 92 110 100 19 9 44 96 44 23 75 39 2
12 56 46 82 72 109 99 59 87 64 2 49 38 3
13 30 20 79 69 27 17 74 78 62 89 92 62 2
14 50 40 89 79 27 17 78 52 79 91 79 71 3
