3 15
313 379 451 
0 43 46 19 65 96 83 85 53 22 70 3 42 2
1 63 31 72 65 88 100 65 65 32 38 80 87 3
2 17 5 25 75 26 46 32 56 34 64 79 65 2
3 81 54 57 100 42 55 2 53 93 87 50 72 1
4 70 55 47 5 15 56 86 96 16 79 4 17 3
5 34 84 42 39 51 85 17 61 83 32 2 38 2
6 18 52 75 78 23 5 42 10 91 76 100 44 3
7 88 2 29 41 69 79 42 66 93 32 13 92 2
8 51 44 12 10 64 77 73 73 93 17 27 5 2
9 35 73 96 27 64 82 71 47 57 64 60 83 3
10 64 82 48 21 41 67 28 45 63 84 20 74 3
11 48 26 12 36 85 47 93 57 8 7 18 28 2
12 52 31 4 73 65 24 93 20 40 53 80 10 2
13 83 23 23 69 64 16 85 64 26 76 32 57 2
14 68 19 40 54 13 80 85 28 68 11 85 99 3
