3 15
157 144 114 
0 88 78 107 97 25 15 98 39 85 2 23 49 3
1 97 87 73 63 50 40 80 9 63 16 40 38 1
2 73 63 15 5 50 40 25 73 11 88 16 50 2
3 41 31 50 40 66 56 49 41 40 11 77 56 1
4 79 69 49 39 20 10 51 49 80 42 12 56 3
5 35 25 35 25 44 34 32 18 11 63 97 22 3
6 60 50 14 4 61 51 52 66 59 62 18 8 3
7 75 65 51 41 36 26 57 14 28 68 35 97 3
8 33 23 83 73 26 16 42 4 75 70 27 62 1
9 28 18 97 87 73 63 94 25 23 69 18 49 3
10 46 36 93 83 47 37 92 83 46 14 82 15 2
11 52 42 60 50 69 59 100 96 3 97 63 84 3
12 94 84 20 10 47 37 70 86 9 24 12 23 3
13 96 86 45 35 93 83 39 90 82 99 7 93 3
14 40 30 79 69 17 7 5 73 13 86 74 71 2
