3 15
447 373 434 
0 56 57 67 75 99 94 6 64 56 30 11 22 2
1 71 81 26 24 65 58 50 75 84 58 11 95 3
2 78 71 34 42 17 12 97 88 4 80 31 67 3
3 105 100 64 55 1 1 40 15 45 96 26 75 3
4 53 49 99 92 45 42 80 41 46 77 62 72 1
5 71 63 18 9 73 64 20 47 36 66 3 49 1
6 26 34 55 61 97 87 86 44 75 22 89 77 2
7 93 97 44 35 84 74 97 43 9 71 22 49 1
8 18 10 74 77 38 43 7 46 16 67 100 38 3
9 56 59 7 14 63 60 41 21 16 57 16 15 1
10 84 81 33 27 69 74 65 91 87 81 46 54 2
11 67 64 73 75 85 85 50 86 99 88 47 96 3
12 57 53 14 4 40 46 18 19 66 17 42 65 2
13 55 45 84 92 32 38 74 98 58 91 12 51 1
14 22 30 60 64 90 91 73 21 66 82 55 78 3
