3 15
365 385 403 
0 29 34 61 53 80 71 5 3 70 58 66 94 2
1 63 55 81 89 36 32 78 66 37 99 32 2 2
2 44 45 19 15 83 86 50 25 23 39 44 6 3
3 47 54 96 100 55 55 47 69 75 22 40 19 1
4 72 67 18 17 72 68 6 100 7 80 27 98 2
5 16 16 63 71 10 17 74 85 21 32 50 100 2
6 31 40 73 66 94 93 54 1 16 26 29 66 3
7 100 90 19 29 70 67 25 81 84 40 77 13 2
8 48 40 12 6 68 73 45 84 58 28 57 87 1
9 14 21 65 75 37 30 16 14 75 26 92 32 1
10 14 22 71 69 12 7 30 38 94 5 12 85 1
11 20 14 32 24 38 35 19 80 63 12 36 26 3
12 42 47 97 97 46 40 27 63 84 42 96 71 1
13 104 95 39 41 81 80 49 32 74 84 19 70 1
14 83 91 13 18 51 52 1 83 73 75 6 44 3
