3 15
282 548 366 
0 48 56 80 75 99 93 81 43 40 40 39 1 2
1 6 9 61 51 79 86 41 30 25 32 72 63 1
2 7 7 69 77 46 48 24 12 21 1 85 92 3
3 48 52 105 98 43 53 73 55 96 93 15 80 2
4 53 49 99 91 45 42 45 96 55 40 85 70 2
5 33 30 80 77 35 31 38 28 40 93 71 76 1
6 49 58 78 84 20 11 27 96 19 67 14 89 1
7 57 60 97 99 27 37 84 84 40 2 42 53 3
8 60 62 37 28 9 3 82 5 50 22 90 44 2
9 30 35 81 89 37 36 71 39 6 21 26 48 1
10 39 32 88 79 16 17 50 76 12 7 16 38 2
11 36 40 48 50 54 61 48 34 48 12 6 63 3
12 3 5 42 47 99 98 48 58 92 95 49 98 1
13 13 13 69 59 90 98 13 15 69 5 58 69 3
14 54 57 84 92 14 18 60 83 10 80 54 19 1
