3 15
150 155 163 
0 56 57 67 76 99 94 17 23 10 57 49 97 3
1 57 54 91 96 30 31 41 93 94 50 75 95 1
2 43 36 1 6 82 77 42 77 49 35 47 75 3
3 43 49 1 3 51 50 67 62 78 67 29 76 1
4 40 50 99 92 45 43 32 62 96 9 41 77 1
5 88 95 35 42 90 96 40 73 28 87 37 21 2
6 3 11 45 37 74 64 56 18 33 83 15 69 1
7 48 41 80 80 18 18 9 48 5 42 3 19 1
8 47 51 32 25 96 92 53 54 31 9 62 85 1
9 82 84 25 30 89 85 36 62 47 66 80 60 2
10 37 37 78 76 14 22 24 66 71 22 2 2 3
11 92 89 104 99 10 10 22 29 83 44 81 37 1
12 1 10 47 52 4 3 64 84 50 47 45 83 3
13 78 86 26 24 76 71 28 90 79 78 35 75 3
14 1 2 28 37 58 63 88 20 36 19 60 22 3
