3 20
184 171 136 
0 96 86 14 4 33 23 48 67 23 66 21 44 1
1 90 80 67 57 51 41 41 54 46 26 50 15 3
2 88 78 31 21 65 55 98 49 6 51 33 6 3
3 87 77 103 93 12 2 18 56 81 67 83 70 1
4 66 56 37 27 15 5 29 79 18 95 7 95 1
5 60 50 61 51 69 59 37 31 70 41 76 15 2
6 15 5 62 52 16 6 52 41 95 90 100 55 1
7 72 62 57 47 33 23 6 56 56 17 48 44 2
8 16 6 67 57 17 7 10 16 85 2 56 3 2
9 62 52 30 20 99 89 15 52 12 7 74 2 1
10 22 12 68 58 23 13 23 48 9 6 87 66 2
11 21 11 30 20 38 28 21 16 28 34 70 85 2
12 17 7 44 34 70 60 71 96 92 2 56 63 2
13 18 8 66 56 23 13 95 96 4 79 40 96 3
14 92 82 38 28 77 67 70 7 94 33 89 13 2
15 16 6 56 46 89 79 95 70 93 17 5 10 3
16 93 83 60 50 26 16 74 87 98 38 56 55 3
17 11 1 63 53 16 6 75 71 94 56 76 41 3
18 98 88 53 43 99 89 35 93 41 75 12 59 1
19 83 73 51 41 12 2 78 15 22 58 10 18 3
