3 20
495 456 371 
0 90 65 66 84 43 2 2 11 97 48 69 26 2
1 58 42 67 84 83 19 45 10 41 84 64 19 3
2 52 88 60 58 61 29 61 17 18 39 39 18 2
3 24 53 100 7 77 54 75 100 32 76 14 97 1
4 1 34 78 76 46 27 49 100 89 60 85 2 1
5 57 3 65 50 74 4 47 58 99 12 64 30 3
6 73 19 30 45 78 72 88 19 51 62 60 93 2
7 51 37 92 76 24 14 99 96 55 43 61 80 2
8 94 91 55 65 7 32 59 51 7 67 42 46 3
9 30 48 99 2 59 49 29 72 89 68 83 40 2
10 39 93 31 32 16 78 72 91 94 7 80 16 1
11 63 5 35 15 8 26 63 44 78 32 34 14 1
12 7 74 67 16 28 67 93 46 21 49 90 12 2
13 66 30 6 68 47 15 13 95 34 51 65 53 1
14 47 50 19 85 92 11 9 76 47 35 21 43 2
15 84 10 28 33 81 55 18 11 34 43 5 90 2
16 30 51 82 37 27 24 38 63 82 74 20 20 3
17 62 74 98 68 35 63 20 51 79 52 60 58 1
18 58 83 95 5 31 28 31 46 12 10 89 73 1
19 33 40 30 6 18 73 2 32 27 52 55 25 2
