3 20
217 223 187 
0 91 98 23 17 34 35 41 73 66 65 42 41 2
1 19 27 66 69 13 4 48 31 19 100 8 49 2
2 85 81 60 51 24 22 27 47 66 3 18 6 2
3 63 54 91 100 58 55 11 39 17 58 1 3 3
4 86 95 53 45 86 96 80 77 2 47 53 20 3
5 15 12 70 67 17 13 50 1 42 74 96 26 1
6 101 96 22 22 43 49 83 49 56 77 80 39 1
7 39 38 71 77 9 15 32 18 99 1 94 82 1
8 23 28 100 94 64 69 93 100 86 47 12 91 2
9 71 65 22 19 57 66 31 32 19 42 72 23 1
10 67 58 87 97 44 43 73 58 22 9 99 80 1
11 98 94 2 4 16 15 36 73 91 69 2 76 3
12 1 3 54 53 103 96 93 57 51 22 6 29 1
13 1 3 49 49 78 88 49 67 46 38 18 87 3
14 1 7 43 34 60 68 57 75 11 9 23 18 1
15 81 75 105 98 21 20 91 98 57 28 69 16 1
16 85 76 68 62 40 49 48 90 26 27 58 76 3
17 59 51 49 45 33 32 80 26 27 91 17 27 3
18 24 32 53 54 74 69 88 90 29 43 82 17 1
19 91 93 64 59 32 34 64 67 48 83 81 86 1
