3 20
169 230 255 
0 1 55 78 73 54 92 29 89 29 88 39 3 3
1 58 91 74 26 83 68 43 29 87 24 51 50 3
2 15 21 24 92 24 62 98 80 18 80 15 23 3
3 11 6 96 53 72 99 87 39 52 82 26 1 3
4 45 47 21 90 90 40 34 25 67 29 26 3 1
5 24 33 33 79 41 34 2 40 65 58 48 38 1
6 93 28 49 55 98 81 96 79 12 61 73 32 1
7 27 35 67 81 100 20 42 77 21 25 1 73 1
8 90 24 42 99 95 65 65 88 86 3 83 59 2
9 90 69 58 16 19 70 78 84 78 96 35 89 2
10 22 87 15 25 99 72 39 31 13 18 6 44 1
11 90 66 55 77 27 87 45 12 85 11 72 41 2
12 18 51 79 94 39 44 14 74 49 51 91 31 2
13 65 7 6 46 46 92 31 2 59 63 45 66 1
14 18 40 91 74 63 1 10 11 55 96 89 30 3
15 47 40 92 54 44 77 89 38 10 84 12 27 1
16 49 52 94 39 38 17 99 31 35 96 84 62 2
17 65 11 2 6 38 92 67 48 7 53 29 99 3
18 46 44 82 67 19 81 63 53 76 59 37 54 1
19 77 41 73 8 62 82 86 96 86 94 99 14 2
