3 20
465 464 483 
0 57 76 33 95 18 13 26 41 1 68 67 33 1
1 33 73 42 7 58 50 2 27 25 12 79 28 3
2 79 19 87 89 88 60 82 68 92 98 57 26 1
3 91 56 75 2 52 57 33 37 7 26 44 58 3
4 36 21 5 71 73 14 51 27 89 70 88 99 1
5 100 6 8 53 17 7 55 24 2 47 50 1 3
6 80 78 29 4 85 31 60 25 61 24 84 58 2
7 78 68 11 7 51 45 22 44 48 65 8 52 3
8 25 6 78 72 38 39 83 40 2 11 8 87 2
9 25 51 86 5 54 60 64 77 56 41 18 32 1
10 70 48 62 87 47 33 6 40 13 86 82 37 3
11 82 68 54 78 19 89 71 2 57 56 60 93 2
12 70 53 22 95 83 46 4 78 17 99 31 99 3
13 17 85 65 31 6 70 64 92 80 67 98 75 3
14 74 33 38 68 11 94 40 51 25 44 96 29 1
15 75 37 27 52 80 74 78 65 19 77 8 14 3
16 21 62 65 40 18 27 43 32 11 43 62 86 3
17 81 33 17 27 46 22 43 25 40 54 93 18 1
18 77 2 14 24 50 39 51 75 93 46 12 36 3
19 88 55 85 21 73 96 13 1 80 81 27 51 2
