3 20
208 194 178 
0 64 99 40 18 17 36 20 56 84 33 44 84 2
1 24 72 33 14 49 49 63 64 21 10 84 80 2
2 6 2 6 72 15 43 42 69 62 18 31 31 3
3 74 51 58 5 35 52 33 64 67 61 50 84 1
4 31 96 100 46 76 97 53 69 12 16 64 64 3
5 7 77 15 32 24 78 25 89 90 51 85 46 1
6 47 49 96 75 44 2 27 77 84 48 74 52 2
7 13 19 54 58 94 96 46 58 96 19 80 96 1
8 24 17 77 91 29 58 48 94 2 33 2 60 3
9 92 14 61 60 29 15 49 30 14 49 97 19 3
10 61 55 45 2 38 40 40 69 31 11 1 29 2
11 81 35 45 45 18 56 7 46 68 35 68 22 2
12 45 8 5 58 66 1 84 54 22 51 82 30 2
13 36 76 76 14 25 61 86 44 81 50 56 52 2
14 9 52 73 79 46 13 96 98 66 89 6 50 3
15 98 80 42 95 95 17 98 68 81 49 33 2 2
16 100 93 52 79 97 66 53 60 22 1 85 68 2
17 56 28 92 22 29 17 83 46 11 83 81 67 1
18 36 85 73 7 9 30 28 16 71 77 98 82 3
19 3 34 92 100 88 67 9 80 43 82 51 13 2
