3 20
212 135 199 
0 40 30 59 49 77 67 58 14 67 54 65 36 2
1 53 43 37 27 14 4 95 12 40 95 78 17 2
2 77 67 11 1 54 44 79 99 87 88 76 87 2
3 53 43 62 52 78 68 52 18 32 69 63 97 2
4 55 45 25 15 96 86 53 68 18 95 59 27 2
5 51 41 51 41 52 42 50 81 69 31 46 71 3
6 68 58 14 4 61 51 29 34 1 41 53 79 3
7 35 25 19 9 96 86 97 86 57 46 91 87 1
8 73 63 23 13 74 64 30 31 22 21 7 94 2
9 40 30 17 7 85 75 11 49 13 97 28 34 2
10 66 56 21 11 67 57 62 7 12 27 49 80 1
11 104 94 104 94 13 3 21 27 82 69 75 10 3
12 38 28 64 54 91 81 94 82 83 29 71 14 1
13 64 54 13 3 69 59 13 67 4 42 10 1 2
14 76 66 15 5 53 43 76 92 76 56 85 77 3
15 102 92 43 33 83 73 63 33 1 42 100 1 1
16 86 76 52 42 19 9 5 57 10 92 13 78 2
17 45 35 98 88 50 40 96 84 88 48 18 88 2
18 51 41 97 87 52 42 7 47 79 71 64 80 2
19 85 75 54 44 14 4 53 60 68 48 37 74 2
