3 20
198 224 185 
0 69 65 80 83 1 2 17 22 73 56 57 8 3
1 71 69 18 12 44 46 100 74 79 50 14 69 1
2 24 23 88 94 63 64 25 17 64 68 33 67 1
3 5 4 56 51 13 5 92 20 81 32 31 86 3
4 29 33 75 76 21 26 38 16 3 18 15 80 1
5 62 71 9 17 64 72 62 82 11 29 63 88 2
6 35 42 64 69 85 95 77 9 61 74 68 28 3
7 88 93 26 31 79 70 37 80 2 63 12 96 3
8 51 50 15 17 92 83 17 84 54 48 8 59 2
9 29 23 80 78 15 24 85 28 49 26 32 93 2
10 37 37 73 83 14 22 26 92 74 89 1 66 2
11 74 80 88 91 1 1 63 74 66 73 50 99 3
12 20 25 69 68 24 18 50 29 29 80 78 9 3
13 83 89 41 36 81 74 95 87 48 37 64 9 2
14 86 78 16 12 46 39 73 26 86 43 100 8 3
15 57 62 94 84 89 99 89 89 82 58 94 8 2
16 35 38 20 25 11 11 48 40 98 13 67 8 3
17 82 85 74 80 64 74 63 24 7 14 76 99 3
18 19 10 19 25 48 47 57 6 32 40 26 7 1
19 20 15 88 90 61 56 43 46 45 34 84 40 2
