3 20
199 185 191 
0 26 31 45 50 77 68 71 88 29 78 65 31 2
1 2 12 49 54 96 89 93 29 31 57 26 35 3
2 65 66 35 44 12 15 69 35 98 1 23 28 3
3 49 55 1 1 57 56 68 67 7 54 72 24 3
4 72 64 18 14 64 65 22 54 1 100 19 100 3
5 30 21 77 76 24 22 63 10 31 13 82 99 1
6 90 81 11 7 40 34 29 21 19 41 45 18 2
7 56 47 96 86 26 24 19 98 3 38 59 55 1
8 58 65 35 31 1 6 4 100 50 39 14 65 1
9 87 82 38 36 73 83 42 78 77 58 12 84 1
10 23 23 72 70 1 8 61 67 81 46 85 91 1
11 81 75 93 85 99 96 59 91 37 9 82 83 1
12 43 40 90 82 26 33 68 10 59 44 52 40 1
13 75 76 23 22 73 69 37 40 6 6 31 13 1
14 51 56 89 91 19 17 57 90 19 21 5 83 2
15 46 48 62 63 86 85 18 80 79 99 27 69 3
16 16 9 91 87 84 74 77 62 99 10 14 52 2
17 28 20 18 14 2 9 8 98 7 96 55 88 1
18 72 81 1 3 22 18 48 75 62 13 32 78 3
19 44 46 17 12 85 87 64 22 1 62 12 2 2
