3 20
507 423 583 
0 84 74 103 93 21 11 38 35 44 85 2 42 1
1 37 27 13 3 98 88 37 57 8 90 100 62 1
2 93 83 27 17 62 52 58 24 84 33 82 26 1
3 45 35 54 44 70 60 72 11 21 39 34 38 2
4 79 69 49 39 20 10 92 62 96 88 67 11 3
5 51 41 51 41 60 50 87 76 88 77 7 49 2
6 64 54 18 8 65 55 95 48 61 88 63 77 2
7 35 25 11 1 88 78 26 32 75 73 61 80 3
8 29 19 79 69 22 12 56 12 5 42 5 56 1
9 56 46 33 23 101 91 67 98 25 69 85 14 2
10 86 76 33 23 87 77 82 74 82 53 2 22 2
11 68 58 76 66 85 75 1 46 19 61 67 31 2
12 82 72 108 98 35 25 61 66 18 29 65 9 2
13 84 74 41 31 89 79 16 53 96 6 48 93 2
14 16 6 63 53 101 91 13 41 58 94 23 2 1
15 94 84 35 25 75 65 77 50 85 53 15 25 3
16 30 20 104 94 71 61 27 13 30 44 96 66 1
17 61 51 14 4 66 56 59 36 43 65 86 29 3
18 71 61 25 15 72 62 89 30 76 63 91 72 2
19 49 39 110 100 78 68 99 80 55 71 66 58 2
