3 20
547 466 485 
0 48 43 24 62 1 80 69 94 86 57 53 76 1
1 16 88 25 22 41 65 86 34 97 36 80 99 1
2 6 26 6 96 15 67 98 82 91 71 19 27 3
3 74 55 50 1 27 56 71 80 1 55 84 60 1
4 47 52 16 2 92 53 81 40 70 56 10 89 1
5 71 89 79 44 88 98 26 38 89 45 24 54 1
6 67 93 16 19 64 46 50 82 94 92 2 78 3
7 5 59 46 6 78 44 23 14 96 34 53 8 2
8 40 69 93 35 45 10 13 100 42 84 56 56 1
9 56 34 17 88 85 43 56 82 6 12 92 28 1
10 77 75 69 22 54 60 24 87 45 62 90 87 1
11 41 87 5 97 78 8 4 51 3 100 90 33 1
12 81 16 41 66 2 9 88 99 7 27 77 87 2
13 56 12 96 50 37 97 37 21 52 85 65 90 1
14 1 84 73 19 38 45 71 10 73 35 84 4 1
15 86 64 38 87 83 9 56 39 43 11 25 89 3
16 56 29 100 15 53 2 3 94 91 91 31 56 1
17 24 64 60 58 97 45 25 53 98 33 39 49 3
18 20 53 57 75 93 90 27 95 14 98 82 22 3
19 23 2 20 68 8 43 32 59 88 83 61 43 3
