3 20
539 495 511 
0 107 97 25 15 44 34 25 21 55 96 37 95 3
1 65 55 42 32 18 8 52 78 88 38 15 18 3
2 19 9 54 44 96 86 35 84 24 9 53 95 3
3 62 52 70 60 87 77 43 82 25 19 60 44 3
4 97 87 68 58 38 28 15 25 18 66 1 22 2
5 87 77 88 78 96 86 20 54 23 70 20 48 1
6 18 8 65 55 11 1 84 29 29 59 66 54 3
7 47 37 24 14 108 98 70 35 29 91 4 95 1
8 103 93 54 44 104 94 44 10 39 7 23 2 1
9 89 79 57 47 34 24 42 52 63 25 92 75 2
10 25 15 79 69 26 16 53 12 96 93 81 71 3
11 64 54 73 63 81 71 85 59 83 4 33 56 2
12 84 74 11 1 37 27 62 81 78 70 38 28 1
13 25 15 73 63 22 12 27 21 99 46 58 13 1
14 31 21 69 59 108 98 34 37 100 28 100 78 2
15 43 33 75 65 16 6 30 59 80 7 57 88 3
16 100 90 75 65 41 31 9 34 75 67 73 23 3
17 34 24 94 84 47 37 36 44 96 51 5 77 1
18 109 99 56 46 110 100 69 31 76 72 69 16 1
19 70 60 38 28 99 89 77 83 21 45 20 22 1
