3 20
502 567 374 
0 43 77 20 95 96 14 97 61 98 42 18 3 1
1 8 45 16 88 33 22 47 54 91 14 34 88 1
2 69 83 70 54 78 24 66 61 27 67 53 86 3
3 61 4 38 51 22 5 79 89 85 89 20 97 2
4 7 21 75 72 44 14 10 96 55 71 77 90 3
5 10 39 19 85 27 40 89 33 9 64 10 4 3
6 7 54 55 81 12 7 17 85 18 51 49 90 2
7 73 13 13 51 46 90 76 72 100 81 75 97 2
8 44 54 96 21 57 87 11 37 92 92 41 59 3
9 72 75 32 30 1 76 34 21 70 62 46 42 2
10 84 97 77 35 61 82 58 48 76 60 45 54 3
11 12 92 85 3 57 13 91 37 80 72 92 72 1
12 44 1 5 52 65 94 64 42 49 52 52 3 2
13 75 25 16 64 56 10 41 38 33 98 77 68 1
14 64 6 37 40 9 67 19 84 2 34 2 18 3
15 37 86 90 100 42 23 91 67 56 99 90 72 1
16 23 66 68 53 20 39 45 37 76 99 20 75 2
17 95 21 32 16 68 10 72 62 12 54 59 25 3
18 92 74 28 97 65 19 50 51 17 48 60 78 2
19 87 71 83 46 80 12 2 59 42 71 73 89 3
