3 20
618 479 498 
0 10 88 87 6 63 25 93 52 91 59 84 14 3
1 75 76 91 11 100 53 11 92 76 95 97 44 3
2 88 6 97 85 97 55 6 33 90 59 81 74 3
3 36 99 13 54 97 100 68 35 6 90 96 86 3
4 34 8 2 59 79 9 36 15 39 68 26 91 3
5 53 42 62 88 70 43 96 81 86 36 12 3 3
6 14 13 62 40 11 66 5 80 9 16 98 54 3
7 100 44 32 82 73 21 84 60 26 100 99 81 3
8 75 61 27 28 88 2 100 28 54 53 53 75 3
9 59 86 27 33 88 87 63 45 44 26 71 75 2
10 15 52 100 90 92 37 46 42 25 8 67 8 2
11 31 55 96 66 68 76 31 91 91 97 39 64 1
12 7 80 68 23 20 73 40 86 83 47 68 49 2
13 26 80 67 27 15 65 76 92 25 91 3 39 3
14 91 97 56 23 28 58 21 21 23 40 64 31 3
15 36 5 89 27 33 42 13 66 86 13 100 99 1
16 6 77 59 64 3 50 72 24 98 61 96 48 2
17 14 80 51 75 87 69 57 77 59 88 95 77 2
18 11 93 47 16 84 30 8 24 72 16 21 90 2
19 50 94 38 61 35 35 64 44 29 62 14 99 3
