3 20
469 435 553 
0 95 85 14 4 32 22 33 87 40 41 33 34 3
1 12 2 88 78 65 55 77 33 4 78 97 2 1
2 16 6 58 48 93 83 28 23 42 99 33 15 3
3 12 2 29 19 37 27 3 33 41 74 49 57 3
4 102 92 80 70 51 41 42 22 79 35 88 66 3
5 78 68 78 68 79 69 24 1 81 89 80 28 2
6 67 57 13 3 68 58 39 2 70 47 95 86 1
7 110 100 86 76 63 53 96 11 66 95 73 60 2
8 16 6 66 56 17 7 81 81 25 74 6 51 3
9 83 73 60 50 28 18 43 56 18 24 82 44 3
10 89 79 36 26 90 80 11 36 41 78 45 60 1
11 11 1 19 9 28 18 15 78 54 94 73 32 1
12 41 31 67 57 102 92 26 27 65 69 40 32 3
13 91 81 40 30 96 86 57 72 78 23 59 19 1
14 55 45 94 84 32 22 99 67 39 43 82 12 2
15 21 11 54 44 94 84 60 31 26 30 75 15 3
16 45 35 11 1 86 76 54 36 35 29 98 24 2
17 84 74 45 35 97 87 64 33 7 28 68 30 3
18 74 64 28 18 83 73 59 18 79 99 38 16 3
19 36 26 105 95 65 55 66 52 54 57 86 25 3
