3 20
435 558 557 
0 73 32 57 51 34 69 77 63 64 47 88 37 2
1 41 57 50 99 66 34 17 16 94 78 81 50 2
2 79 95 87 65 88 36 81 57 90 83 38 61 2
3 99 52 75 6 60 53 71 3 62 99 90 38 2
4 20 65 89 15 57 66 75 44 69 28 46 35 3
5 36 86 36 41 45 87 3 4 27 29 44 27 1
6 60 34 9 60 65 87 62 44 62 2 22 33 3
7 86 28 19 67 59 5 37 85 81 89 66 69 1
8 9 54 62 28 22 95 58 87 49 34 19 46 1
9 61 31 30 85 90 32 15 76 94 55 31 78 1
10 54 20 38 67 23 5 60 35 30 36 71 35 1
11 22 24 94 34 59 45 76 1 37 39 48 93 3
12 26 45 86 87 47 38 27 95 47 87 32 47 3
13 5 49 45 95 86 34 54 54 29 63 5 16 3
14 74 1 46 36 19 62 7 44 7 73 7 15 3
15 87 45 39 68 84 82 43 83 53 71 16 94 1
16 65 26 17 4 62 91 58 60 71 98 51 48 1
17 5 5 41 99 78 94 99 91 48 60 95 40 3
18 1 34 38 56 74 79 16 69 32 61 60 36 2
19 68 87 65 53 53 20 93 91 11 1 30 57 2
