3 20
558 565 534 
0 52 10 29 28 5 47 81 90 76 99 1 5 2
1 25 30 33 65 50 7 67 22 31 50 82 74 2
2 42 68 51 39 51 17 14 15 53 82 17 18 3
3 86 5 63 52 39 6 15 57 81 49 90 68 2
4 88 90 64 33 33 83 43 96 72 37 80 35 3
5 39 48 48 2 48 49 3 84 45 41 79 75 3
6 20 39 76 66 25 92 22 3 74 61 52 87 3
7 46 14 78 52 19 91 100 32 85 65 48 7 2
8 29 83 89 58 42 24 97 91 99 10 9 9 3
9 41 92 1 47 70 1 5 45 46 12 67 64 1
10 77 62 62 8 54 47 69 85 96 18 66 21 2
11 61 73 26 84 98 94 17 93 57 22 95 24 3
12 25 38 86 81 46 31 92 39 56 23 58 74 1
13 36 98 77 37 25 83 74 30 62 8 83 28 1
14 37 63 10 89 74 24 13 34 4 57 86 95 2
15 34 51 79 73 31 88 20 94 55 31 69 86 2
16 88 99 33 78 85 64 75 87 7 37 99 3 2
17 52 98 89 93 25 87 67 88 80 60 11 67 1
18 49 23 85 46 22 68 53 81 19 12 20 100 1
19 60 32 48 99 45 65 96 96 60 42 34 99 2
