3 20
218 223 206 
0 22 77 98 96 83 14 63 10 61 33 20 22 1
1 82 18 91 60 7 95 32 3 78 73 12 25 1
2 52 40 60 10 61 89 47 42 80 94 55 63 1
3 32 53 8 99 85 54 30 89 43 74 28 46 3
4 77 22 46 72 14 15 98 61 1 11 29 95 3
5 21 71 29 18 38 72 20 2 84 27 43 13 2
6 33 31 82 57 38 84 13 48 6 81 12 56 3
7 67 49 8 88 48 26 16 19 100 52 75 66 3
8 62 95 23 61 75 36 94 8 92 15 40 11 2
9 18 100 79 54 47 1 69 11 15 46 100 23 1
10 99 45 83 92 76 30 74 44 84 18 60 10 2
11 51 17 23 27 88 38 46 22 62 11 66 93 1
12 19 58 79 100 40 51 46 12 55 32 49 33 3
13 26 58 74 4 15 43 15 12 36 82 54 82 1
14 63 78 27 13 100 39 2 18 84 50 42 92 3
15 100 34 52 49 97 71 3 17 11 44 67 13 2
16 26 79 70 65 23 44 28 86 82 88 14 30 3
17 18 18 54 12 91 99 19 74 16 62 89 68 3
18 98 55 35 77 71 92 28 100 33 10 92 69 1
19 93 96 82 62 78 37 62 77 87 86 65 73 3
