3 20
222 187 230 
0 51 41 70 60 88 78 70 26 87 47 50 72 2
1 28 18 104 94 81 71 70 93 87 69 13 74 3
2 108 98 42 32 85 75 98 100 81 25 78 1 2
3 28 18 37 27 53 43 45 95 10 8 28 5 1
4 86 76 56 46 27 17 61 18 30 20 50 59 2
5 70 60 78 68 79 69 67 56 25 77 92 59 3
6 63 53 17 7 64 54 30 35 25 6 88 12 2
7 110 100 86 76 71 61 87 90 37 55 6 35 3
8 60 50 110 100 61 51 75 54 76 50 53 87 1
9 75 65 44 34 12 2 10 66 80 88 48 16 1
10 77 67 24 14 78 68 48 54 10 29 48 91 1
11 39 29 47 37 56 46 82 9 69 95 17 4 1
12 97 87 31 21 58 48 31 71 96 42 21 38 2
13 71 61 20 10 68 58 61 26 82 14 45 27 1
14 15 5 54 44 92 82 60 61 11 10 16 92 2
15 29 19 70 60 102 92 98 82 92 50 10 66 3
16 101 91 67 57 34 24 86 67 57 30 64 74 3
17 68 58 29 19 81 71 74 35 70 89 91 93 3
18 54 44 108 98 55 45 67 70 55 79 75 71 1
19 80 70 41 31 109 99 29 79 96 84 97 24 2
