3 20
441 437 509 
0 73 63 92 82 110 100 97 100 94 52 94 36 1
1 70 60 46 36 23 13 48 18 66 71 80 74 1
2 62 52 96 86 39 29 93 91 13 86 94 93 3
3 70 60 79 69 95 85 95 59 11 70 18 23 3
4 48 38 18 8 89 79 56 23 13 75 28 95 1
5 24 14 24 14 33 23 47 24 59 67 64 65 2
6 61 51 15 5 62 52 78 61 80 6 69 61 2
7 60 50 36 26 13 3 69 41 14 93 5 87 1
8 42 32 84 74 35 25 6 28 30 83 83 92 2
9 29 19 98 88 74 64 13 89 78 90 92 76 2
10 83 73 30 20 84 74 3 6 86 75 33 38 3
11 25 15 33 23 42 32 48 48 98 41 10 29 1
12 23 13 49 39 76 66 61 73 19 23 54 67 3
13 77 67 34 24 82 72 70 86 36 53 37 2 3
14 85 75 24 14 62 52 60 52 42 41 86 14 3
15 75 65 108 98 48 38 45 57 47 35 15 79 3
16 23 13 89 79 56 46 3 93 45 64 2 94 2
17 30 20 83 73 43 33 74 96 5 57 4 95 3
18 68 58 14 4 69 59 35 20 49 68 86 21 3
19 54 44 23 13 83 73 54 43 78 13 69 65 3
