3 20
617 533 497 
0 62 52 81 71 99 89 43 94 37 27 24 52 3
1 95 85 79 69 56 46 64 61 53 27 16 74 2
2 31 21 73 63 108 98 39 61 28 5 39 43 1
3 95 85 12 2 20 10 39 45 9 12 58 4 2
4 17 7 87 77 58 48 17 43 86 45 49 5 1
5 97 87 105 95 106 96 20 98 10 7 18 79 3
6 66 56 12 2 67 57 91 49 99 88 10 23 1
7 85 75 61 51 46 36 53 82 76 33 33 38 1
8 55 45 97 87 48 38 85 30 14 55 85 47 1
9 102 92 71 61 47 37 85 47 47 63 51 88 3
10 80 70 27 17 81 71 21 54 30 54 21 67 3
11 82 72 90 80 99 89 79 18 6 3 28 21 2
12 64 54 90 80 17 7 35 75 28 10 35 47 2
13 78 68 27 17 75 65 28 63 15 62 52 59 1
14 46 36 85 75 23 13 50 76 52 22 25 42 1
15 48 38 89 79 29 19 8 92 65 41 69 100 1
16 108 98 74 64 49 39 22 23 1 69 93 36 2
17 99 89 60 50 12 2 5 12 67 80 73 83 1
18 57 47 11 1 58 48 35 43 73 27 79 83 1
19 67 57 36 26 96 86 8 3 91 58 38 27 1
