3 20
491 552 417 
0 88 86 1 5 31 23 29 12 40 52 40 30 1
1 49 51 83 93 22 28 33 1 22 54 51 45 3
2 24 21 86 91 63 62 34 9 31 62 62 35 2
3 57 54 106 100 52 55 100 78 19 32 39 38 2
4 10 7 56 57 2 8 95 47 90 52 11 55 2
5 41 44 88 91 43 45 66 92 3 75 28 99 1
6 84 84 5 10 34 37 14 80 6 80 66 60 1
7 17 26 70 65 8 3 41 14 33 43 62 54 3
8 26 24 90 98 67 65 50 77 77 76 87 35 1
9 19 13 70 67 5 14 34 72 16 39 25 8 2
10 96 98 53 45 73 83 34 2 89 60 45 27 1
11 80 82 92 92 1 3 26 59 33 64 20 7 1
12 19 27 79 69 15 20 38 45 36 76 1 37 2
13 79 75 19 13 69 60 92 22 73 72 98 37 3
14 81 79 11 6 49 40 63 13 21 59 72 25 2
15 56 59 80 82 96 96 45 43 2 61 13 11 2
16 42 48 25 34 18 21 24 77 10 23 55 64 3
17 7 7 1 1 102 96 43 10 66 92 55 68 3
18 57 60 86 82 15 5 85 94 36 36 98 46 3
19 35 37 1 3 68 70 87 79 76 25 57 8 3
