3 20
179 204 250 
0 31 10 15 29 92 47 52 38 93 36 95 92 1
1 99 3 8 45 24 80 67 64 13 37 17 13 3
2 25 33 33 3 34 74 63 41 56 72 29 9 2
3 49 54 33 100 10 55 72 40 81 64 4 80 1
4 58 91 35 33 3 84 61 35 23 99 46 39 3
5 50 80 58 35 59 81 74 32 87 37 52 3 1
6 46 16 3 42 51 69 45 21 67 86 81 96 1
7 40 58 73 97 13 35 8 93 40 91 68 4 2
8 55 32 8 98 60 73 56 52 52 86 74 4 1
9 87 17 48 71 16 18 18 72 84 21 95 10 2
10 92 10 76 57 69 95 63 69 57 43 54 66 2
11 92 98 64 8 29 19 99 4 92 14 90 88 2
12 100 87 60 29 21 80 73 67 71 79 2 6 3
13 95 31 35 77 76 24 95 42 37 40 82 60 1
14 28 35 100 62 73 96 69 20 37 99 2 86 3
15 97 99 41 22 94 36 59 20 72 29 41 49 1
16 91 4 35 90 88 77 57 77 35 36 29 9 3
17 75 87 11 81 48 76 35 72 17 42 13 57 3
18 55 4 92 26 36 41 69 59 7 97 17 68 3
19 58 49 47 15 43 90 11 81 5 81 89 63 1
