3 20
425 578 439 
0 85 75 96 94 15 12 29 51 75 9 78 81 3
1 25 28 64 62 1 5 91 14 86 83 100 71 3
2 99 90 61 60 38 31 8 83 7 52 14 64 1
3 59 51 1 5 54 52 53 10 70 99 14 26 2
4 26 20 80 70 18 13 3 52 80 63 89 82 1
5 43 41 90 88 45 42 12 73 46 30 15 41 1
6 21 25 42 51 71 78 8 47 42 34 84 10 1
7 91 87 31 26 61 64 67 88 13 43 74 62 3
8 24 17 80 83 44 50 93 29 61 74 76 95 1
9 19 10 54 56 5 11 94 95 17 38 50 65 3
10 44 43 80 90 21 28 99 79 53 3 65 100 3
11 26 19 30 29 44 40 37 83 96 34 29 95 3
12 49 48 96 90 32 41 50 28 79 15 86 74 1
13 6 12 62 58 104 97 10 74 22 37 32 76 1
14 85 88 15 23 45 49 26 79 38 19 89 67 1
15 23 32 60 55 84 77 35 6 50 12 98 19 1
16 51 45 13 23 19 10 30 25 79 87 99 49 2
17 56 56 38 42 30 37 20 89 46 85 89 64 1
18 49 49 70 63 78 86 59 72 39 16 64 54 2
19 12 14 80 88 53 55 98 14 36 70 89 52 1
