3 20
517 393 485 
0 29 19 47 37 66 56 76 11 74 80 61 51 2
1 99 89 84 74 60 50 84 25 22 14 63 43 3
2 73 63 16 6 50 40 39 32 50 42 59 12 1
3 104 94 20 10 29 19 88 87 73 45 11 60 3
4 59 49 30 20 100 90 81 64 80 4 76 76 3
5 33 23 42 32 42 32 42 76 16 9 33 39 3
6 16 6 63 53 17 7 40 19 31 56 40 99 3
7 97 87 74 64 50 40 69 8 98 68 11 87 2
8 85 75 36 26 78 68 95 39 2 13 36 36 3
9 43 33 19 9 88 78 80 20 14 21 48 35 2
10 31 21 85 75 32 22 78 28 64 13 46 55 2
11 50 40 59 49 59 49 41 37 67 73 56 36 1
12 102 92 29 19 55 45 86 95 96 38 36 41 2
13 31 21 87 77 36 26 16 46 73 62 28 58 1
14 101 91 39 29 78 68 20 100 48 59 99 63 2
15 89 79 21 11 62 52 100 95 8 21 63 11 1
16 30 20 97 87 63 53 10 83 91 29 14 25 3
17 96 86 48 38 101 91 71 49 34 40 6 24 2
18 15 5 70 60 24 14 15 59 23 58 88 16 3
19 52 42 20 10 81 71 87 95 36 54 83 63 2
