3 20
589 459 515 
0 106 96 25 15 43 33 13 94 55 6 13 86 2
1 79 69 55 45 40 30 51 56 53 40 18 30 3
2 47 37 81 71 24 14 58 52 98 45 2 13 3
3 87 77 96 86 12 2 59 92 21 49 70 70 3
4 33 23 11 1 82 72 28 69 30 82 85 26 3
5 97 87 105 95 106 96 68 87 50 65 46 49 3
6 62 52 16 6 63 53 34 41 17 64 62 94 2
7 77 67 61 51 38 28 41 30 44 41 50 34 2
8 103 93 53 43 104 94 52 85 17 72 69 94 3
9 18 8 87 77 55 45 61 49 4 77 44 83 1
10 92 82 47 37 93 83 36 84 65 37 28 67 3
11 54 44 62 52 71 61 15 27 97 50 50 18 1
12 108 98 34 24 61 51 25 1 72 76 95 61 3
13 98 88 47 37 95 85 29 64 45 59 54 19 1
14 94 84 33 23 71 61 9 41 62 82 41 43 3
15 40 30 81 71 13 3 34 21 24 68 72 53 2
16 60 50 26 16 93 83 86 84 39 28 80 41 1
17 15 5 76 66 28 18 28 95 60 37 34 81 1
18 85 75 31 21 86 76 87 87 73 80 54 56 3
19 23 13 92 82 52 42 38 14 37 2 2 38 2
