3 20
313 565 427 
0 18 8 36 26 55 45 25 86 47 18 52 24 3
1 32 22 109 99 85 75 10 13 5 37 22 87 1
2 50 40 85 75 27 17 10 34 26 55 25 36 1
3 37 27 45 35 62 52 57 48 29 62 92 96 2
4 28 18 99 89 69 59 69 92 52 59 58 72 1
5 14 4 15 5 15 5 3 83 36 26 81 1 2
6 13 3 68 58 14 4 39 9 84 2 12 53 3
7 22 12 99 89 83 73 51 40 63 54 51 21 2
8 98 88 41 31 91 81 37 45 20 71 75 69 3
9 16 6 84 74 61 51 79 23 81 34 85 5 1
10 28 18 82 72 29 19 75 25 92 89 2 19 3
11 107 97 16 6 16 6 67 38 72 99 33 52 1
12 43 33 70 60 96 86 71 18 10 23 57 49 1
13 32 22 80 70 29 19 9 76 67 12 79 2 1
14 70 60 108 98 47 37 63 70 30 82 42 67 1
15 62 52 102 92 35 25 8 87 83 77 98 45 3
16 15 5 82 72 56 46 7 70 51 39 90 71 2
17 65 55 17 7 78 68 100 17 65 76 83 67 3
18 12 2 67 57 13 3 3 56 94 93 6 74 2
19 65 55 25 15 94 84 16 71 89 97 14 15 2
