3 20
559 570 527 
0 69 64 80 83 1 1 9 88 83 4 69 34 2
1 106 97 32 39 79 74 84 29 24 100 30 34 1
2 61 59 36 29 100 100 48 68 70 21 11 20 1
3 48 56 5 2 64 57 28 66 48 9 97 7 2
4 29 33 75 75 21 26 23 1 100 15 51 75 1
5 45 38 92 85 47 39 45 61 63 90 69 37 3
6 58 66 87 92 29 19 65 15 14 77 91 53 3
7 60 56 92 95 30 33 97 49 91 63 19 81 2
8 1 2 70 68 42 43 40 80 97 79 92 94 2
9 103 99 54 53 18 8 15 2 27 11 12 13 1
10 92 88 28 35 69 73 38 100 35 17 33 57 3
11 64 56 76 66 69 77 15 2 85 82 17 74 3
12 79 69 13 19 62 62 98 20 91 88 26 23 2
13 49 57 89 95 39 42 37 64 76 31 85 67 3
14 10 5 48 40 70 66 63 57 70 87 77 57 1
15 11 13 35 36 43 50 39 23 94 4 60 45 3
16 39 34 22 20 107 99 96 22 42 70 42 41 1
17 97 97 87 91 71 78 3 95 55 12 79 52 1
18 33 30 62 52 62 67 41 83 90 55 13 27 1
19 97 99 57 65 38 40 60 64 20 41 10 63 3
