3 20
530 457 510 
0 77 99 62 17 38 36 60 51 71 22 67 19 1
1 50 99 58 42 75 76 32 55 79 46 37 63 2
2 15 37 24 16 24 86 74 64 15 8 21 42 2
3 11 2 88 57 64 3 96 75 2 24 11 49 1
4 61 95 29 46 6 96 31 16 50 65 97 100 3
5 96 45 5 99 13 46 98 46 36 78 16 25 1
6 21 72 69 99 18 25 75 94 96 51 47 37 3
7 19 83 59 21 92 60 78 57 54 49 77 82 2
8 6 76 58 43 11 9 58 42 77 56 14 25 3
9 46 89 14 44 75 90 12 61 90 68 68 47 3
10 46 7 31 53 23 92 77 32 77 95 97 88 1
11 42 10 15 21 79 31 15 76 70 100 99 90 2
12 62 59 23 2 83 52 1 27 84 78 39 99 1
13 85 35 26 82 66 28 51 42 49 87 49 49 1
14 10 80 83 6 55 41 40 22 82 21 1 32 1
15 35 24 80 46 32 69 6 51 21 52 8 68 1
16 97 88 50 75 94 53 24 37 42 99 50 96 2
17 33 39 70 34 6 28 57 98 49 8 82 70 3
18 30 12 66 27 3 49 52 4 59 3 38 44 3
19 5 9 93 84 90 50 72 82 83 60 18 86 3
