3 20
190 191 235 
0 7 9 26 28 37 46 93 76 64 29 92 79 2
1 59 58 98 92 32 35 11 2 88 52 53 7 2
2 10 12 85 82 49 53 66 1 68 72 96 38 1
3 61 57 10 3 48 50 27 42 100 17 27 32 2
4 91 90 37 32 83 83 91 5 84 78 13 15 2
5 13 15 68 70 7 16 63 75 9 53 55 68 2
6 64 63 93 89 14 16 89 40 16 18 15 59 2
7 78 77 18 16 48 54 33 48 34 68 83 86 2
8 46 43 10 9 66 76 98 12 84 24 95 70 3
9 66 76 22 22 73 77 27 93 89 72 28 43 3
10 19 13 60 52 96 98 70 87 56 49 23 86 3
11 44 49 56 59 62 70 58 30 4 63 54 56 1
12 90 82 24 32 73 75 1 67 20 37 31 16 3
13 66 58 14 4 43 51 90 21 88 42 57 47 3
14 88 90 18 17 56 51 89 81 96 54 30 27 1
15 1 2 17 25 33 39 9 81 7 60 47 73 2
16 84 87 67 73 52 60 8 71 82 46 57 51 2
17 18 10 100 96 92 91 82 73 63 2 31 4 2
18 61 51 69 73 90 88 23 60 17 14 40 57 2
19 6 8 87 82 47 49 67 13 18 100 35 53 2
