3 20
192 197 200 
0 68 66 45 84 29 3 68 5 45 31 72 15 2
1 33 14 41 57 58 91 86 49 7 50 15 37 3
2 42 52 43 23 51 93 33 27 41 32 64 71 3
3 86 1 71 56 47 2 3 15 92 71 10 3 2
4 72 34 48 77 17 27 70 15 84 53 78 95 2
5 67 36 76 82 84 37 19 58 84 58 50 90 3
6 100 95 56 22 5 48 54 59 66 50 96 71 1
7 54 74 86 12 27 51 26 43 57 73 67 99 1
8 13 39 73 6 26 72 31 53 40 55 72 42 2
9 77 72 45 27 14 73 61 61 34 95 30 51 3
10 53 42 46 80 30 27 23 62 13 50 29 62 2
11 1 29 74 40 38 50 15 47 22 26 78 97 1
12 81 22 42 73 2 15 56 90 4 50 100 54 2
13 16 62 65 9 5 47 47 61 24 32 6 22 2
14 45 23 10 57 82 84 56 58 80 87 22 37 2
15 38 59 91 81 43 4 17 76 81 76 79 93 2
16 32 55 85 42 29 28 14 2 17 39 51 93 1
17 84 70 21 57 57 51 76 98 25 9 82 66 2
18 73 63 9 78 46 100 29 31 70 68 16 43 3
19 32 56 28 23 17 97 12 50 32 6 69 93 1
