3 30
701 805 722 
0 36 26 55 45 73 63 92 16 48 77 40 12 1
1 101 91 77 67 54 44 19 93 30 38 96 5 3
2 89 79 31 21 66 56 90 49 77 19 83 21 1
3 57 47 66 56 82 72 100 68 70 77 50 72 3
4 47 37 25 15 96 86 25 67 59 20 14 71 3
5 59 49 67 57 68 58 17 88 1 66 71 31 2
6 64 54 18 8 65 55 73 38 39 65 45 36 1
7 95 85 71 61 48 38 9 74 49 95 34 34 1
8 69 59 19 9 62 52 24 49 85 53 100 35 2
9 76 66 45 35 21 11 94 6 74 5 8 69 3
10 106 96 61 51 15 5 54 83 54 58 57 38 2
11 20 10 20 10 29 19 86 10 79 85 90 41 1
12 34 24 60 50 87 77 74 57 80 13 46 48 2
13 52 42 109 99 57 47 90 40 42 59 52 70 3
14 60 50 99 89 37 27 54 24 37 89 99 73 1
15 30 20 63 53 103 93 82 46 91 36 31 39 1
16 22 12 88 78 55 45 91 100 66 20 36 78 1
17 89 79 42 32 102 92 90 32 73 94 43 18 3
18 63 53 109 99 64 54 49 89 90 94 98 45 2
19 13 3 82 72 42 32 51 73 22 48 89 64 2
20 32 22 79 69 17 7 7 67 66 74 15 59 2
21 98 88 82 72 75 65 12 32 65 4 94 11 3
22 48 38 58 48 69 59 5 21 38 13 46 80 2
23 18 8 82 72 55 45 5 80 50 22 97 98 3
24 33 23 75 65 26 16 21 50 17 23 14 4 1
25 110 100 62 52 23 13 85 74 79 22 66 23 3
26 29 19 67 57 14 4 32 71 32 9 41 7 1
27 61 51 101 91 42 32 83 57 7 12 63 38 2
28 41 31 76 66 102 92 27 24 73 100 55 66 3
29 50 40 22 12 95 85 96 33 70 61 7 53 2
