3 30
264 307 274 
0 81 71 100 90 18 8 88 47 82 83 31 41 3
1 42 32 26 16 103 93 85 51 43 47 91 36 3
2 50 40 84 74 27 17 2 92 67 73 26 68 3
3 98 88 107 97 23 13 87 91 17 95 7 36 1
4 100 90 70 60 41 31 30 85 40 30 62 24 3
5 32 22 40 30 41 31 40 65 3 44 85 37 1
6 65 55 19 9 66 56 80 85 29 24 43 29 1
7 28 18 104 94 81 71 28 55 26 65 41 86 3
8 26 16 76 66 19 9 62 42 25 15 50 60 3
9 33 23 102 92 78 68 52 72 62 19 57 38 2
10 91 81 38 28 92 82 78 29 55 30 41 46 3
11 105 95 13 3 22 12 8 23 90 76 81 54 1
12 31 21 57 47 84 74 92 45 57 36 77 50 3
13 33 23 82 72 30 20 66 20 40 28 24 42 2
14 81 71 20 10 58 48 41 20 46 23 59 73 2
15 11 1 52 42 84 74 100 80 92 28 5 89 3
16 63 53 29 19 96 86 66 85 5 34 13 47 3
17 42 32 95 85 55 45 30 19 26 72 24 90 3
18 32 22 86 76 33 23 28 16 58 95 15 82 2
19 70 60 31 21 99 89 61 57 66 50 25 28 1
20 57 47 96 86 42 32 52 100 24 68 5 61 2
21 43 33 35 25 20 10 22 83 45 4 65 48 1
22 41 31 51 41 62 52 84 1 44 22 89 57 3
23 47 37 11 1 84 74 38 98 68 20 85 91 1
24 46 36 88 78 39 29 43 41 37 81 16 42 1
25 103 93 63 53 24 14 69 72 90 91 80 8 3
26 38 28 76 66 23 13 21 76 62 79 39 60 3
27 82 72 30 20 71 61 94 13 18 18 62 15 1
28 18 8 53 43 79 69 72 11 66 9 10 85 1
29 31 21 103 93 76 66 32 12 98 12 9 68 1
