3 30
344 311 313 
0 69 73 101 91 12 10 65 21 1 19 78 45 1
1 50 57 97 100 44 34 54 78 60 16 45 65 3
2 78 75 55 46 9 16 35 40 72 71 54 49 3
3 5 8 56 55 13 9 84 58 65 63 23 85 2
4 26 17 72 68 18 10 37 44 17 24 17 43 1
5 74 79 21 25 76 80 56 41 91 6 32 60 2
6 36 42 65 69 86 95 80 2 38 11 54 36 1
7 83 89 21 27 74 66 93 89 26 5 92 78 3
8 84 90 48 57 25 23 59 74 75 34 65 76 1
9 97 95 32 42 104 96 96 40 31 13 77 27 1
10 98 93 47 39 75 78 34 25 37 47 43 41 3
11 10 4 24 15 28 25 46 67 37 69 29 56 1
12 83 89 32 32 87 82 94 99 9 26 40 48 3
13 40 33 90 80 9 18 69 99 42 21 29 17 2
14 21 26 59 60 81 87 66 43 84 65 13 75 2
15 93 90 17 12 41 35 96 82 99 37 26 42 3
16 99 98 84 85 59 63 16 1 36 10 19 22 1
17 88 97 101 92 91 86 12 50 52 7 6 72 3
18 53 62 82 85 103 99 40 95 80 69 70 28 1
19 23 15 91 90 64 56 7 28 69 48 8 38 3
20 36 38 49 45 41 51 38 15 92 11 70 39 2
21 101 97 50 55 20 22 21 69 53 81 49 75 1
22 70 73 20 24 89 82 16 13 73 30 74 40 2
23 66 56 38 38 10 13 9 26 85 100 53 90 3
24 19 18 36 36 61 55 87 4 63 15 68 81 3
25 12 5 25 20 38 42 65 72 12 51 16 10 3
26 88 91 24 26 58 68 81 63 14 100 73 45 2
27 50 49 89 87 9 18 38 74 20 22 17 65 2
28 39 31 54 53 69 76 61 59 26 13 44 97 3
29 42 32 1 3 67 73 72 78 95 9 81 8 2
