3 30
735 748 762 
0 58 61 77 79 88 98 80 67 54 99 93 13 3
1 80 81 27 24 53 58 100 2 41 35 17 63 3
2 25 23 102 94 64 64 86 61 22 99 83 80 2
3 12 8 50 55 7 9 41 19 53 9 7 4 3
4 29 29 67 72 13 22 19 65 1 41 47 58 3
5 21 11 47 57 2 12 62 28 62 15 72 7 1
6 27 30 48 57 90 83 84 35 91 94 23 7 3
7 82 77 20 15 52 54 13 84 64 75 4 80 2
8 95 86 51 53 28 19 47 8 90 97 57 28 2
9 29 35 80 90 44 44 99 88 5 42 79 51 1
10 35 41 84 79 33 26 94 90 29 74 55 20 3
11 100 92 6 3 18 13 46 45 92 2 26 56 2
12 1 5 52 56 99 98 19 93 88 33 3 53 2
13 1 5 39 44 87 90 46 33 45 95 96 19 1
14 102 98 40 32 49 59 26 15 72 21 25 30 1
15 68 66 92 88 8 11 72 5 79 78 11 17 3
16 77 70 62 57 45 35 81 23 71 19 94 27 3
17 65 61 49 48 39 42 58 19 64 92 32 28 3
18 86 90 15 13 36 27 36 51 69 68 59 38 3
19 54 59 35 34 95 100 37 54 52 69 31 57 3
20 13 18 26 25 39 31 15 98 8 13 47 55 2
21 56 61 34 27 104 94 33 98 35 98 63 69 2
22 88 89 30 40 107 98 33 45 58 99 13 19 1
23 57 48 37 30 1 5 82 31 72 48 1 69 2
24 33 30 50 48 67 67 53 32 95 28 46 79 3
25 55 49 60 64 73 78 18 98 41 75 19 52 1
26 29 31 65 66 7 8 22 15 1 32 50 96 3
27 88 85 27 23 55 62 42 92 76 89 59 5 3
28 10 19 46 41 61 64 7 40 17 21 1 54 3
29 21 12 77 83 46 53 76 85 35 40 75 25 2
