3 30
310 349 319 
0 48 38 67 57 85 75 32 46 79 35 99 99 1
1 33 23 109 99 86 76 82 58 67 15 97 42 1
2 65 55 107 97 42 32 47 99 69 86 95 69 2
3 81 71 90 80 106 96 65 42 97 6 53 77 3
4 107 97 77 67 48 38 22 13 69 20 37 73 1
5 59 49 59 49 68 58 21 23 15 17 28 77 3
6 64 54 18 8 65 55 78 49 15 47 55 46 2
7 103 93 79 69 64 54 93 28 94 11 84 88 2
8 57 47 107 97 58 48 79 22 23 98 58 52 2
9 44 34 21 11 89 79 36 93 37 72 42 18 3
10 82 72 29 19 83 73 28 41 37 55 5 68 3
11 84 74 84 74 93 83 67 65 96 68 15 64 1
12 46 36 72 62 99 89 24 42 92 88 40 31 3
13 12 2 61 51 17 7 49 23 75 70 14 52 1
14 72 62 11 1 49 39 79 39 28 57 73 34 2
15 46 36 79 69 19 9 54 11 79 6 90 24 3
16 26 16 92 82 59 49 85 35 91 45 84 38 3
17 57 47 110 100 70 60 68 31 73 12 65 79 2
18 15 5 61 51 16 6 85 84 83 69 6 69 1
19 101 91 62 52 30 20 24 58 69 51 55 95 2
20 92 82 31 21 77 67 48 44 41 83 41 34 3
21 58 48 42 32 27 17 32 26 67 55 71 95 3
22 60 50 70 60 81 71 44 25 81 12 32 6 3
23 98 88 70 60 35 25 5 75 17 55 34 41 1
24 109 99 59 49 102 92 98 40 9 53 58 76 2
25 22 12 82 72 43 33 19 25 26 97 58 14 3
26 57 47 103 93 42 32 32 86 8 73 43 24 3
27 21 11 61 51 110 100 41 8 17 99 77 34 3
28 69 59 104 94 30 20 79 89 60 43 54 42 3
29 66 56 30 20 103 93 30 57 21 39 85 79 1
