3 30
292 276 302 
0 15 5 33 23 52 42 93 29 7 36 48 98 2
1 37 27 14 4 98 88 65 2 96 80 16 49 3
2 107 97 42 32 84 74 25 45 83 3 19 95 1
3 90 80 98 88 15 5 24 11 78 27 32 90 3
4 49 39 20 10 98 88 35 21 33 87 4 41 3
5 95 85 104 94 104 94 53 59 4 35 45 98 2
6 14 4 69 59 15 5 89 19 100 92 5 86 1
7 15 5 92 82 68 58 83 84 26 31 92 13 2
8 95 85 38 28 88 78 92 17 66 1 53 67 3
9 93 83 61 51 30 20 99 97 5 56 85 72 3
10 33 23 87 77 34 24 26 27 25 75 47 65 3
11 44 34 53 43 53 43 47 93 71 28 68 52 2
12 84 74 11 1 37 27 83 17 43 78 62 42 1
13 73 63 21 11 70 60 54 21 61 28 52 41 3
14 27 17 65 55 104 94 10 94 90 66 25 28 2
15 79 69 19 9 52 42 31 2 22 48 61 72 3
16 40 30 107 97 81 71 22 48 1 70 77 28 1
17 54 44 106 96 59 49 55 47 28 84 72 95 2
18 73 63 20 10 74 64 92 31 72 57 75 55 3
19 86 76 46 36 15 5 9 78 10 56 36 78 3
20 71 61 17 7 56 46 3 62 95 13 47 32 3
21 50 40 35 25 27 17 88 92 90 94 75 52 3
22 46 36 57 47 67 57 32 23 56 68 17 18 3
23 18 8 91 81 63 53 75 23 24 73 16 22 1
24 31 21 74 64 16 6 91 73 20 80 85 52 3
25 58 48 19 9 79 69 71 16 28 96 45 83 2
26 43 33 90 80 36 26 51 17 6 98 16 64 3
27 101 91 50 40 90 80 8 34 23 49 34 30 2
28 48 38 74 64 109 99 34 61 27 83 6 38 3
29 94 84 67 57 39 29 54 95 76 69 22 30 3
