3 30
268 313 259 
0 20 51 4 70 81 88 97 78 58 10 11 79 2
1 36 76 53 18 61 53 47 70 10 87 68 12 2
2 14 78 22 48 23 19 87 22 10 37 80 5 1
3 42 59 18 5 95 52 17 8 3 83 74 69 2
4 51 44 20 86 88 37 49 8 80 79 97 18 2
5 51 5 59 52 68 6 4 9 5 31 85 67 1
6 15 1 64 27 12 54 79 25 58 87 67 36 1
7 49 55 82 2 22 40 90 28 13 13 46 1 2
8 52 9 5 75 65 42 17 4 58 22 99 37 2
9 64 6 25 52 93 7 50 23 84 33 97 35 3
10 29 31 13 78 6 16 50 74 32 78 12 26 1
11 45 3 9 13 82 24 72 53 9 67 54 15 3
12 81 88 41 30 2 81 33 26 95 38 63 39 3
13 88 56 28 94 69 41 77 89 34 89 65 89 3
14 53 32 25 67 98 93 10 1 43 41 9 3 1
15 18 92 62 15 15 37 3 6 41 100 9 71 2
16 24 89 68 75 13 54 30 1 2 2 81 76 3
17 16 76 44 70 81 57 76 17 86 11 82 12 3
18 68 5 5 27 41 42 22 44 38 41 32 7 1
19 87 2 76 68 72 43 24 22 93 17 80 29 1
20 27 9 24 15 20 22 52 80 71 49 25 64 1
21 65 99 25 66 86 32 31 82 100 28 47 91 2
22 42 44 94 94 47 53 4 72 35 64 100 93 1
23 98 74 90 49 75 31 10 20 92 45 43 50 2
24 79 72 23 99 68 17 76 59 37 75 29 40 2
25 52 8 25 22 89 37 94 25 29 68 85 92 1
26 22 94 50 28 71 71 84 18 52 38 17 38 3
27 37 35 6 74 66 4 77 16 86 98 59 31 2
28 60 45 72 68 85 90 43 6 75 71 29 75 1
29 26 3 43 81 51 52 56 52 87 69 71 89 1
