3 30
952 772 789 
0 103 93 22 12 40 30 37 41 98 6 90 26 1
1 84 74 60 50 45 35 25 13 59 64 59 46 2
2 104 94 46 36 81 71 71 73 5 80 32 32 2
3 40 30 49 39 65 55 44 30 53 75 10 17 3
4 62 52 32 22 103 93 68 37 48 19 8 96 3
5 86 76 86 76 95 85 31 99 13 100 50 51 1
6 63 53 17 7 64 54 40 41 67 1 99 35 2
7 70 60 54 44 31 21 22 55 91 8 64 3 3
8 100 90 50 40 101 91 24 16 63 36 10 84 2
9 87 77 64 54 32 22 17 35 24 87 20 20 2
10 97 87 52 42 98 88 38 100 49 75 80 76 1
11 91 81 99 89 108 98 42 19 1 61 31 50 3
12 49 39 75 65 102 92 43 38 66 86 33 3 3
13 39 29 88 78 44 34 39 78 16 95 86 26 1
14 51 41 90 80 28 18 22 75 9 51 41 15 2
15 57 47 98 88 30 20 23 58 96 58 80 30 2
16 85 75 51 41 18 8 67 47 57 55 92 38 3
17 104 94 57 47 109 99 22 37 73 13 27 23 1
18 46 36 92 82 47 37 19 17 86 25 21 36 3
19 44 34 13 3 73 63 67 39 87 34 40 81 3
20 67 57 106 96 52 42 53 49 43 52 84 41 1
21 105 95 97 87 82 72 89 92 33 62 83 82 3
22 67 57 77 67 88 78 90 10 4 24 75 46 1
23 69 59 41 31 14 4 46 65 21 66 36 36 2
24 96 86 46 36 89 79 25 62 11 45 81 8 3
25 21 11 81 71 42 32 51 63 5 60 56 61 2
26 56 46 94 84 41 31 61 92 19 57 83 38 2
27 92 82 40 30 81 71 33 55 20 84 62 67 1
28 92 82 19 9 53 43 29 24 42 87 92 47 3
29 77 67 49 39 22 12 84 50 30 2 93 33 2
