3 30
780 748 865 
0 4 95 80 14 65 32 4 99 33 69 71 50 2
1 28 92 37 26 53 69 92 72 86 68 83 55 3
2 22 2 22 72 23 43 81 34 20 75 19 21 3
3 34 55 10 1 95 56 20 37 36 4 58 10 1
4 67 92 36 42 4 93 80 73 31 91 93 16 2
5 23 17 31 72 40 18 62 91 19 64 84 8 2
6 35 45 84 71 40 98 15 81 8 25 45 73 3
7 41 3 74 42 14 80 29 70 59 57 78 49 3
8 68 53 21 27 81 94 22 20 10 75 20 56 3
9 20 26 89 80 49 27 59 11 27 15 63 41 3
10 53 59 37 98 30 44 88 5 49 59 60 92 2
11 5 47 69 57 42 68 9 40 8 79 14 23 2
12 25 96 85 38 46 89 48 17 100 92 79 65 3
13 100 84 48 30 89 69 60 32 56 9 84 10 2
14 53 72 17 99 90 33 11 38 87 65 72 6 1
15 6 84 58 7 3 21 60 67 80 19 26 42 3
16 72 25 16 11 69 90 36 52 33 18 55 9 3
17 84 4 20 98 57 93 38 16 86 4 97 73 3
18 52 73 89 87 25 10 85 57 92 73 81 6 2
19 7 70 4 44 92 11 4 64 59 75 34 25 1
20 43 49 40 55 36 62 81 17 64 77 74 70 2
21 61 39 13 98 74 64 6 96 38 71 33 18 3
22 38 52 82 10 35 61 98 34 53 48 42 10 1
23 62 66 54 49 39 31 17 71 27 63 18 62 3
24 63 32 7 51 52 69 54 75 22 53 18 81 2
25 12 80 77 94 49 9 33 93 29 22 54 77 2
26 42 10 70 52 91 87 79 41 63 88 24 68 1
27 1 3 70 42 30 80 33 26 100 62 99 2 2
28 36 93 48 16 61 38 58 44 79 7 84 83 3
29 18 43 35 13 43 92 9 20 70 65 63 55 1
