3 30
272 276 319 
0 66 61 77 80 88 98 78 11 13 45 1 10 1
1 53 62 92 96 39 31 51 99 16 22 70 26 3
2 82 80 52 58 29 29 72 18 41 67 5 37 2
3 50 57 1 3 66 58 65 73 2 7 44 66 2
4 29 30 67 72 21 23 95 61 31 54 4 68 3
5 38 43 85 90 40 44 65 16 67 59 57 77 3
6 4 7 25 33 67 60 34 87 74 94 58 59 3
7 16 13 48 52 86 90 11 81 68 80 22 42 3
8 24 27 9 1 65 68 13 80 32 10 29 99 1
9 55 60 6 14 62 61 34 5 99 1 61 59 3
10 80 89 37 36 78 74 84 10 36 75 23 80 1
11 25 17 37 27 43 38 70 7 5 72 25 20 2
12 59 62 6 4 63 55 24 46 72 16 56 14 1
13 33 38 81 84 23 23 4 41 31 14 41 99 1
14 78 70 1 5 38 31 72 47 82 82 33 23 2
15 22 22 30 37 54 59 94 2 28 46 23 85 1
16 75 75 58 61 51 48 57 97 26 43 84 45 1
17 52 50 34 44 47 39 100 81 67 67 63 88 1
18 72 71 93 85 1 8 14 65 10 68 81 6 3
19 85 84 58 50 18 17 53 61 73 92 5 36 1
20 67 59 59 65 72 72 77 69 73 91 74 62 3
21 38 37 1 4 65 62 76 10 51 46 64 83 2
22 21 14 77 72 27 23 55 39 84 70 20 38 3
23 10 16 95 91 75 73 42 20 26 68 24 48 3
24 29 22 46 41 63 59 70 75 79 24 36 84 2
25 42 34 55 48 60 63 24 53 20 67 7 58 2
26 90 96 24 30 81 73 84 46 98 25 16 83 2
27 11 9 52 48 70 78 11 60 38 69 30 23 1
28 1 3 34 26 49 48 91 67 92 20 97 70 1
29 48 53 17 23 94 94 100 15 83 25 22 81 3
