3 30
329 302 323 
0 78 29 62 48 39 66 79 65 41 92 59 14 1
1 94 22 3 56 19 99 27 2 46 15 6 95 3
2 68 16 68 86 77 65 89 7 48 40 94 92 2
3 92 53 68 7 53 54 12 54 25 10 26 66 1
4 89 62 66 12 34 55 56 87 98 92 54 18 2
5 73 91 73 46 82 92 4 55 79 42 35 60 1
6 1 75 50 1 6 28 100 38 11 2 40 45 3
7 3 85 36 24 76 62 61 9 85 18 23 63 2
8 98 87 51 53 3 20 23 81 38 89 92 8 1
9 82 92 51 38 11 93 32 91 48 54 24 26 2
10 67 21 59 68 44 6 23 26 23 20 40 39 1
11 15 77 87 87 52 98 2 15 92 35 35 91 3
12 63 30 23 80 84 23 30 65 93 45 97 30 2
13 78 38 18 76 59 23 32 26 75 31 87 51 3
14 7 66 79 1 52 27 63 58 80 41 100 65 3
15 20 46 72 69 17 91 26 42 36 73 84 58 2
16 42 67 94 53 39 40 22 4 85 81 78 90 2
17 78 58 14 52 51 47 95 11 87 32 52 71 2
18 30 75 67 97 3 12 63 6 21 63 81 29 3
19 77 64 66 38 62 5 16 18 93 18 37 87 1
20 69 39 66 45 62 44 93 19 54 71 98 71 1
21 71 33 31 100 84 58 24 44 11 64 46 37 1
22 52 90 96 40 49 99 56 85 24 95 16 20 2
23 12 24 4 7 97 81 52 30 34 62 51 7 3
24 37 50 81 69 26 87 17 35 35 33 28 27 1
25 22 18 95 40 67 55 21 39 15 10 84 67 2
26 12 32 40 74 61 9 60 22 52 7 17 71 3
27 55 97 24 36 84 74 53 89 44 44 10 13 3
28 26 75 30 98 43 20 39 84 3 18 100 96 3
29 84 33 93 11 9 82 15 53 27 82 15 99 2
