3 30
993 530 778 
0 99 29 76 47 52 66 42 44 13 41 72 93 3
1 20 49 28 84 45 26 45 9 93 47 83 56 1
2 77 51 86 30 86 100 28 25 3 72 94 18 2
3 21 4 6 59 82 5 94 1 8 89 94 66 2
4 19 61 95 12 64 54 19 82 45 22 60 21 1
5 62 59 63 13 71 60 48 17 46 51 34 76 1
6 75 98 31 33 80 59 19 5 31 71 45 100 2
7 1 49 41 87 82 26 82 29 75 48 21 91 3
8 72 38 32 5 85 79 17 18 25 75 92 66 3
9 36 67 4 22 65 68 25 85 30 100 61 10 1
10 52 73 45 19 29 58 77 15 52 48 40 30 2
11 76 60 49 71 21 73 69 2 99 42 32 61 1
12 80 81 41 24 1 74 81 59 34 51 49 95 3
13 19 97 60 44 8 82 22 53 65 31 68 19 2
14 16 94 81 28 53 55 78 40 25 92 74 4 3
15 57 98 10 20 54 43 66 19 5 37 12 45 1
16 39 62 92 41 36 27 83 11 85 49 49 94 3
17 55 69 92 64 28 50 28 62 84 87 52 42 1
18 24 94 60 17 97 39 87 73 73 43 11 46 2
19 79 47 67 14 64 88 62 5 28 17 7 23 1
20 75 98 71 5 68 3 55 10 64 25 18 92 1
21 40 57 93 23 53 90 74 73 67 46 98 15 2
22 89 65 42 16 86 74 66 55 95 41 43 70 1
23 53 56 38 38 30 21 1 82 94 71 5 34 3
24 54 58 7 84 51 3 24 25 67 23 36 66 1
25 92 41 56 56 29 70 67 100 70 70 95 75 2
26 9 67 38 10 58 44 39 87 22 68 47 78 3
27 17 81 77 19 46 50 1 72 64 55 36 96 3
28 31 91 44 13 56 36 97 74 18 28 72 3 3
29 10 92 26 63 35 33 76 75 37 94 14 98 2
