3 30
287 310 315 
0 26 16 44 34 63 53 53 57 67 21 96 6 1
1 12 2 89 79 65 55 90 22 27 96 76 29 3
2 38 28 73 63 15 5 42 52 21 19 97 56 2
3 57 47 73 63 82 72 69 20 18 73 83 7 2
4 80 70 51 41 29 19 68 19 80 59 5 13 3
5 22 12 23 13 31 21 73 24 44 62 47 13 3
6 17 7 64 54 18 8 51 48 25 90 86 49 3
7 90 80 67 57 43 33 74 100 95 37 96 49 3
8 82 72 33 23 75 65 3 15 9 28 46 16 1
9 20 10 88 78 65 55 4 28 52 43 73 21 3
10 36 26 90 80 37 27 56 86 68 46 40 38 1
11 87 77 96 86 96 86 27 46 35 41 64 9 3
12 43 33 78 68 104 94 36 21 14 73 90 98 2
13 80 70 28 18 77 67 58 50 1 7 43 14 2
14 66 56 104 94 43 33 15 73 67 62 81 36 2
15 106 96 38 28 79 69 60 20 14 34 5 28 1
16 55 45 22 12 88 78 29 1 82 40 41 32 2
17 77 67 37 27 90 80 41 71 81 54 57 38 2
18 76 66 31 21 77 67 53 61 10 98 88 91 1
19 73 63 33 23 102 92 42 20 79 89 44 44 3
20 26 16 72 62 11 1 31 14 8 74 3 42 2
21 81 71 66 56 58 48 95 82 3 32 56 88 3
22 109 99 20 10 30 20 13 68 64 97 91 4 1
23 37 27 102 92 74 64 33 16 21 72 89 36 2
24 102 92 53 43 95 85 34 89 76 72 19 61 3
25 21 11 82 72 42 32 43 41 66 43 8 10 3
26 106 96 45 35 91 81 74 69 70 1 50 71 1
27 60 50 101 91 41 31 86 61 83 35 70 40 1
28 31 21 57 47 92 82 41 95 25 83 69 13 2
29 21 11 94 84 66 56 62 8 41 91 53 1 3
