3 30
281 309 289 
0 82 72 100 90 19 9 50 76 25 94 1 10 2
1 28 18 105 95 81 71 93 44 38 57 91 12 1
2 22 12 65 55 99 89 45 88 70 65 76 89 3
3 73 63 81 71 98 88 56 82 32 85 45 7 2
4 64 54 35 25 105 95 12 55 99 41 18 63 3
5 22 12 23 13 31 21 92 10 64 88 36 87 3
6 13 3 68 58 14 4 63 98 42 52 43 4 3
7 90 80 75 65 51 41 86 22 91 39 50 27 3
8 26 16 77 67 19 9 76 27 25 67 14 51 2
9 104 94 72 62 49 39 13 59 64 25 35 90 1
10 24 14 70 60 25 15 31 1 55 100 67 67 3
11 15 5 24 14 32 22 13 1 59 44 20 83 1
12 107 97 34 24 60 50 72 24 48 94 10 46 3
13 60 50 108 98 57 47 34 46 57 71 97 46 1
14 18 8 56 46 95 85 83 5 14 67 28 82 2
15 14 4 46 36 87 77 84 32 25 90 99 80 3
16 103 93 78 68 44 34 80 77 60 15 44 42 2
17 61 51 21 11 74 64 76 76 46 82 92 19 1
18 56 46 103 93 57 47 64 83 79 30 30 88 3
19 17 7 77 67 46 36 58 27 18 30 25 47 2
20 106 96 44 34 91 81 89 49 70 81 50 12 1
21 57 47 50 40 34 24 37 4 69 11 85 45 1
22 65 55 76 66 86 76 98 22 32 59 67 34 3
23 77 67 50 40 14 4 25 26 2 57 71 80 2
24 94 84 45 35 87 77 1 89 25 65 84 5 3
25 77 67 38 28 98 88 84 83 33 31 21 3 1
26 70 60 17 7 55 45 90 49 16 92 23 41 3
27 40 30 81 71 21 11 35 13 75 63 85 85 3
28 91 81 25 15 52 42 72 21 37 83 86 33 2
29 29 19 102 92 66 56 59 55 34 2 30 66 3
