3 30
663 723 732 
0 95 62 71 81 48 99 98 59 30 26 46 77 3
1 11 7 20 41 36 84 11 89 10 64 99 95 2
2 41 9 49 79 50 50 17 79 7 79 13 89 3
3 9 54 93 8 70 55 60 43 66 67 3 79 2
4 78 31 47 73 23 24 29 69 12 11 97 77 3
5 94 8 2 55 11 9 63 19 7 13 57 67 3
6 22 60 71 86 19 13 93 43 19 65 9 48 1
7 68 94 9 33 41 71 25 43 7 20 3 54 3
8 83 24 36 90 88 57 13 10 100 47 96 62 1
9 51 9 20 63 80 10 91 95 86 44 1 43 3
10 60 86 44 33 37 71 96 28 29 98 59 40 2
11 56 66 28 76 93 87 100 69 35 86 17 52 3
12 44 67 4 9 65 52 67 33 57 46 16 77 3
13 39 11 79 57 20 96 95 32 14 100 54 38 1
14 80 15 52 50 17 76 33 25 99 73 2 55 2
15 9 19 61 34 14 56 19 82 76 28 9 99 2
16 7 100 59 78 4 65 35 30 98 85 31 8 3
17 27 35 63 21 100 16 70 51 91 57 46 95 1
18 95 24 32 46 68 61 60 82 15 56 48 48 1
19 42 17 31 91 27 58 94 89 75 79 25 96 2
20 6 40 3 46 99 53 50 8 19 81 77 82 1
21 12 82 72 49 33 15 59 94 91 37 62 85 2
22 41 71 93 21 38 80 2 83 45 49 81 16 1
23 37 45 29 28 22 2 89 14 8 96 90 28 3
24 54 91 98 10 43 28 45 31 95 45 30 91 3
25 71 3 36 17 8 32 61 92 39 23 70 88 2
26 77 25 5 59 26 2 58 60 42 25 82 39 3
27 32 50 93 89 61 27 60 76 61 50 91 97 1
28 27 80 39 11 52 33 92 54 70 74 67 44 2
29 1 42 18 12 26 83 8 76 50 20 86 69 3
