3 30
277 259 249 
0 37 27 56 46 74 64 3 85 10 5 58 33 3
1 66 56 42 32 19 9 20 90 31 79 57 42 1
2 34 24 76 66 11 1 32 96 100 25 87 22 1
3 106 96 15 5 31 21 28 79 79 42 25 65 2
4 76 66 46 36 17 7 52 100 46 57 64 49 2
5 32 22 40 30 41 31 35 83 36 19 41 63 1
6 69 59 15 5 70 60 28 67 69 11 61 83 1
7 28 18 104 94 89 79 68 23 19 99 29 83 1
8 70 60 20 10 63 53 14 23 58 41 95 94 3
9 17 7 86 76 62 52 93 4 91 76 14 48 1
10 71 61 26 16 80 70 1 98 8 37 53 21 3
11 41 31 41 31 50 40 33 32 45 73 60 49 3
12 87 77 13 3 40 30 59 97 68 46 24 44 3
13 105 95 62 52 110 100 76 55 47 95 63 72 2
14 41 31 80 70 18 8 99 34 74 28 26 24 2
15 19 9 60 50 100 90 25 54 72 35 46 84 1
16 11 1 77 67 52 42 18 96 32 3 8 55 2
17 26 16 79 69 39 29 43 49 13 84 77 46 3
18 12 2 58 48 13 3 91 22 79 91 76 1 3
19 106 96 75 65 35 25 79 94 25 25 62 39 3
20 29 19 76 66 14 4 21 13 47 60 1 3 1
21 27 17 11 1 104 94 76 49 43 67 1 61 1
22 97 87 107 97 18 8 79 96 23 61 37 82 2
23 87 77 51 41 24 14 23 92 66 80 95 32 1
24 38 28 80 70 23 13 18 16 53 8 27 9 3
25 59 49 19 9 80 70 47 18 7 61 31 80 2
26 102 92 40 30 87 77 65 79 96 52 81 90 2
27 70 60 110 100 51 41 50 23 85 15 80 4 3
28 86 76 21 11 47 37 28 77 49 31 85 42 2
29 39 29 11 1 84 74 29 26 61 23 27 10 3
