3 30
328 330 317 
0 6 52 83 70 59 89 57 1 27 46 65 54 2
1 11 48 27 91 36 25 93 65 14 47 64 10 3
2 4 42 5 13 13 83 16 58 98 13 15 60 1
3 4 7 89 54 65 8 58 63 30 59 52 88 2
4 22 44 90 87 67 37 84 86 21 27 86 52 2
5 61 38 70 84 78 39 13 1 4 15 34 41 3
6 42 77 90 4 39 30 33 1 88 100 60 45 2
7 44 100 84 38 17 77 98 83 93 97 32 15 2
8 71 57 23 24 84 90 99 74 42 53 49 71 2
9 11 30 79 77 40 31 43 21 57 9 63 56 1
10 43 88 28 26 20 73 96 80 7 36 18 72 3
11 75 27 48 38 20 48 95 72 24 92 70 100 3
12 55 36 16 87 76 29 83 79 62 61 4 27 1
13 38 88 79 35 19 73 75 18 12 14 44 49 1
14 51 5 24 39 88 66 27 16 21 97 95 54 3
15 72 41 25 63 77 86 9 83 45 99 13 11 3
16 26 93 71 80 23 66 68 53 94 10 59 28 3
17 30 64 67 59 3 53 100 84 45 43 72 74 1
18 83 85 19 100 56 22 10 57 74 26 88 23 2
19 86 18 74 93 71 59 46 45 1 46 13 25 2
20 22 49 18 56 15 62 94 10 4 56 26 98 3
21 3 76 64 34 16 1 45 27 60 91 65 85 3
22 4 68 57 27 9 77 10 43 56 4 95 48 2
23 64 43 49 17 41 100 61 8 88 49 99 43 2
24 61 65 6 83 50 2 16 55 56 96 70 14 3
25 91 92 55 7 28 21 80 63 58 14 50 87 3
26 24 58 45 93 73 35 34 75 83 33 85 71 3
27 76 60 44 90 13 29 86 68 6 45 87 41 2
28 54 38 59 60 71 83 53 60 93 17 49 82 1
29 1 51 9 22 26 92 86 31 10 65 89 95 2
