3 30
734 689 705 
0 48 38 66 56 85 75 16 32 13 92 41 38 2
1 54 44 31 21 107 97 90 69 74 5 77 13 3
2 92 82 27 17 69 59 41 66 7 47 61 46 2
3 107 97 15 5 32 22 69 55 37 86 90 83 3
4 42 32 13 3 83 73 24 43 92 76 4 57 2
5 76 66 77 67 85 75 88 48 93 28 44 90 1
6 15 5 70 60 16 6 9 37 54 96 65 84 2
7 32 22 17 7 93 83 79 37 25 20 29 19 1
8 56 46 107 97 57 47 36 60 76 9 1 87 3
9 74 64 50 40 19 9 98 98 22 20 1 26 3
10 50 40 96 86 51 41 48 13 39 73 67 2 3
11 73 63 74 64 82 72 30 50 59 84 89 70 2
12 69 59 96 86 22 12 82 94 5 99 61 39 2
13 86 76 42 32 91 81 64 40 11 31 78 18 2
14 36 26 74 64 13 3 91 9 2 29 100 17 3
15 52 42 84 74 25 15 74 6 99 66 29 40 2
16 77 67 44 34 18 8 41 15 72 72 6 5 3
17 39 29 91 81 44 34 74 33 70 78 52 18 1
18 90 80 45 35 91 81 80 94 70 7 2 94 3
19 55 45 15 5 84 74 40 56 16 62 100 6 1
20 36 26 82 72 21 11 37 27 34 8 50 43 3
21 43 33 28 18 20 10 3 45 41 40 95 66 2
22 35 25 46 36 56 46 15 81 3 65 79 23 2
23 67 57 32 22 104 94 33 50 59 31 37 31 2
24 60 50 103 93 53 43 92 30 74 80 61 89 2
25 47 37 108 98 60 50 100 40 50 64 56 79 2
26 24 14 63 53 109 99 94 81 52 60 43 96 3
27 70 60 11 1 51 41 41 27 99 57 49 3 3
28 97 87 31 21 58 48 27 4 58 61 34 78 1
29 67 57 40 30 12 2 67 17 39 59 73 85 3
