3 30
299 302 289 
0 59 49 78 68 96 86 34 93 3 39 11 76 3
1 100 90 84 74 61 51 100 49 32 11 6 71 1
2 96 86 30 20 73 63 30 29 32 31 5 85 3
3 48 38 65 55 73 63 54 63 47 53 15 64 2
4 38 28 108 98 79 69 69 96 35 46 14 59 2
5 86 76 86 76 95 85 98 39 43 35 58 88 1
6 67 57 13 3 68 58 31 40 94 22 49 38 2
7 78 68 54 44 31 21 18 5 69 33 56 8 1
8 52 42 94 84 45 35 71 98 71 55 38 9 2
9 71 61 48 38 16 6 59 23 43 69 42 92 1
10 85 75 32 22 86 76 26 67 51 27 3 43 3
11 19 9 27 17 36 26 35 9 92 65 96 24 3
12 105 95 31 21 58 48 40 98 45 75 36 68 2
13 19 9 68 58 24 14 57 44 70 13 41 55 2
14 11 1 50 40 88 78 66 12 67 70 9 22 2
15 65 55 106 96 38 28 91 99 46 69 92 72 2
16 33 23 107 97 74 64 56 42 61 78 97 97 3
17 88 78 41 31 93 83 100 37 79 92 94 53 1
18 18 8 72 62 19 9 22 53 60 78 33 8 2
19 88 78 49 39 17 7 100 90 45 95 17 46 1
20 47 37 86 76 32 22 100 97 75 39 18 26 2
21 81 71 73 63 58 48 80 83 81 69 34 66 1
22 15 5 25 15 36 26 88 97 60 49 16 41 1
23 17 7 81 71 54 44 87 10 1 82 26 53 2
24 88 78 38 28 81 71 47 97 3 95 49 67 2
25 85 75 45 35 106 96 33 24 50 5 45 4 3
26 20 10 58 48 105 95 15 19 21 93 9 92 2
27 80 70 20 10 61 51 84 54 21 66 79 96 1
28 52 42 87 77 13 3 17 40 20 42 60 19 3
29 85 75 57 47 30 20 49 82 30 86 2 20 3
