3 30
302 244 330 
0 44 7 20 26 97 44 97 60 73 87 95 52 2
1 52 68 61 2 77 37 80 79 98 40 27 30 2
2 14 54 22 24 23 3 6 99 19 43 37 7 1
3 42 55 26 1 3 56 100 44 11 100 35 63 3
4 35 88 4 30 80 81 71 48 86 78 49 92 2
5 87 85 95 40 96 86 3 5 4 77 27 69 1
6 95 57 44 83 92 10 82 14 47 65 4 20 2
7 57 15 90 54 30 92 61 78 1 29 86 32 1
8 36 57 89 31 49 98 58 32 38 3 13 84 3
9 8 78 69 32 37 79 26 47 73 42 45 8 1
10 5 11 97 58 82 96 13 49 30 64 3 51 3
11 85 59 57 69 22 80 78 21 11 57 84 36 1
12 37 80 97 22 58 73 80 50 32 100 68 16 1
13 68 20 8 58 49 5 29 77 63 1 53 85 3
14 61 100 33 27 6 61 67 4 17 49 62 69 1
15 22 8 74 23 27 45 53 63 36 42 70 56 2
16 68 53 12 39 65 18 15 32 36 85 21 96 3
17 40 40 76 34 13 29 93 72 81 6 86 57 2
18 92 45 29 59 65 82 82 92 27 43 54 72 3
19 59 34 56 100 52 67 15 5 57 13 71 54 1
20 11 61 8 67 4 74 92 70 20 61 15 50 3
21 77 67 37 26 90 92 9 73 41 66 22 70 1
22 54 36 6 86 51 45 83 22 77 94 21 60 1
23 34 74 18 57 11 31 50 93 47 14 1 85 3
24 95 20 39 39 84 57 5 28 96 19 43 97 3
25 100 36 65 50 37 65 39 18 55 25 92 97 1
26 2 70 22 12 51 47 76 69 82 66 100 27 2
27 73 67 42 6 2 36 90 7 33 65 85 67 1
28 84 5 96 28 9 50 18 18 65 95 42 37 3
29 34 63 51 41 59 12 35 84 65 34 3 3 1
