3 30
724 696 817 
0 4 5 15 24 47 42 29 85 60 92 25 49 2
1 68 70 15 12 41 47 76 3 80 38 73 32 1
2 3 4 78 74 42 45 60 69 94 82 19 55 3
3 60 53 4 7 55 54 75 29 75 65 37 70 3
4 91 86 29 28 75 79 42 93 10 41 12 54 1
5 51 55 6 10 66 56 94 19 29 30 30 61 2
6 56 51 77 77 1 4 42 87 100 63 3 71 1
7 43 53 91 100 29 38 80 27 44 97 9 15 1
8 69 79 46 45 2 12 11 72 25 36 56 57 3
9 87 88 43 34 94 89 86 47 4 10 2 75 2
10 9 9 58 56 86 94 36 33 13 9 8 99 1
11 70 61 61 71 88 82 80 16 30 23 59 67 1
12 65 70 12 12 69 63 65 30 93 17 28 66 1
13 72 74 12 12 62 59 31 90 50 7 71 74 1
14 12 10 42 37 80 71 20 43 34 17 73 28 1
15 12 6 36 29 52 51 76 48 39 94 1 97 3
16 10 11 101 97 86 84 27 51 8 19 28 25 3
17 72 78 62 72 75 67 2 38 31 54 81 46 2
18 28 31 57 53 86 76 71 77 52 58 31 17 3
19 53 52 13 18 94 93 66 65 18 61 67 95 3
20 95 99 8 5 21 12 21 60 98 98 23 96 3
21 59 69 37 36 7 2 83 14 90 49 55 25 2
22 13 22 82 80 32 31 46 62 60 85 19 16 2
23 12 8 84 91 64 73 41 8 97 36 91 26 3
24 82 74 99 93 16 11 34 78 20 52 72 93 1
25 3 6 29 20 42 35 54 21 97 33 52 32 1
26 17 12 59 54 95 89 11 85 60 78 43 11 3
27 80 77 21 16 47 54 36 27 7 52 98 70 2
28 44 43 59 66 95 88 14 18 94 56 28 68 1
29 98 93 67 63 44 34 16 33 58 28 43 100 3
