3 30
782 599 721 
0 66 40 51 58 27 77 52 95 78 25 31 63 1
1 95 72 3 15 20 49 29 48 10 71 34 58 3
2 4 82 13 53 13 31 61 11 56 12 33 65 1
3 96 7 73 54 57 8 15 94 77 97 39 19 2
4 46 48 22 99 91 49 70 5 81 28 72 69 3
5 97 70 6 16 14 71 72 95 7 3 33 58 3
6 82 65 30 92 87 18 84 27 50 63 56 1 3
7 28 80 60 26 1 65 10 36 59 99 93 54 2
8 3 53 55 20 16 86 96 89 77 3 27 79 3
9 31 70 91 25 60 79 12 77 95 30 80 8 3
10 83 28 76 74 60 13 48 45 59 19 58 88 2
11 95 15 60 26 32 36 58 66 83 62 99 56 1
12 43 60 4 3 64 45 12 73 49 1 29 52 2
13 78 60 19 99 59 45 14 8 77 4 3 71 2
14 35 77 8 11 80 38 100 47 32 51 32 56 1
15 56 25 9 39 53 62 51 4 10 9 43 63 2
16 30 65 75 52 27 38 42 79 27 71 19 76 1
17 74 28 11 15 47 9 51 54 32 82 20 3 3
18 43 13 79 36 16 50 90 18 34 8 92 10 1
19 34 62 22 37 19 3 100 11 78 15 21 15 2
20 54 29 50 36 47 42 22 23 35 36 30 53 3
21 87 40 40 6 100 73 5 57 17 84 72 86 1
22 88 92 33 43 85 1 49 14 99 27 53 17 2
23 92 35 85 9 69 92 93 45 34 27 39 32 2
24 29 77 74 95 18 14 2 56 30 80 95 71 3
25 3 28 75 43 40 57 73 1 8 40 39 52 1
26 64 98 93 33 13 75 52 31 99 90 10 38 2
27 4 96 72 34 33 73 67 15 53 47 8 38 2
28 98 26 11 48 23 71 55 32 90 29 89 62 2
29 85 23 93 2 10 72 23 7 2 73 60 72 1
