3 30
825 742 702 
0 7 17 39 35 50 54 44 34 53 5 52 93 2
1 65 73 12 8 59 50 89 37 33 69 86 95 2
2 91 99 68 70 30 40 39 26 67 61 24 72 1
3 1 4 53 59 10 5 38 62 23 7 4 15 2
4 67 73 34 24 59 66 20 17 79 90 31 24 2
5 87 91 42 45 102 92 17 28 17 13 37 80 3
6 96 86 17 13 38 39 64 11 74 55 8 24 3
7 39 29 85 75 17 14 24 85 63 21 3 98 3
8 42 34 6 1 70 75 3 55 16 48 24 45 3
9 13 15 77 70 20 16 96 39 70 35 55 72 1
10 14 21 55 59 12 6 19 67 29 9 9 46 2
11 55 48 69 59 73 69 18 33 21 75 48 81 3
12 89 97 46 48 93 90 85 34 66 92 58 3 3
13 79 69 1 8 48 54 100 47 58 8 70 13 3
14 76 66 85 92 23 27 98 31 14 40 15 15 1
15 78 82 1 4 10 19 23 93 48 66 81 66 2
16 34 34 27 21 102 99 64 63 44 80 59 19 2
17 29 25 21 20 11 14 29 55 86 10 60 34 3
18 30 30 51 45 59 67 40 67 92 8 90 15 3
19 99 91 59 58 40 32 16 59 68 23 49 72 3
20 85 78 77 85 90 91 35 85 98 85 38 37 2
21 22 29 92 95 62 54 38 98 35 23 52 97 3
22 75 81 25 32 81 90 47 62 39 49 12 54 3
23 55 56 40 30 20 13 34 50 43 6 46 36 1
24 80 78 97 96 14 15 68 29 49 12 50 100 1
25 73 77 86 92 12 6 88 87 40 77 59 58 1
26 15 7 59 50 85 84 47 58 73 13 46 59 2
27 19 17 58 55 86 94 71 32 3 38 90 55 2
28 64 71 92 93 7 16 91 71 4 13 61 60 2
29 71 72 48 43 17 13 30 40 46 69 20 75 3
