3 30
288 259 320 
0 4 6 15 24 34 43 70 70 23 88 95 92 3
1 33 42 80 85 27 19 51 44 86 33 14 9 1
2 66 68 43 39 5 9 54 97 18 58 53 55 1
3 4 9 55 56 12 2 28 18 96 96 92 23 3
4 91 86 29 29 75 79 68 30 10 76 90 71 3
5 89 88 44 42 83 89 65 19 90 91 2 53 1
6 33 27 54 54 75 80 82 60 20 54 90 71 2
7 108 98 38 36 78 75 58 52 53 75 86 15 3
8 19 19 104 94 60 60 18 43 27 19 92 46 2
9 13 12 69 59 20 13 27 56 100 43 18 84 2
10 62 66 3 4 60 51 18 46 10 80 5 11 1
11 80 85 86 96 1 6 54 41 75 99 37 43 3
12 19 18 76 69 2 11 29 17 13 100 30 88 2
13 6 6 43 53 83 91 10 90 17 15 98 1 1
14 88 83 10 9 48 44 8 89 35 76 8 66 3
15 58 55 74 77 98 100 29 77 24 9 6 54 1
16 22 23 7 10 90 96 58 31 15 61 58 72 3
17 57 66 70 61 60 55 73 64 41 32 15 62 2
18 14 11 43 34 43 48 27 100 19 36 26 58 2
19 76 68 44 43 17 9 81 94 79 28 84 67 3
20 49 39 41 46 54 52 30 45 11 68 80 85 1
21 41 46 19 12 68 71 65 63 70 82 71 22 2
22 60 54 2 5 58 63 4 22 73 22 7 9 2
23 78 77 58 59 30 34 66 73 9 52 88 98 3
24 49 59 87 77 104 96 64 92 40 60 54 5 2
25 90 82 3 5 16 19 29 33 94 2 33 59 1
26 76 76 20 19 46 53 38 34 39 20 15 69 1
27 5 2 31 40 64 71 74 18 52 3 53 96 3
28 32 36 68 58 83 81 50 35 20 20 9 50 1
29 38 33 1 4 92 82 8 58 17 6 49 68 2
