3 30
309 334 298 
0 53 40 29 59 6 77 71 7 88 73 47 3 1
1 69 45 78 87 94 22 12 90 61 40 6 22 3
2 95 47 95 17 96 88 92 90 32 53 36 93 3
3 67 56 43 2 20 57 4 25 35 29 76 21 2
4 24 49 93 99 61 50 43 12 48 54 66 10 2
5 8 2 16 49 25 3 31 7 71 7 6 92 3
6 8 42 57 68 13 95 3 7 7 72 18 96 1
7 22 24 63 63 95 1 47 23 68 67 25 46 1
8 21 94 82 68 34 35 52 76 68 3 6 23 2
9 77 95 38 49 6 96 40 65 78 42 93 17 2
10 98 76 90 23 75 61 29 86 77 5 51 82 1
11 26 40 98 50 71 61 56 17 45 88 57 30 3
12 18 9 78 51 39 2 71 43 87 16 67 84 3
13 29 93 69 39 18 78 23 95 70 64 48 67 3
14 34 49 6 84 71 10 81 94 10 99 84 82 2
15 19 73 63 96 16 10 97 3 22 97 77 31 2
16 33 78 77 64 30 51 53 8 23 82 36 34 2
17 97 17 33 11 70 98 93 44 88 55 4 72 3
18 49 94 86 8 22 31 97 96 86 22 79 79 3
19 32 87 21 53 17 20 20 91 35 33 44 44 1
20 48 70 45 76 41 83 7 2 27 57 40 1 2
21 18 16 78 83 39 41 50 10 91 33 36 57 2
22 51 17 95 67 48 26 8 96 29 58 49 12 3
23 59 95 43 78 36 60 84 12 99 96 3 54 3
24 12 61 56 80 1 98 23 75 12 76 34 95 1
25 41 13 6 27 78 42 76 52 89 88 22 36 2
26 67 63 95 97 16 40 12 83 80 34 28 30 2
27 50 20 11 51 79 89 20 83 28 19 66 94 3
28 93 10 5 33 10 55 26 42 1 49 13 65 2
29 59 72 68 42 84 13 77 58 82 10 13 49 2
