3 30
655 772 734 
0 81 71 99 89 18 8 75 49 72 21 35 97 3
1 63 53 40 30 16 6 30 51 57 14 34 52 3
2 77 67 12 2 54 44 98 71 82 52 23 80 3
3 24 14 32 22 49 39 60 49 54 61 98 99 3
4 35 25 106 96 76 66 61 99 6 93 31 56 1
5 49 39 50 40 58 48 75 38 52 58 33 75 1
6 16 6 63 53 17 7 80 7 7 32 17 75 3
7 57 47 34 24 110 100 100 72 41 27 76 9 2
8 25 15 76 66 18 8 95 30 11 43 58 4 1
9 63 53 31 21 108 98 65 43 41 19 63 82 3
10 59 49 105 95 60 50 69 73 61 49 23 35 2
11 94 84 103 93 11 1 49 55 95 52 19 91 2
12 54 44 81 71 107 97 55 41 6 78 1 60 3
13 107 97 55 45 104 94 47 96 1 3 16 97 1
14 37 27 83 73 22 12 67 43 58 94 1 95 2
15 17 7 57 47 90 80 28 93 18 81 2 87 3
16 14 4 81 71 55 45 43 10 66 26 92 87 2
17 24 14 76 66 37 27 44 40 95 47 38 14 1
18 107 97 62 52 108 98 80 55 77 100 19 87 3
19 16 6 84 74 53 43 88 92 59 82 64 49 2
20 109 99 47 37 94 84 53 62 44 10 94 48 1
21 28 18 21 11 105 95 29 32 91 50 75 62 2
22 16 6 27 17 37 27 21 28 93 31 23 3 3
23 108 98 81 71 45 35 3 15 28 3 22 32 2
24 89 79 40 30 82 72 9 67 25 68 58 84 3
25 28 18 89 79 49 39 57 77 21 38 13 80 3
26 97 87 44 34 82 72 92 57 69 67 18 84 2
27 31 21 72 62 12 2 31 98 89 74 23 70 2
28 46 36 80 70 15 5 98 29 96 42 43 90 3
29 40 30 13 3 77 67 93 64 28 54 18 95 2
