3 30
661 878 792 
0 39 39 58 57 69 76 37 53 63 80 4 75 3
1 37 27 63 70 10 4 56 46 57 100 64 6 3
2 54 61 39 32 1 2 21 67 91 87 77 60 2
3 3 2 62 57 11 3 33 53 56 67 50 17 3
4 40 47 94 98 40 48 87 96 1 69 12 61 1
5 12 5 51 51 6 6 68 39 30 58 57 32 1
6 22 12 43 39 72 65 1 28 97 83 53 6 1
7 4 7 42 45 74 84 63 78 67 56 100 27 1
8 54 56 39 31 103 97 75 69 99 5 21 76 2
9 29 29 85 76 36 30 84 29 41 34 52 93 1
10 31 31 59 69 8 16 58 42 27 54 93 10 1
11 71 74 77 85 81 87 72 82 27 42 90 15 1
12 63 55 91 98 46 48 35 93 90 1 46 81 2
13 88 87 30 26 78 72 57 27 43 18 26 82 1
14 39 32 56 66 86 93 97 81 83 71 14 7 3
15 23 28 39 42 63 65 4 33 94 46 52 69 2
16 58 48 30 35 13 21 85 59 3 3 34 68 2
17 47 43 39 38 29 32 78 57 45 93 27 62 3
18 62 60 91 83 91 97 25 63 89 52 27 28 2
19 16 21 97 96 57 62 62 64 11 89 79 90 1
20 49 48 62 55 54 61 58 29 21 41 88 35 1
21 89 95 59 61 37 28 2 58 98 69 73 92 2
22 42 35 92 86 40 44 8 16 75 16 93 73 3
23 98 98 78 80 58 63 87 34 25 73 71 13 1
24 1 8 17 26 55 45 84 22 20 65 100 74 3
25 68 67 73 82 86 96 14 93 59 98 5 92 3
26 72 69 8 4 50 46 16 85 71 85 35 47 1
27 47 55 86 93 27 24 75 50 39 12 6 80 1
28 33 41 69 63 84 86 29 31 37 34 79 84 3
29 50 42 19 13 75 83 77 25 82 19 13 92 3
