3 30
764 880 851 
0 25 15 44 34 62 52 28 63 14 60 60 24 2
1 26 16 102 92 87 77 74 36 78 78 98 25 3
2 66 56 100 90 35 25 63 7 64 48 5 88 3
3 82 72 99 89 107 97 5 44 5 26 58 85 2
4 16 6 94 84 65 55 98 18 22 26 34 65 1
5 40 30 40 30 49 39 65 10 86 65 87 5 3
6 69 59 15 5 70 60 13 70 60 6 60 6 1
7 20 10 96 86 81 71 22 21 21 15 88 13 3
8 82 72 32 22 75 65 67 8 100 48 44 86 2
9 49 39 18 8 86 76 26 96 88 100 13 82 2
10 103 93 58 48 104 94 1 78 53 8 23 17 3
11 77 67 85 75 86 76 39 80 1 83 24 67 2
12 75 65 101 91 28 18 14 29 19 34 21 48 3
13 53 43 102 92 50 40 31 35 78 58 30 10 3
14 21 11 60 50 98 88 56 51 96 7 49 1 2
15 103 93 44 34 76 66 31 84 52 61 94 8 3
16 107 97 73 63 48 38 13 5 66 82 76 91 3
17 58 48 19 9 71 61 19 27 91 82 85 80 1
18 52 42 106 96 61 51 63 75 29 95 30 94 1
19 26 16 87 77 55 45 70 60 7 3 65 63 2
20 77 67 24 14 62 52 92 35 72 44 58 3 2
21 67 57 51 41 44 34 69 56 67 32 68 70 1
22 85 75 95 85 106 96 4 42 2 39 8 7 2
23 99 89 71 61 44 34 76 22 98 1 82 4 3
24 54 44 96 86 47 37 1 53 39 86 92 47 2
25 47 37 107 97 68 58 69 2 52 91 37 14 3
26 66 56 12 2 59 49 31 59 45 53 63 61 2
27 102 92 50 40 91 81 33 44 73 63 33 35 1
28 58 48 85 75 19 9 40 63 38 2 8 62 1
29 23 13 95 85 68 58 30 95 20 85 44 9 2
