3 30
321 287 292 
0 85 84 1 2 15 21 93 27 75 94 26 88 2
1 82 88 29 23 55 65 51 79 86 46 6 95 1
2 16 6 80 77 55 47 2 14 64 11 9 53 3
3 8 3 54 58 3 4 94 68 71 100 79 92 3
4 2 4 56 55 2 5 27 26 30 11 18 62 3
5 72 82 27 36 74 83 73 15 10 25 52 97 3
6 7 9 28 36 57 62 77 18 28 39 7 88 3
7 30 28 60 66 1 5 5 4 97 9 52 38 3
8 107 97 71 64 35 38 31 54 71 25 21 19 1
9 97 98 53 45 104 99 70 20 25 57 92 78 3
10 50 48 99 94 27 33 89 52 74 61 10 53 1
11 72 67 78 78 82 80 10 32 82 74 60 62 1
12 74 68 2 11 57 61 21 92 57 91 48 16 3
13 97 88 34 35 82 81 24 53 47 45 22 34 2
14 17 17 47 43 85 78 51 42 72 24 18 26 2
15 5 9 29 31 45 54 69 96 84 98 90 95 1
16 11 9 96 88 79 74 20 19 69 21 66 48 1
17 47 56 60 51 42 37 74 74 95 33 41 74 2
18 90 81 90 96 19 18 85 19 32 66 100 19 2
19 46 38 6 5 79 71 41 11 32 61 65 69 2
20 64 69 77 76 90 82 44 65 28 94 33 68 3
21 74 80 52 46 1 5 77 73 85 55 65 39 1
22 93 100 43 51 12 9 82 33 32 34 55 68 3
23 27 27 7 9 100 92 28 65 16 2 29 28 1
24 37 37 54 55 71 74 86 98 58 40 86 72 2
25 103 100 8 15 21 29 36 26 10 31 57 96 3
26 27 22 63 57 89 91 1 45 52 44 24 17 3
27 56 64 3 2 44 41 58 74 4 9 9 24 3
28 63 66 78 88 14 11 37 81 34 3 84 82 2
29 67 63 44 42 21 12 26 39 53 57 57 53 2
