3 30
685 606 872 
0 37 27 55 45 74 64 50 21 76 38 37 19 2
1 79 69 56 46 40 30 3 83 60 50 50 65 1
2 61 51 104 94 38 28 32 24 36 70 95 63 1
3 32 22 40 30 57 47 91 18 7 57 80 92 3
4 11 1 82 72 60 50 47 83 71 81 31 51 3
5 49 39 50 40 58 48 78 38 76 5 12 32 3
6 20 10 67 57 13 3 22 62 85 33 98 36 1
7 57 47 42 32 18 8 87 10 61 50 68 29 3
8 69 59 20 10 62 52 36 48 76 78 20 54 2
9 47 37 15 5 92 82 70 41 54 18 87 86 3
10 39 29 93 83 48 38 3 16 16 46 92 63 3
11 30 20 31 21 39 29 91 10 10 21 16 76 3
12 110 100 37 27 63 53 19 18 81 64 53 18 2
13 79 69 35 25 84 74 69 72 45 86 93 53 3
14 97 87 35 25 74 64 28 3 85 39 64 94 2
15 25 15 65 55 98 88 44 77 17 13 42 100 2
16 62 52 37 27 103 93 75 46 29 77 12 43 2
17 108 98 60 50 21 11 11 6 62 64 17 58 2
18 87 77 34 24 88 78 22 1 46 69 6 96 1
19 60 50 28 18 89 79 75 20 72 68 2 88 2
20 81 71 27 17 66 56 83 52 1 47 47 13 2
21 12 2 97 87 89 79 58 57 73 85 71 96 1
22 72 62 83 73 93 83 66 44 80 85 48 39 2
23 48 38 21 11 85 75 66 53 86 7 76 19 3
24 81 71 32 22 74 64 91 87 15 39 92 14 1
25 84 74 45 35 105 95 93 93 77 30 5 35 1
26 61 51 108 98 54 44 54 84 85 38 77 72 3
27 11 1 52 42 100 90 2 24 51 65 11 81 1
28 14 4 48 38 75 65 53 22 1 47 89 55 2
29 48 38 13 3 85 75 95 32 50 38 85 52 1
