3 30
843 519 728 
0 101 94 12 13 31 31 62 16 58 63 48 9 2
1 57 47 75 81 22 16 92 71 70 92 29 54 2
2 78 73 53 43 25 22 23 5 55 72 57 19 3
3 57 58 6 4 65 59 89 4 48 4 18 28 2
4 99 91 32 41 99 92 4 57 62 59 57 86 1
5 53 52 8 7 55 53 95 15 8 61 13 52 2
6 93 92 14 18 43 45 13 45 64 27 62 58 1
7 12 22 52 61 103 99 41 2 71 66 63 63 2
8 59 64 36 30 1 5 19 41 85 35 74 88 3
9 71 77 22 31 86 86 87 6 87 84 1 75 1
10 57 54 6 1 34 39 40 54 84 12 50 70 1
11 95 98 1 8 13 19 26 35 73 39 12 24 3
12 95 91 50 41 78 84 35 68 15 97 64 88 3
13 20 11 55 57 5 4 19 72 80 38 17 54 2
14 37 27 46 54 84 88 68 16 39 93 43 46 3
15 79 87 3 10 32 24 50 81 27 48 34 90 1
16 6 8 89 94 74 73 83 93 7 49 6 62 1
17 13 19 3 13 16 8 51 57 39 13 95 62 1
18 20 20 41 34 49 57 98 39 72 38 33 12 1
19 38 37 1 3 71 70 60 53 69 34 42 89 1
20 67 68 80 74 72 81 47 6 96 76 98 6 2
21 86 86 56 53 13 19 67 11 94 60 92 11 1
22 90 95 46 53 9 4 51 7 2 16 64 55 3
23 43 37 23 20 95 94 12 21 25 87 25 89 2
24 59 63 76 82 93 100 99 50 50 11 94 26 1
25 12 11 25 25 38 40 26 38 70 86 15 43 3
26 78 81 20 23 56 58 4 4 75 42 47 27 3
27 66 62 1 1 25 31 25 90 24 41 19 10 2
28 1 8 35 31 63 53 71 43 91 56 14 35 1
29 44 54 29 32 1 3 13 90 30 29 15 56 3
