3 40
388 387 396 
0 79 69 98 88 9 6 91 85 44 7 25 52 3
1 53 50 92 84 26 27 35 20 9 64 70 49 2
2 44 40 19 10 83 81 17 78 77 98 54 89 2
3 71 61 1 7 50 54 59 21 30 82 92 26 3
4 5 14 72 64 10 7 61 18 90 75 92 48 2
5 50 51 97 98 52 52 8 56 61 96 4 59 2
6 13 15 34 41 76 68 64 8 43 56 88 30 3
7 11 9 43 48 81 86 74 33 4 73 1 67 1
8 57 67 34 33 1 8 7 46 87 30 67 93 2
9 36 32 79 78 30 33 51 61 89 12 35 50 3
10 41 45 82 84 39 30 66 55 46 51 66 81 2
11 32 33 44 43 58 54 96 49 53 11 52 34 2
12 22 26 77 76 18 19 48 35 67 72 54 16 2
13 90 82 30 20 59 67 3 79 33 62 50 8 2
14 13 18 51 53 89 87 23 15 54 17 66 4 1
15 58 50 74 65 77 87 24 65 32 49 21 90 3
16 39 35 22 21 99 100 51 10 23 40 56 42 1
17 58 62 48 56 53 43 36 19 12 100 90 9 3
18 27 23 35 45 56 60 87 95 38 94 83 34 3
19 88 84 40 50 21 17 91 47 33 79 86 74 3
20 47 55 60 61 73 68 64 98 68 93 33 89 2
21 90 85 52 44 9 10 2 27 75 63 33 20 2
22 72 70 28 28 70 79 5 27 48 30 70 85 3
23 101 92 73 75 45 49 12 63 35 87 86 37 1
24 11 18 28 37 45 55 25 14 60 23 77 72 3
25 21 30 34 44 68 59 23 90 98 57 38 94 2
26 35 40 82 74 26 17 68 19 25 2 5 41 3
27 94 93 22 32 61 70 38 15 20 44 28 10 3
28 107 99 22 22 37 44 5 41 73 52 56 29 2
29 27 25 96 95 73 66 46 80 57 26 17 73 3
30 69 59 93 90 25 20 7 69 68 88 85 89 1
31 5 13 93 92 76 78 44 57 75 90 14 40 2
32 92 85 13 16 55 46 78 80 80 38 30 3 2
33 64 63 46 53 43 36 27 65 41 69 100 12 3
34 4 10 11 8 1 7 26 17 31 73 88 37 2
35 91 87 20 13 46 48 63 89 47 51 86 21 2
36 20 22 9 4 87 87 14 17 17 73 78 70 1
37 60 66 38 33 16 7 68 70 65 17 40 47 1
38 10 2 28 36 88 79 95 31 3 51 54 78 3
39 57 64 19 15 66 73 33 19 3 14 35 30 3
