3 40
814 905 1136 
0 22 12 41 31 59 49 82 23 85 8 27 34 3
1 31 21 15 5 92 82 53 74 35 22 19 7 3
2 23 13 57 47 100 90 89 54 34 27 88 64 2
3 35 25 52 42 60 50 26 96 61 48 100 75 3
4 45 35 15 5 86 76 12 17 29 32 48 86 3
5 21 11 29 19 30 20 45 67 76 23 34 83 2
6 70 60 16 6 71 61 92 48 82 48 100 96 3
7 13 3 89 79 66 56 62 24 77 17 24 79 1
8 79 69 29 19 72 62 75 77 89 37 82 59 3
9 18 8 95 85 63 53 18 25 90 75 99 6 2
10 108 98 63 53 109 99 92 88 42 17 31 43 3
11 14 4 22 12 23 13 83 41 76 45 49 21 3
12 16 6 42 32 69 59 3 37 15 34 77 46 2
13 94 84 43 33 99 89 12 28 88 41 75 87 2
14 86 76 25 15 63 53 63 40 20 99 13 29 3
15 20 10 61 51 93 83 81 44 28 4 52 92 1
16 32 22 106 96 73 63 14 33 6 15 63 22 1
17 47 37 100 90 52 42 69 2 25 91 98 2 3
18 13 3 67 57 14 4 39 47 93 38 85 49 3
19 47 37 108 98 76 66 98 2 90 21 77 84 1
20 78 68 17 7 63 53 63 94 69 66 35 62 3
21 88 78 72 62 65 55 20 6 43 2 67 34 2
22 46 36 56 46 67 57 42 81 13 72 57 42 1
23 92 82 64 54 29 19 29 68 19 1 64 38 2
24 39 29 89 79 32 22 57 98 8 60 100 14 1
25 84 74 44 34 105 95 45 100 28 2 43 82 1
26 55 45 93 83 40 30 86 27 28 55 56 44 1
27 75 65 23 13 64 54 40 40 46 42 2 85 1
28 23 13 50 40 84 74 15 51 88 33 41 76 2
29 56 46 28 18 101 91 19 77 35 7 71 6 3
30 47 37 70 60 92 82 42 51 84 14 57 74 2
31 97 87 49 39 94 84 73 55 11 41 97 71 3
32 64 54 50 40 29 19 84 41 28 87 95 46 3
33 23 13 67 57 20 10 9 74 84 20 72 31 3
34 23 13 109 99 104 94 87 6 24 73 94 100 2
35 107 97 43 33 80 70 75 1 93 44 14 80 3
36 48 38 62 52 85 75 51 47 90 35 61 32 2
37 87 77 24 14 60 50 7 44 46 3 65 17 1
38 21 11 95 85 62 52 27 35 58 16 25 29 3
39 42 32 31 21 27 17 12 36 55 66 55 24 1
