3 40
965 912 1095 
0 78 68 96 86 15 5 17 93 48 25 22 65 1
1 68 58 45 35 21 11 100 2 3 35 68 85 2
2 34 24 77 67 11 1 21 35 33 57 38 26 1
3 77 67 85 75 102 92 17 23 63 70 38 32 3
4 56 46 27 17 97 87 97 15 2 74 87 46 3
5 38 28 39 29 47 37 44 32 72 80 81 86 1
6 17 7 72 62 18 8 69 38 48 59 18 32 2
7 50 40 27 17 103 93 38 21 35 84 95 54 1
8 22 12 73 63 15 5 84 84 79 91 73 50 2
9 32 22 108 98 77 67 4 3 16 53 14 65 2
10 64 54 18 8 65 55 97 76 66 40 73 100 1
11 31 21 40 30 48 38 68 11 43 7 82 82 1
12 95 85 22 12 48 38 89 26 91 69 42 23 1
13 48 38 96 86 45 35 40 84 4 3 93 76 3
14 102 92 40 30 79 69 65 34 56 87 21 78 1
15 34 24 66 56 107 97 12 33 14 3 44 42 1
16 39 29 106 96 80 70 78 63 11 16 95 12 2
17 13 3 65 55 18 8 86 98 38 95 78 84 2
18 68 58 23 13 69 59 97 3 73 100 89 15 1
19 37 27 105 95 66 56 72 93 16 26 15 76 1
20 102 92 48 38 87 77 17 15 26 40 12 47 2
21 49 39 34 24 26 16 76 37 6 73 61 30 2
22 77 67 88 78 98 88 4 13 98 92 79 8 3
23 101 91 66 56 38 28 57 87 57 28 35 3 1
24 82 72 25 15 75 65 96 13 83 72 9 1 2
25 65 55 18 8 78 68 90 44 80 100 19 81 2
26 78 68 25 15 71 61 88 9 64 22 52 52 3
27 104 94 45 35 93 83 55 77 59 54 15 93 1
28 11 1 45 35 80 70 86 94 42 62 74 7 2
29 73 63 38 28 110 100 12 3 8 98 21 46 1
30 107 97 29 19 52 42 79 23 48 21 36 16 1
31 46 36 99 89 43 33 35 56 52 10 39 30 3
32 15 5 102 92 88 78 85 21 37 89 79 16 2
33 64 54 17 7 61 51 5 33 56 61 14 68 2
34 98 88 93 83 87 77 23 76 41 71 83 80 2
35 16 6 53 43 89 79 25 91 86 18 95 46 2
36 99 89 22 12 44 34 42 100 10 91 27 7 3
37 97 87 33 23 70 60 27 45 90 59 27 57 1
38 28 18 103 93 69 59 12 36 35 98 66 62 2
39 16 6 12 2 101 91 84 60 86 17 11 75 3
