3 40
1090 918 976 
0 84 3 60 22 37 40 22 3 90 50 81 1 1
1 56 80 65 14 81 57 99 41 75 64 61 88 3
2 30 54 38 24 39 95 60 14 11 76 30 93 1
3 2 59 78 5 55 60 2 22 100 65 56 41 2
4 63 84 40 26 8 77 43 66 29 80 41 12 2
5 3 25 11 80 12 26 97 68 94 23 67 12 2
6 83 45 32 79 88 6 31 82 27 23 48 49 1
7 77 99 18 38 50 76 26 87 59 91 55 38 3
8 80 93 41 67 93 34 42 97 91 2 4 32 1
9 28 90 97 44 65 99 25 96 85 52 58 25 3
10 97 15 89 54 74 100 18 20 21 52 56 87 2
11 9 71 73 81 46 92 16 68 71 16 49 75 2
12 17 60 77 10 38 53 62 42 10 30 97 54 2
13 32 28 72 74 13 13 52 46 69 37 61 1 2
14 5 20 77 47 42 81 75 89 16 72 79 2 1
15 38 12 82 35 35 49 15 48 29 5 97 59 2
16 40 77 84 63 37 50 44 66 21 55 55 9 2
17 68 16 4 10 41 5 40 3 21 83 99 36 1
18 100 25 37 47 73 62 79 94 30 20 2 6 2
19 71 70 68 44 56 11 77 73 99 59 76 94 2
20 39 37 36 43 32 50 59 25 51 93 70 94 3
21 1 79 61 46 14 4 92 89 33 30 58 69 3
22 62 8 14 66 59 17 58 18 67 91 43 64 2
23 18 50 10 25 95 7 27 99 20 57 7 98 3
24 51 28 95 55 40 73 66 52 45 57 48 16 3
25 8 68 81 82 45 5 47 83 60 65 22 3 2
26 90 54 10 96 39 31 23 62 8 30 2 23 3
27 41 95 10 26 78 64 50 36 81 69 29 50 2
28 60 89 64 12 77 34 3 54 59 49 28 89 2
29 62 15 79 85 87 64 81 30 5 27 50 6 2
30 31 1 3 24 68 54 94 48 72 85 91 98 2
31 94 87 26 74 51 52 77 37 83 92 17 97 3
32 22 79 58 10 87 40 13 17 39 3 7 15 1
33 53 25 97 15 42 98 92 43 26 68 32 60 2
34 9 56 66 54 22 53 10 20 22 24 72 8 1
35 43 65 11 91 72 26 67 20 78 25 5 41 3
36 19 64 55 46 84 21 44 59 68 10 1 14 1
37 1 64 61 31 14 97 8 53 54 34 10 95 1
38 44 92 97 34 41 69 28 87 53 25 30 68 2
39 81 98 46 57 10 7 4 93 42 97 92 77 2
