3 40
397 399 372 
0 12 2 30 20 49 39 25 93 65 44 94 71 2
1 42 32 27 17 103 93 77 40 12 39 67 14 1
2 64 54 107 97 41 31 47 87 15 23 83 40 2
3 43 33 51 41 68 58 21 70 84 1 87 81 3
4 78 68 49 39 19 9 14 8 41 6 33 3 2
5 84 74 85 75 93 83 24 4 34 58 14 53 2
6 15 5 70 60 16 6 39 58 61 86 75 97 2
7 108 98 85 75 61 51 35 61 24 26 40 14 3
8 92 82 35 25 85 75 98 19 47 83 69 12 1
9 62 52 38 28 107 97 76 47 38 90 94 13 2
10 38 28 92 82 39 29 81 8 6 12 16 55 3
11 81 71 90 80 90 80 80 59 22 16 40 91 3
12 33 23 60 50 86 76 23 64 53 35 7 61 1
13 14 4 62 52 19 9 4 26 73 45 22 24 2
14 84 74 30 20 69 59 95 52 35 24 97 50 2
15 96 86 36 26 69 59 82 19 4 99 37 43 1
16 65 55 40 30 106 96 97 10 67 68 20 55 3
17 35 25 87 77 48 38 10 43 38 33 8 55 3
18 34 24 81 71 35 25 49 31 42 73 94 94 1
19 99 89 67 57 36 26 64 62 86 82 87 78 3
20 72 62 110 100 57 47 90 87 31 19 49 52 3
21 71 61 56 46 48 38 17 29 39 43 31 75 3
22 107 97 18 8 28 18 97 51 4 14 48 22 1
23 11 1 84 74 48 38 89 94 68 50 41 68 1
24 16 6 67 57 109 99 69 64 97 58 33 86 3
25 95 85 56 46 16 6 41 1 91 54 81 1 1
26 32 22 71 61 17 7 23 72 69 13 93 72 3
27 74 64 23 13 63 53 11 46 21 73 43 99 1
28 13 3 39 29 74 64 87 67 47 94 32 64 3
29 27 17 100 90 72 62 23 82 17 81 74 80 3
30 77 67 99 89 14 4 18 4 69 21 65 62 1
31 60 50 13 3 57 47 52 14 32 88 74 37 1
32 65 55 44 34 30 20 13 62 88 21 16 82 3
33 34 24 87 77 31 21 8 13 20 29 91 62 3
34 52 42 47 37 41 31 44 72 45 5 27 29 1
35 110 100 47 37 83 73 74 33 62 27 91 27 1
36 101 91 24 14 46 36 10 90 24 100 81 73 2
37 83 73 19 9 56 46 61 6 70 79 54 80 3
38 22 12 97 87 63 53 40 49 66 37 95 94 1
39 86 76 74 64 71 61 52 60 29 14 48 79 2
