3 40
1170 957 950 
0 44 34 63 53 81 71 39 48 57 69 80 69 1
1 73 63 49 39 34 24 94 5 41 6 49 10 3
2 77 67 19 9 54 44 3 19 3 41 44 34 3
3 85 75 94 84 110 100 55 59 87 96 88 99 1
4 107 97 77 67 48 38 12 30 74 61 70 6 3
5 75 65 75 65 84 74 66 58 10 70 40 96 3
6 68 58 22 12 69 59 40 32 15 93 6 26 3
7 55 45 39 29 16 6 34 88 79 45 81 76 3
8 53 43 103 93 54 44 50 45 43 3 14 30 2
9 80 70 49 39 17 7 64 10 69 20 62 91 3
10 22 12 69 59 23 13 11 100 2 51 36 84 3
11 100 90 100 90 109 99 50 94 1 91 17 11 2
12 34 24 60 50 95 85 33 55 96 28 63 58 2
13 108 98 57 47 105 95 82 42 3 41 99 30 1
14 56 46 95 85 33 23 75 15 86 39 10 92 1
15 66 56 107 97 39 29 80 65 79 94 87 90 3
16 62 52 28 18 95 85 62 25 59 71 60 87 3
17 101 91 54 44 14 4 69 16 51 14 99 55 2
18 27 17 81 71 28 18 43 75 64 89 21 86 1
19 21 11 90 80 50 40 75 6 9 37 54 42 3
20 88 78 35 25 73 63 4 40 50 18 43 93 1
21 42 32 34 24 19 9 64 96 58 64 38 48 3
22 72 62 74 64 85 75 23 49 62 36 70 70 2
23 22 12 94 84 59 49 83 72 60 5 76 83 2
24 97 87 47 37 90 80 93 99 91 28 99 37 3
25 102 92 62 52 23 13 34 4 24 92 26 86 2
26 73 63 11 1 58 48 98 35 79 76 20 42 3
27 85 75 33 23 74 64 49 30 34 26 48 34 1
28 89 79 24 14 50 40 41 82 4 37 52 47 3
29 102 92 74 64 47 37 23 15 19 41 64 61 2
30 93 83 16 6 38 28 96 54 27 49 38 2 1
31 95 85 39 29 92 82 31 58 87 85 50 49 1
32 78 68 64 54 51 41 31 51 71 37 89 1 1
33 97 87 41 31 94 84 25 73 98 34 55 61 3
34 33 23 27 17 22 12 26 99 26 6 38 8 3
35 45 35 81 71 18 8 31 81 23 27 2 81 1
36 78 68 92 82 15 5 38 46 76 80 52 91 3
37 25 15 62 52 98 88 76 13 42 37 80 21 3
38 59 49 25 15 100 90 94 59 68 1 12 55 1
39 52 42 49 39 37 27 36 38 93 58 56 63 1
