3 40
367 396 461 
0 95 93 72 11 48 30 27 54 57 90 30 11 3
1 56 21 64 64 81 98 50 85 93 87 53 36 2
2 93 87 94 58 2 28 10 98 92 30 89 34 3
3 97 4 74 59 50 5 75 66 28 54 25 88 1
4 7 89 83 40 52 90 72 97 5 96 34 73 2
5 70 55 79 9 87 56 35 40 96 60 32 95 2
6 3 62 51 89 8 15 14 67 58 94 18 31 3
7 53 5 85 43 26 82 57 40 43 12 57 55 3
8 76 26 28 1 81 67 89 44 83 69 18 60 2
9 88 11 56 58 17 12 9 97 6 41 62 77 3
10 80 9 73 47 57 94 48 1 2 65 61 47 1
11 28 32 1 43 65 53 54 80 66 29 51 3 1
12 36 37 97 80 57 30 59 60 80 21 70 3 2
13 31 5 72 52 12 90 38 28 68 59 32 73 3
14 76 10 49 36 13 71 78 76 47 61 90 82 1
15 1 42 46 56 98 79 43 56 97 3 24 19 1
16 51 78 4 65 48 51 82 92 50 41 44 28 1
17 71 45 8 40 44 34 92 91 41 42 6 85 1
18 96 86 32 9 69 23 42 18 71 21 13 31 2
19 15 71 3 46 100 12 8 65 47 27 72 47 2
20 55 46 51 53 48 59 15 43 16 42 3 55 3
21 84 73 45 31 5 98 5 80 86 26 93 20 3
22 25 13 78 64 30 22 61 13 35 81 37 1 1
23 37 40 30 22 22 97 71 2 37 69 74 6 1
24 58 2 3 20 47 39 8 79 49 42 60 87 3
25 28 57 100 80 73 94 98 7 62 2 82 72 3
26 37 95 58 30 86 64 31 3 7 79 34 85 1
27 93 97 61 35 22 66 86 90 82 38 74 3 3
28 79 39 92 61 4 84 62 76 99 49 39 58 1
29 62 24 78 95 87 73 17 91 97 45 76 28 1
30 58 27 31 57 95 88 3 11 61 45 91 51 3
31 9 13 42 99 66 86 98 84 47 11 47 34 1
32 69 65 6 95 34 26 2 90 86 88 79 52 3
33 64 50 9 41 53 23 74 95 4 8 18 91 3
34 85 89 41 88 98 86 7 34 8 50 82 41 2
35 34 38 3 65 63 99 60 73 86 75 89 37 2
36 50 45 79 20 15 2 28 16 43 72 48 33 2
37 48 54 9 20 61 87 4 88 100 30 56 84 2
38 24 1 68 44 21 78 80 26 52 36 85 82 2
39 77 100 41 58 6 17 41 87 50 52 42 44 1
