3 40
468 379 478 
0 67 57 86 76 104 94 17 29 90 33 40 58 3
1 80 70 56 46 41 31 100 23 64 70 74 38 1
2 84 74 18 8 61 51 73 25 82 6 26 28 1
3 76 66 93 83 101 91 18 72 9 57 62 39 1
4 90 80 60 50 31 21 7 99 98 2 51 15 1
5 94 84 102 92 103 93 16 90 89 94 23 11 1
6 71 61 17 7 72 62 30 15 8 42 19 17 3
7 46 36 22 12 99 89 80 67 80 26 94 38 2
8 36 26 78 68 29 19 15 52 42 76 90 27 2
9 75 65 52 42 20 10 56 82 85 4 80 53 1
10 93 83 40 30 94 84 76 14 4 38 72 44 2
11 99 89 107 97 16 6 36 97 28 79 57 15 2
12 13 3 39 29 66 56 9 79 26 45 22 9 2
13 67 57 16 6 72 62 98 54 69 78 51 98 3
14 107 97 46 36 84 74 54 58 69 39 39 20 3
15 109 99 42 32 82 72 62 22 100 10 95 78 1
16 73 63 39 29 14 4 86 13 71 15 77 20 1
17 100 90 53 43 105 95 96 10 79 52 67 55 1
18 90 80 36 26 91 81 89 14 73 40 47 29 2
19 96 86 65 55 25 15 81 95 60 70 45 49 1
20 103 93 42 32 88 78 12 48 41 100 43 67 1
21 33 23 17 7 110 100 36 41 15 49 60 62 1
22 39 29 49 39 60 50 15 16 41 47 84 5 2
23 21 11 93 83 58 48 59 29 26 34 51 25 1
24 60 50 102 92 45 35 67 15 22 10 31 30 1
25 77 67 37 27 98 88 63 94 89 25 29 54 3
26 56 46 102 92 49 39 80 98 47 69 73 86 3
27 104 94 44 34 93 83 43 88 3 25 69 46 3
28 100 90 35 25 61 51 76 40 13 23 46 19 1
29 45 35 109 99 82 72 94 81 2 33 43 84 2
30 36 26 59 49 73 63 97 55 61 53 38 89 1
31 110 100 62 52 107 97 54 35 43 31 13 66 3
32 17 7 103 93 90 80 19 49 19 73 8 80 2
33 84 74 28 18 73 63 44 7 34 91 20 7 1
34 28 18 22 12 17 7 62 77 12 93 8 16 2
35 20 10 56 46 93 83 2 73 12 53 55 2 1
36 61 51 83 73 106 96 24 37 92 79 83 14 3
37 92 82 29 19 65 55 66 90 53 84 15 18 1
38 30 20 104 94 71 61 52 24 25 78 70 65 2
39 59 49 56 46 44 34 19 71 70 98 94 1 1
