3 40
440 358 423 
0 37 15 14 33 90 52 66 69 72 90 83 84 1
1 98 83 14 18 23 52 8 94 20 59 40 83 3
2 39 49 48 20 48 90 20 10 70 7 66 57 2
3 39 10 24 57 100 3 98 38 97 26 50 48 1
4 69 71 37 22 6 64 92 46 67 35 97 44 3
5 56 61 65 15 65 62 1 55 45 24 79 66 1
6 17 88 65 15 14 41 63 3 31 43 70 77 2
7 99 75 31 13 72 52 80 83 46 87 51 97 1
8 30 56 82 23 43 89 93 92 14 52 58 27 3
9 70 25 30 72 99 26 64 61 13 55 85 64 1
10 42 19 27 57 19 4 75 61 31 56 14 48 3
11 58 50 23 61 95 71 96 68 63 88 83 12 3
12 54 95 15 38 75 80 100 25 67 48 62 45 2
13 41 23 82 70 22 8 25 1 72 29 12 71 1
14 22 76 95 2 59 37 63 46 97 29 35 27 2
15 91 80 44 2 96 25 54 28 32 21 32 69 3
16 33 100 78 79 22 65 14 61 18 51 62 71 1
17 9 63 46 58 82 52 74 85 79 39 52 79 3
18 34 16 70 39 7 61 71 71 9 27 79 53 3
19 25 9 21 84 10 50 74 14 64 76 79 76 2
20 13 16 9 23 6 29 16 26 13 8 96 57 1
21 86 39 39 97 99 64 68 78 51 43 93 65 1
22 23 67 76 18 20 76 29 99 2 97 85 95 3
23 23 90 16 64 100 47 12 21 29 15 14 42 3
24 100 32 45 50 89 69 42 75 48 93 21 98 2
25 58 47 30 62 95 76 33 17 69 31 6 86 2
26 47 49 68 92 96 26 35 81 49 83 46 88 1
27 75 35 43 65 4 4 36 87 18 15 98 7 2
28 13 17 26 39 38 62 5 61 31 89 32 61 2
29 12 94 20 65 37 35 39 67 43 79 29 18 3
30 88 77 53 7 25 38 6 44 17 26 87 61 1
31 67 27 100 5 24 92 47 71 99 86 87 48 3
32 51 39 88 69 16 100 5 20 28 29 83 90 2
33 74 96 11 79 55 69 7 27 24 37 79 62 3
34 47 79 3 78 60 76 42 80 55 88 42 57 2
35 100 12 69 39 29 73 92 57 64 68 89 37 3
36 40 95 69 78 5 52 5 12 47 14 13 81 1
37 26 60 79 26 39 93 86 33 62 49 54 97 1
38 14 71 58 14 11 48 10 98 10 91 75 19 3
39 43 94 7 44 72 3 5 4 15 10 91 96 1
