3 40
1034 946 1078 
0 39 46 71 65 82 83 6 25 66 25 3 12 3
1 43 43 77 85 16 20 61 17 3 31 36 61 3
2 58 49 20 19 97 90 86 37 66 14 93 13 1
3 67 58 1 4 54 59 82 84 20 53 15 16 3
4 37 31 83 81 37 32 23 96 74 41 41 10 2
5 78 80 25 27 80 81 47 30 11 24 59 27 2
6 54 44 62 70 104 97 15 63 74 43 6 83 1
7 63 58 103 97 33 35 74 80 87 78 49 58 3
8 58 56 14 22 99 89 38 76 67 50 74 70 1
9 76 69 19 23 62 70 76 84 91 18 27 100 1
10 39 30 75 77 16 15 81 72 48 87 96 39 3
11 76 66 80 76 94 87 23 66 37 26 52 84 2
12 64 71 11 13 68 64 74 99 96 44 68 57 1
13 95 91 43 37 85 76 49 32 51 42 80 49 3
14 6 7 44 42 74 68 68 38 16 8 39 52 3
15 1 7 16 22 53 44 60 74 50 34 35 93 1
16 97 96 80 82 73 69 63 73 84 4 63 70 1
17 68 67 50 53 42 48 42 100 64 1 5 7 1
18 31 40 52 54 81 77 9 75 18 35 35 19 2
19 9 5 69 71 50 46 83 32 53 43 75 75 2
20 1 4 9 10 22 17 22 81 28 63 80 33 2
21 64 66 42 33 99 99 13 36 66 1 53 38 2
22 67 59 15 17 65 68 96 87 57 53 68 1 2
23 10 13 95 88 75 70 67 33 78 24 95 41 3
24 15 19 32 38 49 56 62 94 2 21 71 22 1
25 65 71 86 93 12 8 68 43 93 1 40 18 3
26 58 49 100 91 28 26 65 90 7 29 60 92 1
27 13 22 46 53 93 91 60 38 26 54 1 79 1
28 54 52 69 75 105 97 88 61 24 28 48 32 1
29 73 66 29 36 6 15 22 7 96 92 27 38 3
30 89 92 21 23 53 53 98 81 87 97 83 13 1
31 40 42 15 21 1 7 32 12 25 70 82 98 1
32 70 74 1 5 41 35 53 25 1 40 83 86 3
33 30 20 4 10 9 1 64 14 70 18 4 69 2
34 64 63 71 61 65 68 99 46 74 74 57 78 1
35 93 92 30 26 61 53 45 20 12 53 43 36 1
36 57 59 46 41 24 24 79 9 89 78 11 47 3
37 74 75 52 42 9 16 55 74 53 45 73 30 1
38 41 43 72 77 19 20 95 73 82 83 48 20 3
39 63 73 33 32 72 82 58 9 20 35 70 70 1
