3 40
405 395 336 
0 82 80 93 99 25 17 46 11 74 46 30 66 3
1 77 73 11 15 50 50 80 7 83 64 98 6 1
2 61 63 44 41 8 12 12 26 32 92 92 22 3
3 61 56 18 10 48 57 26 5 38 49 10 25 3
4 2 1 48 51 2 2 11 29 25 50 47 67 1
5 48 54 3 9 50 55 62 23 93 54 86 12 2
6 76 74 97 100 18 27 20 34 88 4 89 94 1
7 50 48 90 87 28 25 66 24 37 84 64 11 2
8 88 82 44 48 21 15 38 53 45 37 67 80 1
9 44 35 87 89 30 36 79 96 63 41 72 90 2
10 93 100 42 47 91 85 81 82 10 36 14 99 2
11 94 96 1 6 12 17 30 40 73 70 65 6 3
12 5 5 52 47 88 98 32 32 28 60 43 31 3
13 47 37 74 83 16 22 25 39 1 2 62 96 3
14 17 9 39 36 77 70 23 92 25 90 72 78 2
15 70 69 94 92 10 6 27 20 66 99 91 53 1
16 51 46 34 24 19 11 55 6 35 48 44 88 3
17 17 21 7 15 12 2 79 18 14 66 59 35 3
18 43 42 64 56 72 79 32 56 39 51 62 20 2
19 103 99 55 65 44 40 22 94 66 16 11 60 1
20 96 86 88 92 101 99 84 35 100 58 38 96 1
21 63 68 25 27 103 93 69 56 69 40 71 78 1
22 95 97 64 55 14 6 21 34 13 6 41 34 3
23 62 63 42 46 35 28 79 58 75 9 41 59 3
24 34 29 51 48 68 66 39 57 42 90 66 12 2
25 25 17 30 31 43 46 5 19 2 4 1 79 1
26 74 71 1 5 44 48 91 87 77 74 62 17 3
27 16 16 49 47 75 85 10 22 25 4 36 57 2
28 31 34 67 57 82 79 18 34 34 25 48 97 3
29 52 56 29 34 1 5 13 92 6 10 52 71 2
30 29 34 74 65 85 95 78 39 14 23 27 42 3
31 13 16 9 3 84 81 12 84 8 100 23 22 3
32 76 68 105 99 26 29 97 90 71 22 82 33 1
33 80 90 67 72 72 63 1 28 17 61 8 43 3
34 4 9 11 7 1 6 45 74 24 83 52 18 2
35 69 70 14 4 32 39 73 81 76 24 54 41 1
36 5 1 73 83 64 58 60 41 92 45 65 76 2
37 70 73 48 40 1 6 36 80 15 57 19 58 3
38 31 33 70 75 9 10 75 66 2 41 62 11 2
39 1 7 70 66 9 16 89 13 65 95 16 27 1
