3 40
998 1218 930 
0 26 25 2 44 79 62 53 5 22 63 84 72 2
1 98 34 7 76 23 11 15 13 28 8 49 72 1
2 84 16 84 86 93 57 21 8 32 7 33 62 2
3 44 57 28 3 5 58 58 21 7 59 88 47 3
4 25 58 94 8 70 51 77 46 80 93 12 42 1
5 89 39 89 86 98 40 38 87 53 24 54 1 2
6 97 71 46 97 94 24 56 6 57 16 86 72 2
7 23 69 64 8 96 46 89 18 44 15 38 46 3
8 42 23 95 89 47 56 28 74 14 60 12 10 3
9 10 4 79 58 39 5 23 24 26 54 78 79 1
10 59 25 51 64 36 10 100 2 44 17 72 15 2
11 39 89 3 99 76 10 53 95 81 34 19 80 3
12 43 18 3 60 64 11 62 7 76 54 82 87 3
13 42 46 82 92 23 31 47 87 90 91 49 74 3
14 51 86 23 21 96 47 16 20 90 87 50 93 3
15 28 58 80 81 25 95 28 21 38 63 47 33 2
16 14 99 58 85 11 64 24 94 49 66 16 47 2
17 6 34 42 20 79 15 85 97 70 32 56 48 1
18 46 55 83 77 19 100 1 42 24 77 9 44 2
19 81 8 78 82 66 49 69 30 42 55 46 72 2
20 89 15 86 21 82 20 88 6 21 95 37 100 1
21 95 45 55 12 16 78 68 95 78 29 72 74 2
22 60 62 4 20 57 71 63 56 10 74 23 61 2
23 96 92 88 75 81 57 64 42 96 75 20 86 1
24 93 58 37 77 82 95 82 86 33 21 71 49 1
25 38 58 3 72 75 87 65 33 29 77 17 94 2
26 100 16 20 58 49 93 87 70 89 9 63 35 1
27 23 25 92 64 60 2 27 48 62 65 26 97 2
28 94 59 6 82 19 4 76 74 15 51 21 74 1
29 12 85 21 55 37 34 86 43 55 56 22 22 1
30 61 51 25 82 98 12 93 65 37 92 18 68 3
31 52 93 76 80 9 66 63 69 19 38 6 34 2
32 4 45 40 76 69 6 59 47 9 40 67 61 2
33 63 71 99 61 44 44 65 59 21 32 33 75 1
34 71 38 28 36 84 35 89 85 68 63 56 31 1
35 9 39 77 65 38 100 40 28 38 88 98 45 3
36 9 22 45 96 74 79 90 8 57 68 30 70 3
37 79 62 31 29 92 95 74 5 17 18 18 4 3
38 34 62 87 96 31 39 15 37 41 12 82 37 2
39 47 84 12 43 76 1 46 96 44 73 90 52 3
