3 40
1046 1025 952 
0 33 23 52 42 70 60 38 33 82 4 1 4 3
1 106 96 82 72 59 49 60 27 91 16 30 94 1
2 54 44 88 78 31 21 57 26 64 31 9 66 2
3 110 100 27 17 35 25 66 54 16 7 87 97 1
4 76 66 46 36 17 7 58 11 28 5 34 94 1
5 48 38 56 46 57 47 59 87 34 2 16 85 1
6 65 55 19 9 66 56 67 86 10 85 26 1 3
7 88 78 64 54 41 31 63 74 40 96 75 25 2
8 66 56 16 6 59 49 98 25 34 96 71 67 3
9 53 43 22 12 90 80 11 85 88 100 70 40 2
10 19 9 66 56 20 10 94 54 79 94 21 91 2
11 57 47 57 47 66 56 58 56 43 94 14 68 2
12 75 65 101 91 28 18 16 32 97 79 43 1 2
13 101 91 50 40 98 88 6 89 80 15 46 12 2
14 17 7 56 46 94 84 84 29 33 32 1 35 3
15 47 37 80 70 20 10 70 73 73 66 98 1 3
16 47 37 13 3 88 78 62 29 88 16 90 27 2
17 70 60 31 21 83 73 99 70 33 3 46 99 3
18 24 14 70 60 25 15 6 65 98 49 92 32 1
19 34 24 103 93 63 53 75 63 10 26 47 77 1
20 33 23 72 62 18 8 27 34 53 95 77 62 1
21 11 1 103 93 88 78 50 93 79 14 13 55 2
22 109 99 19 9 30 20 19 64 79 18 63 87 2
23 11 1 75 65 48 38 66 68 62 12 79 85 2
24 18 8 68 58 11 1 40 29 66 1 54 100 2
25 39 29 99 89 60 50 52 33 63 44 76 74 2
26 110 100 56 46 95 85 82 61 94 6 91 89 3
27 34 24 74 64 15 5 41 49 37 42 93 33 2
28 106 96 41 31 67 57 92 46 36 68 89 38 1
29 83 73 55 45 20 10 37 27 8 20 96 41 1
30 74 64 89 79 11 1 74 6 100 81 24 93 3
31 96 86 40 30 93 83 100 87 86 39 41 14 3
32 67 57 53 43 40 30 87 50 48 70 19 86 1
33 106 96 58 48 103 93 57 92 93 45 64 62 2
34 74 64 68 58 63 53 66 31 18 2 69 10 3
35 26 16 62 52 99 89 55 92 22 22 39 98 2
36 59 49 81 71 96 86 16 4 48 100 71 3 2
37 106 96 43 33 79 69 37 86 88 26 52 85 3
38 44 34 110 100 77 67 67 54 70 49 90 82 3
39 97 87 86 76 82 72 53 7 90 35 69 95 2
