3 40
408 396 377 
0 44 36 55 54 66 73 40 60 99 60 89 46 2
1 84 92 23 27 70 61 82 93 25 21 38 5 1
2 83 82 47 53 22 23 15 83 40 74 93 81 3
3 13 11 64 58 13 4 7 3 66 55 13 52 1
4 40 44 86 95 40 45 91 62 20 28 52 15 3
5 5 10 65 56 20 11 98 19 59 47 76 6 3
6 60 53 89 80 10 6 47 26 52 49 47 19 1
7 60 64 1 2 51 41 6 19 18 73 50 81 2
8 85 89 49 56 26 22 76 83 67 48 49 77 2
9 94 90 37 37 88 91 80 43 69 69 42 84 2
10 40 32 68 70 17 17 13 31 39 37 87 53 3
11 24 27 30 38 42 48 72 6 66 40 2 44 1
12 35 40 92 91 39 33 21 83 93 10 60 55 2
13 72 68 22 15 62 53 46 69 29 94 48 33 1
14 107 97 24 31 54 58 43 82 17 32 15 12 1
15 26 29 50 51 66 74 12 34 27 16 18 55 2
16 102 97 74 84 78 70 93 45 91 3 58 55 2
17 102 96 94 91 84 85 26 7 88 31 11 2 1
18 1 1 22 16 30 38 27 84 28 53 35 24 1
19 1 6 85 81 37 47 62 70 85 99 53 38 1
20 14 5 6 12 19 18 97 11 32 95 38 81 1
21 60 60 22 18 79 85 88 95 97 36 43 85 3
22 70 64 12 15 68 73 88 46 95 14 99 45 2
23 7 3 87 85 51 60 13 63 8 62 17 100 3
24 85 85 18 11 35 30 80 92 14 28 21 59 2
25 64 68 90 83 103 97 57 92 30 52 83 7 2
26 78 82 35 25 69 59 22 81 65 47 63 36 2
27 24 24 63 62 83 93 50 94 92 57 3 75 1
28 1 2 33 24 40 47 63 95 8 72 90 2 3
29 75 75 44 46 29 24 62 5 3 25 7 56 3
30 30 26 54 48 86 79 28 73 3 81 13 24 2
31 67 68 63 54 38 33 90 20 92 45 11 22 3
32 68 60 97 90 18 21 70 67 35 31 79 21 2
33 46 45 43 36 17 18 79 96 75 62 75 65 1
34 1 4 3 3 10 1 2 40 83 11 96 28 1
35 69 65 108 100 16 26 17 98 60 67 3 34 2
36 32 40 31 23 91 97 2 57 58 56 8 97 1
37 75 73 45 39 15 6 92 89 54 52 70 58 1
38 48 52 87 87 34 29 2 56 21 61 41 86 1
39 71 75 39 33 88 92 52 33 65 34 57 13 3
