3 40
520 336 398 
0 100 90 19 9 37 27 4 87 36 29 62 22 2
1 89 79 73 63 50 40 37 69 6 68 40 43 2
2 69 59 103 93 46 36 20 73 48 86 79 12 3
3 93 83 110 100 18 8 1 80 20 11 62 18 1
4 83 73 53 43 24 14 3 100 87 73 62 53 1
5 75 65 75 65 84 74 23 60 75 22 88 99 1
6 72 62 18 8 65 55 95 35 15 95 98 30 1
7 63 53 39 29 24 14 98 12 24 80 3 49 1
8 97 87 47 37 98 88 89 34 90 69 10 21 2
9 64 54 33 23 109 99 50 3 94 62 48 96 1
10 102 92 57 47 103 93 32 99 32 61 64 77 3
11 28 18 36 26 45 35 46 56 10 91 64 57 1
12 98 88 24 14 51 41 69 42 87 31 62 76 1
13 80 70 37 27 85 75 70 1 80 73 96 26 2
14 108 98 55 45 93 83 1 82 32 35 16 21 3
15 74 64 15 5 47 37 87 56 2 20 36 29 1
16 110 100 76 66 51 41 68 75 16 7 42 27 1
17 85 75 38 28 98 88 25 40 87 15 71 72 1
18 107 97 53 43 108 98 99 25 45 7 90 32 1
19 65 55 34 24 94 84 71 1 25 83 41 52 3
20 68 58 107 97 53 43 76 45 31 100 37 28 3
21 26 16 110 100 103 93 60 70 4 45 2 34 1
22 20 10 30 20 41 31 79 9 46 79 9 5 2
23 62 52 34 24 99 89 33 19 76 35 34 18 2
24 89 79 31 21 82 72 95 83 47 22 25 81 3
25 58 48 18 8 79 69 22 26 97 30 65 40 3
26 37 27 75 65 22 12 33 19 82 58 9 80 3
27 65 55 13 3 54 44 81 1 20 68 97 71 3
28 57 47 84 74 18 8 12 2 88 51 8 44 1
29 110 100 82 72 55 45 53 65 92 71 48 23 2
30 101 91 24 14 46 36 83 91 86 93 64 35 2
31 99 89 51 41 104 94 20 3 90 53 52 57 2
32 42 32 28 18 15 5 65 44 52 29 61 74 1
33 41 31 93 83 38 28 94 63 67 48 80 51 2
34 105 95 99 89 94 84 21 64 87 43 58 20 1
35 77 67 13 3 50 40 15 48 30 17 54 94 2
36 110 100 32 22 47 37 8 27 94 34 99 55 3
37 49 39 86 76 22 12 70 38 13 39 79 8 1
38 91 81 57 47 24 14 35 2 64 89 11 64 3
39 32 22 21 11 17 7 56 29 74 11 77 88 2
