3 40
349 383 413 
0 34 24 52 42 71 61 82 74 72 46 38 58 2
1 84 74 61 51 45 35 27 23 57 85 70 16 1
2 26 16 61 51 103 93 58 17 63 29 95 3 2
3 85 75 101 91 110 100 16 31 39 48 10 20 2
4 32 22 11 1 81 71 100 17 55 88 57 43 2
5 30 20 39 29 39 29 21 16 52 89 83 65 3
6 21 11 68 58 14 4 4 81 94 62 35 51 1
7 50 40 35 25 11 1 99 69 58 83 22 94 2
8 66 56 17 7 59 49 54 33 100 65 13 93 3
9 24 14 92 82 61 51 37 36 71 82 98 59 1
10 52 42 98 88 53 43 36 90 46 11 73 3 2
11 67 57 68 58 76 66 100 88 27 21 71 19 2
12 51 41 78 68 104 94 38 16 17 40 51 46 3
13 28 18 76 66 25 15 2 96 73 88 91 47 3
14 62 52 100 90 39 29 21 58 35 52 67 41 1
15 42 32 82 72 15 5 6 54 60 6 6 56 2
16 95 85 62 52 28 18 83 32 49 16 98 75 2
17 97 87 49 39 102 92 29 40 42 63 71 92 1
18 48 38 95 85 49 39 100 44 97 80 78 32 1
19 81 71 49 39 110 100 22 100 10 51 63 86 3
20 82 72 28 18 67 57 13 94 19 14 26 45 3
21 25 15 18 8 102 92 15 16 91 12 2 12 3
22 33 23 44 34 54 44 74 66 27 48 48 23 3
23 41 31 14 4 78 68 36 80 94 27 6 12 2
24 74 64 17 7 67 57 50 24 13 17 67 55 3
25 21 11 82 72 42 32 67 85 60 10 70 40 3
26 50 40 89 79 35 25 14 66 27 86 57 92 3
27 84 74 33 23 73 63 73 3 82 95 10 60 2
28 79 69 13 3 40 30 33 74 25 54 90 100 1
29 73 63 46 36 18 8 50 5 82 12 6 8 2
30 23 13 37 27 60 50 83 7 57 93 40 11 3
31 58 48 103 93 55 45 59 17 69 57 64 89 2
32 79 69 66 56 52 42 38 87 8 63 86 86 2
33 16 6 61 51 105 95 8 89 20 4 32 15 1
34 70 60 57 47 51 41 82 82 94 81 70 95 2
35 48 38 85 75 21 11 88 94 6 13 52 95 1
36 39 29 54 44 76 66 75 55 94 97 91 53 1
37 21 11 57 47 94 84 61 1 76 73 59 90 2
38 60 50 27 17 101 91 72 96 44 22 28 16 2
39 96 86 92 82 81 71 80 21 99 8 54 94 1
