3 40
450 395 384 
0 20 82 5 100 81 19 10 1 74 33 60 49 3
1 81 98 97 33 6 67 69 98 41 39 80 33 1
2 66 56 67 27 75 97 44 2 30 55 75 9 3
3 22 9 99 56 75 10 39 61 53 94 16 23 1
4 80 2 48 53 25 3 66 94 90 60 96 50 2
5 27 52 36 6 44 53 56 52 67 20 97 58 1
6 96 3 52 30 1 56 94 76 34 60 26 22 2
7 26 66 66 4 7 43 76 41 94 94 29 83 1
8 45 19 97 86 50 52 73 58 68 11 37 89 1
9 1 100 61 55 30 9 34 7 43 87 24 94 3
10 49 54 42 92 26 39 61 91 27 96 83 42 2
11 17 69 82 80 54 90 81 10 57 1 57 27 1
12 73 58 34 9 94 51 3 15 58 23 4 58 2
13 72 50 21 89 61 35 21 41 10 4 30 7 3
14 49 27 22 53 94 88 59 92 27 25 91 65 1
15 2 15 47 37 99 60 67 20 90 100 9 2 2
16 68 67 13 54 65 40 45 36 9 30 14 40 3
17 52 94 89 81 25 75 69 40 38 38 34 88 1
18 77 67 13 90 50 12 89 7 85 43 48 50 2
19 60 56 48 31 45 97 52 54 83 26 62 43 3
20 76 7 72 14 69 20 52 7 54 50 51 58 1
21 37 82 98 48 58 15 57 45 45 39 53 28 1
22 26 86 79 37 31 95 35 32 9 90 79 33 1
23 98 69 91 43 75 26 38 7 33 28 10 68 1
24 91 91 36 9 80 28 42 71 100 27 73 85 2
25 17 70 89 85 54 99 66 54 66 78 61 55 3
26 82 64 3 99 31 41 13 98 22 74 26 69 3
27 6 82 66 12 35 51 63 15 78 32 33 29 2
28 12 4 25 26 29 49 64 35 97 87 26 15 3
29 87 93 3 64 12 34 8 22 35 75 35 68 3
30 47 52 12 82 84 5 79 74 63 76 79 95 3
31 30 10 63 96 87 83 41 75 26 71 69 92 2
32 82 82 11 12 47 43 9 9 6 64 86 55 1
33 13 23 58 14 94 4 66 49 61 42 31 34 2
34 54 98 10 97 67 95 67 17 58 43 56 92 1
35 55 47 16 82 84 8 2 71 67 11 28 58 3
36 55 66 84 49 20 23 23 11 44 63 1 32 1
37 17 55 70 21 22 88 15 57 50 4 86 80 2
38 25 70 77 5 22 47 94 52 52 34 64 47 1
39 98 57 54 15 19 74 16 87 84 3 99 36 1
