3 40
1122 1104 912 
0 17 13 28 32 47 50 72 3 36 12 29 1 1
1 60 58 94 100 33 35 88 9 12 52 50 12 3
2 49 56 32 26 1 5 95 52 13 19 43 25 2
3 60 57 17 11 55 58 39 71 35 80 82 100 3
4 80 70 13 20 72 63 19 17 61 16 40 65 1
5 63 63 18 18 57 64 75 69 52 72 25 67 3
6 65 59 86 85 7 12 50 12 67 55 4 48 1
7 46 49 86 96 24 34 89 4 2 76 71 10 3
8 23 19 79 85 56 52 82 27 93 97 26 11 3
9 60 52 3 6 46 53 41 38 45 58 5 40 3
10 62 65 19 12 60 50 57 78 79 42 71 45 2
11 85 85 97 95 3 6 6 37 65 24 58 2 1
12 41 34 75 84 24 27 65 67 35 15 57 98 3
13 21 18 48 56 1 3 36 98 41 15 10 38 3
14 68 58 77 85 15 19 57 66 64 61 84 35 1
15 35 34 51 57 75 79 71 28 56 100 40 64 3
16 74 71 65 57 42 36 20 58 25 68 87 42 3
17 99 90 89 84 81 79 36 66 3 89 76 30 3
18 83 91 4 5 33 28 10 75 86 37 66 9 3
19 56 52 16 18 97 93 36 28 69 98 81 57 3
20 96 95 9 1 1 8 43 11 53 72 73 5 1
21 24 17 81 84 43 42 96 92 69 71 23 77 3
22 77 78 33 36 83 87 22 36 26 22 53 93 1
23 90 92 75 67 55 49 47 3 46 18 38 78 1
24 64 70 89 97 6 15 62 87 70 43 55 43 3
25 95 94 8 8 21 31 92 71 75 48 69 77 3
26 62 56 104 98 32 33 16 50 84 91 39 78 3
27 71 69 91 100 30 38 7 32 23 18 78 96 1
28 40 47 76 70 83 92 16 43 58 64 75 87 2
29 56 65 25 35 2 6 82 72 32 73 85 11 2
30 67 67 83 90 15 20 60 52 76 40 22 77 1
31 16 25 12 12 95 98 52 31 24 52 74 8 2
32 23 17 52 56 81 86 9 87 7 26 18 1 3
33 51 55 54 45 30 28 96 18 41 44 89 35 3
34 88 90 95 88 81 87 13 83 15 9 9 70 1
35 35 35 64 61 90 96 46 8 41 19 91 34 3
36 31 30 20 12 90 87 93 93 80 61 26 65 1
37 76 78 54 45 3 11 51 66 89 57 10 30 2
38 28 34 75 76 6 11 29 98 82 87 58 99 2
39 34 36 104 95 51 53 21 90 26 51 7 12 3
