3 40
370 349 359 
0 23 13 41 31 60 50 34 6 44 76 15 7 3
1 17 7 94 84 70 60 91 76 74 90 28 46 2
2 95 85 38 28 72 62 43 96 7 89 58 67 3
3 110 100 26 16 35 25 41 9 29 45 38 68 3
4 101 91 80 70 50 40 63 20 6 1 45 33 2
5 11 1 12 2 20 10 1 19 82 47 25 33 1
6 18 8 65 55 19 9 3 35 90 51 11 72 2
7 75 65 60 50 36 26 52 50 70 38 58 47 3
8 79 69 30 20 72 62 67 96 79 65 1 74 2
9 89 79 65 55 34 24 35 18 88 54 81 88 3
10 41 31 95 85 42 32 7 39 44 56 81 18 3
11 24 14 33 23 33 23 22 24 95 7 38 8 1
12 92 82 19 9 45 35 42 60 10 60 56 88 3
13 21 11 69 59 26 16 98 34 40 3 9 16 1
14 23 13 61 51 100 90 48 25 95 10 74 62 3
15 15 5 55 45 96 86 18 33 33 90 62 40 2
16 80 70 47 37 21 11 31 8 86 6 68 41 3
17 66 56 18 8 71 61 8 73 31 92 85 77 1
18 37 27 92 82 38 28 3 48 47 59 7 22 1
19 94 84 54 44 23 13 33 66 88 4 97 52 1
20 27 17 73 63 12 2 67 33 11 21 6 21 1
21 94 84 87 77 71 61 36 21 2 100 36 17 3
22 70 60 81 71 91 81 19 39 23 71 44 94 1
23 30 20 95 85 67 57 22 37 37 1 15 44 1
24 95 85 38 28 88 78 86 57 87 77 19 96 2
25 58 48 19 9 79 69 6 92 54 82 84 100 1
26 87 77 34 24 72 62 47 79 32 100 65 21 1
27 33 23 74 64 14 4 16 88 88 41 59 21 3
28 96 86 22 12 57 47 39 65 11 27 8 20 3
29 54 44 27 17 91 81 73 86 95 6 88 33 1
30 96 86 18 8 41 31 42 90 89 79 81 2 3
31 59 49 104 94 56 46 70 72 47 74 72 1 2
32 68 58 55 45 41 31 97 77 85 78 42 8 3
33 25 15 70 60 22 12 96 51 17 83 77 1 3
34 11 1 106 96 92 82 24 28 88 56 82 73 2
35 29 19 66 56 102 92 16 42 38 99 4 87 3
36 20 10 43 33 57 47 12 3 28 39 46 39 2
37 102 92 38 28 75 65 14 82 98 50 55 89 1
38 45 35 12 2 78 68 93 36 9 87 32 70 3
39 41 31 29 19 26 16 71 31 2 47 85 3 3
