3 40
890 1010 976 
0 79 69 90 87 1 6 32 87 39 5 24 76 3
1 67 77 6 12 53 46 81 75 70 31 53 97 3
2 71 75 56 46 10 16 51 62 46 24 32 57 3
3 4 4 63 59 1 5 96 52 19 17 66 32 3
4 5 13 72 64 10 6 54 8 82 63 63 71 3
5 12 19 67 73 14 20 45 2 41 38 21 29 3
6 36 38 57 65 99 91 62 39 59 49 91 92 1
7 64 73 15 11 55 50 1 4 76 43 61 45 2
8 20 18 84 93 61 59 81 27 15 48 72 54 2
9 10 7 53 54 4 8 61 48 23 40 6 83 3
10 96 97 37 35 73 82 10 100 56 6 30 9 2
11 15 16 29 27 33 37 91 60 29 44 39 23 1
12 79 77 28 20 62 70 44 31 44 45 43 100 3
13 38 41 88 88 44 34 6 6 51 37 39 82 3
14 45 46 75 80 13 15 2 46 89 9 54 39 2
15 1 2 7 16 31 39 52 85 64 79 75 77 1
16 25 22 18 9 101 95 84 84 66 34 66 27 2
17 71 73 55 60 45 54 59 34 62 63 26 98 3
18 41 50 62 65 91 87 98 7 9 80 83 91 2
19 57 59 38 34 98 100 37 3 79 90 29 97 3
20 14 14 27 21 19 27 14 81 94 71 13 1 1
21 1 9 78 75 40 34 4 27 79 53 26 3 1
22 52 45 102 96 50 54 19 4 19 7 92 86 3
23 27 24 7 6 79 89 82 100 95 85 47 15 3
24 44 34 61 52 78 71 82 94 54 17 91 5 2
25 55 45 60 60 73 74 47 43 76 9 49 20 1
26 74 75 10 10 44 52 93 89 74 5 13 88 2
27 79 77 5 15 38 46 54 36 4 17 95 55 2
28 19 15 34 37 70 60 20 59 49 7 87 33 2
29 71 76 56 55 25 25 93 73 6 89 37 92 3
30 60 51 71 81 16 12 4 97 15 69 71 63 3
31 70 77 66 63 49 50 9 87 20 32 69 36 1
32 23 17 52 47 73 78 32 67 54 81 89 46 3
33 25 18 1 1 83 91 20 81 94 62 85 24 2
34 80 85 87 84 73 82 73 57 12 24 88 66 1
35 27 30 66 57 82 91 83 38 4 5 20 100 2
36 79 69 57 52 17 26 89 39 94 82 18 45 3
37 81 78 51 44 8 11 64 8 9 64 54 62 1
38 53 53 100 96 31 30 42 45 88 55 82 53 1
39 21 12 68 70 38 29 7 76 1 93 76 73 1
