3 40
1098 1272 1158 
0 93 36 69 55 54 73 37 12 36 18 33 13 2
1 73 65 82 99 98 42 19 25 93 80 11 40 2
2 3 47 11 17 12 88 99 52 60 98 64 43 3
3 19 60 3 6 80 61 3 21 45 34 59 75 1
4 52 45 21 95 97 46 64 42 13 63 52 10 3
5 32 42 32 89 41 43 94 60 12 87 2 36 1
6 96 30 53 56 1 83 50 40 64 80 53 33 1
7 42 100 83 47 23 85 100 20 33 62 62 28 2
8 73 30 26 96 78 71 49 74 16 49 94 43 1
9 97 7 66 61 34 16 96 91 12 70 90 33 2
10 90 80 74 19 67 65 80 65 7 26 62 97 3
11 50 52 22 62 87 73 25 76 83 53 62 30 3
12 98 97 58 39 19 90 70 29 66 60 93 99 2
13 93 1 33 47 82 94 58 54 25 28 29 6 2
14 78 69 42 4 15 30 4 9 17 25 2 76 2
15 27 77 79 100 24 22 79 40 41 52 41 34 3
16 5 10 49 88 2 75 20 50 94 85 40 51 3
17 17 85 53 79 90 74 16 71 31 53 73 4 2
18 65 74 2 96 38 11 1 19 83 27 46 84 2
19 36 31 33 97 21 64 43 64 38 47 78 49 3
20 68 46 65 52 61 59 12 36 42 49 93 32 2
21 42 28 2 95 63 61 23 61 85 5 84 45 2
22 59 89 3 47 56 98 28 75 81 70 64 97 1
23 43 71 27 46 20 28 32 28 67 96 24 57 1
24 60 77 4 96 49 14 100 28 70 30 40 65 2
25 49 45 22 67 86 82 18 79 66 29 89 53 1
26 55 47 75 89 4 24 44 43 55 100 14 2 1
27 18 48 79 79 47 17 6 66 81 20 82 6 2
28 61 94 73 17 86 39 23 15 60 57 100 63 2
29 87 16 96 94 4 65 19 78 99 28 12 1 2
30 72 26 36 57 9 87 23 50 33 92 90 4 2
31 31 96 55 83 88 69 69 95 79 26 87 30 2
32 99 36 27 67 64 97 99 85 76 62 6 59 3
33 14 98 58 80 95 71 17 99 30 10 85 51 2
34 2 37 59 35 15 34 3 59 88 68 42 62 2
35 96 22 56 56 25 91 14 14 8 29 51 86 3
36 4 93 40 75 69 58 94 89 68 45 45 35 3
37 10 69 70 36 23 2 26 21 86 100 82 8 3
38 33 93 78 35 30 70 63 57 14 4 83 6 1
39 34 27 99 86 63 44 100 62 96 83 64 74 1
