3 40
453 383 442 
0 89 79 108 98 26 16 91 8 15 62 7 68 2
1 22 12 98 88 75 65 40 98 44 89 12 43 1
2 38 28 80 70 15 5 52 88 62 49 70 98 2
3 18 8 35 25 43 33 2 74 80 43 16 37 1
4 52 42 22 12 93 83 17 16 1 90 87 41 2
5 48 38 48 38 57 47 79 88 62 78 18 11 1
6 69 59 15 5 70 60 41 9 86 55 50 78 2
7 88 78 72 62 49 39 12 97 40 9 83 39 2
8 110 100 60 50 11 1 28 38 21 38 58 12 1
9 37 27 106 96 74 64 85 50 93 13 4 85 3
10 99 89 54 44 100 90 46 58 99 7 96 97 3
11 85 75 93 83 102 92 68 92 47 51 53 45 3
12 31 21 57 47 84 74 65 34 90 14 95 47 3
13 81 71 30 20 78 68 95 19 4 53 65 89 1
14 77 67 16 6 54 44 34 26 14 36 27 29 2
15 55 45 88 78 28 18 36 76 33 28 17 85 2
16 95 85 69 59 36 26 34 75 97 28 96 80 1
17 54 44 15 5 67 57 73 37 69 58 27 66 3
18 96 86 50 40 97 87 62 75 77 48 77 42 3
19 78 68 39 29 107 97 11 79 52 77 54 63 1
20 13 3 52 42 98 88 42 41 89 65 34 23 1
21 95 85 79 69 72 62 18 34 6 27 73 36 3
22 65 55 67 57 78 68 1 81 20 45 52 55 1
23 51 41 15 5 88 78 82 80 35 92 74 9 3
24 110 100 60 50 103 93 18 66 34 27 18 30 3
25 103 93 63 53 16 6 30 63 5 84 94 65 1
26 74 64 20 10 67 57 75 49 85 3 26 98 3
27 14 4 54 44 103 93 6 40 35 74 10 21 1
28 74 64 101 91 35 25 82 100 68 38 45 26 3
29 91 81 55 45 28 18 10 67 26 81 9 23 3
30 82 72 105 95 19 9 78 45 25 10 54 77 2
31 108 98 52 42 105 95 42 63 9 21 60 2 2
32 31 21 17 7 104 94 71 67 38 29 56 86 1
33 58 48 102 92 55 45 99 85 30 66 19 32 1
34 46 36 40 30 35 25 41 61 28 33 80 72 3
35 58 48 94 84 31 21 15 34 94 17 94 65 2
36 99 89 13 3 36 26 1 32 50 99 47 18 2
37 30 20 67 57 103 93 68 1 95 69 52 98 1
38 68 58 42 32 109 99 64 49 43 29 72 78 1
39 77 67 66 56 62 52 81 81 12 28 7 41 3
