3 40
1032 994 926 
0 98 91 9 9 20 28 95 46 67 28 43 78 3
1 31 31 70 66 4 8 80 68 94 4 32 48 3
2 42 37 6 8 81 78 11 43 22 50 15 91 1
3 1 10 51 57 8 11 44 60 31 72 49 27 3
4 78 87 45 38 78 88 62 100 25 1 69 2 2
5 29 25 84 79 31 26 6 81 21 4 89 29 1
6 54 56 83 83 12 17 39 61 9 12 92 19 3
7 42 43 72 81 12 20 88 78 37 34 51 17 3
8 53 48 17 15 73 81 42 89 11 30 20 52 2
9 18 13 69 68 12 22 70 82 23 14 74 74 2
10 1 7 41 45 98 92 27 46 94 32 60 40 3
11 44 34 50 45 62 55 80 50 24 86 33 42 3
12 32 27 68 78 15 20 39 56 46 76 70 55 3
13 68 59 1 6 37 44 67 92 68 52 63 99 3
14 16 20 46 46 76 81 48 5 51 31 28 31 2
15 36 40 60 62 76 85 38 42 38 17 56 70 2
16 44 44 29 31 12 9 51 18 10 32 61 87 2
17 81 83 73 78 63 72 9 13 72 32 69 75 3
18 73 80 94 95 23 17 60 53 33 54 29 18 1
19 95 97 68 64 36 38 72 73 55 9 53 49 3
20 78 84 91 91 104 97 4 77 54 76 19 41 2
21 67 75 45 41 2 8 54 94 12 63 30 62 2
22 98 99 40 50 17 8 90 41 87 48 11 80 1
23 78 74 58 56 30 31 71 31 48 97 78 30 1
24 64 64 81 82 1 1 81 92 29 22 84 51 3
25 21 27 47 42 60 56 64 8 62 22 55 43 1
26 31 37 67 72 22 14 38 43 53 85 43 87 1
27 1 7 38 45 87 84 57 76 60 50 36 64 2
28 75 85 11 7 39 30 51 23 61 79 93 50 3
29 50 46 27 25 104 95 19 98 53 63 62 20 1
30 17 9 41 39 65 62 80 9 61 91 81 69 2
31 86 91 61 69 65 56 39 82 79 71 90 41 2
32 78 83 7 13 49 44 26 100 74 2 8 58 1
33 62 64 51 47 33 37 94 37 2 58 67 88 2
34 64 67 71 66 57 64 4 65 55 56 75 19 2
35 1 4 38 31 75 65 10 59 67 8 37 45 3
36 20 19 1 2 87 84 93 15 83 30 59 66 2
37 77 76 34 42 4 9 53 82 22 69 6 69 2
38 16 23 55 58 94 100 55 23 30 22 45 83 3
39 99 98 46 56 16 15 64 87 17 58 50 28 2
