3 40
1050 966 1028 
0 13 59 98 77 74 96 69 89 98 78 39 33 1
1 90 91 98 34 15 68 4 24 97 10 46 17 2
2 39 65 48 44 48 14 68 16 11 49 49 23 2
3 39 6 16 61 92 7 98 43 16 83 75 42 2
4 77 27 53 70 22 20 49 70 14 18 60 14 3
5 20 81 29 27 37 82 93 58 76 9 94 30 2
6 37 32 85 59 42 85 40 65 5 6 96 54 2
7 91 15 23 53 64 92 46 66 73 28 68 21 3
8 46 100 98 67 59 41 94 60 48 74 80 32 3
9 26 45 94 100 55 46 28 17 56 48 38 90 2
10 66 39 51 85 43 24 67 47 6 87 3 59 1
11 18 2 83 13 55 23 79 17 78 63 1 14 1
12 98 3 59 46 19 96 94 93 80 25 94 66 2
13 61 59 2 98 42 44 14 45 8 79 66 13 2
14 14 8 87 42 59 69 17 30 60 87 16 11 3
15 79 72 32 94 84 17 34 38 43 57 43 54 3
16 81 36 26 15 78 1 18 37 64 92 95 88 3
17 77 91 14 86 50 80 61 38 66 26 71 43 1
18 10 84 54 7 91 21 5 58 40 33 10 97 3
19 53 85 41 52 38 18 80 53 9 6 37 69 3
20 29 56 25 63 22 69 79 73 50 36 62 82 2
21 74 71 35 37 87 96 10 18 14 54 51 58 1
22 11 75 64 26 8 84 89 7 94 86 36 70 2
23 87 82 80 64 64 47 36 83 34 41 30 67 3
24 84 92 29 10 73 29 66 63 59 89 1 67 1
25 18 19 82 34 55 48 51 33 88 16 8 56 2
26 67 73 88 8 16 50 61 81 27 17 26 8 1
27 39 3 7 41 68 72 1 6 78 58 69 71 3
28 89 57 2 79 14 2 73 14 42 85 26 35 3
29 4 34 12 5 29 75 3 42 88 53 83 41 2
30 40 85 5 15 77 46 95 36 71 83 97 77 3
31 83 39 16 25 40 4 79 13 9 87 95 91 3
32 23 71 52 1 80 32 24 91 74 26 64 17 3
33 78 88 23 71 67 61 2 28 12 65 85 26 3
34 71 51 27 50 84 48 100 33 59 72 65 21 2
35 40 60 1 87 61 21 32 79 70 60 46 78 3
36 20 3 49 86 85 60 5 41 60 35 3 48 1
37 74 64 27 30 79 97 48 46 66 53 35 90 1
38 94 11 38 46 91 88 48 83 20 99 18 17 3
39 75 66 39 24 4 83 28 65 93 78 56 18 1
