3 40
431 380 367 
0 100 59 76 78 53 96 35 54 57 40 57 38 1
1 64 64 73 6 89 41 91 14 56 72 78 69 3
2 30 30 30 100 39 79 70 34 1 1 53 89 2
3 2 55 86 9 63 56 6 55 39 76 40 34 1
4 55 28 24 70 92 21 5 23 81 15 10 61 1
5 31 13 39 60 48 14 56 79 13 22 31 5 2
6 63 9 12 35 60 62 41 8 79 93 75 53 2
7 85 51 26 98 58 36 83 46 25 70 17 38 1
8 64 49 25 15 77 82 100 21 35 58 71 44 2
9 72 70 41 16 1 71 76 72 21 42 2 74 1
10 81 87 65 34 58 72 12 62 81 41 16 46 2
11 49 19 21 29 86 40 88 82 38 44 30 41 3
12 81 52 41 2 2 45 1 62 56 15 93 15 3
13 12 92 52 38 1 77 36 9 58 51 69 19 1
14 13 80 77 15 50 41 10 9 17 75 100 80 2
15 42 20 94 43 47 65 85 97 94 73 80 56 3
16 84 41 36 27 81 14 62 28 14 49 69 58 1
17 100 88 36 74 73 69 10 32 96 67 76 73 3
18 24 65 61 79 97 2 61 15 49 35 98 67 1
19 51 2 40 68 36 43 86 17 42 82 6 7 3
20 23 97 20 3 16 10 89 93 1 6 27 89 1
21 5 47 65 6 26 72 95 29 3 31 63 53 3
22 74 100 26 58 71 9 100 77 99 27 41 80 2
23 54 50 38 33 31 7 27 51 100 85 43 63 2
24 67 76 11 95 56 13 49 2 37 72 75 44 3
25 48 96 21 18 93 33 23 12 26 17 37 90 3
26 70 38 90 72 19 15 16 62 13 16 89 18 2
27 85 19 46 58 14 96 94 16 60 20 82 34 1
28 84 49 96 72 1 94 76 81 30 69 84 50 1
29 70 75 87 45 95 24 76 85 70 98 52 83 3
30 79 93 51 24 16 46 90 13 96 15 30 31 3
31 78 75 10 54 35 40 81 51 71 61 90 98 2
32 58 47 86 78 23 8 40 90 64 18 40 17 2
33 41 33 85 23 30 6 34 52 27 12 71 38 1
34 85 84 42 82 98 81 56 71 4 21 35 28 3
35 11 17 79 51 40 78 69 97 93 4 44 61 1
36 39 56 75 38 4 21 64 15 26 48 16 59 2
37 53 60 13 27 66 93 25 15 34 76 66 9 2
38 64 52 17 94 61 29 44 3 74 85 38 8 2
39 49 18 14 77 78 35 66 92 12 62 71 12 1
