3 40
1034 974 978 
0 46 48 23 66 99 85 75 2 89 54 38 46 2
1 15 60 31 3 40 37 51 80 48 98 92 90 3
2 20 34 21 13 29 83 83 60 49 82 9 100 2
3 64 3 41 58 17 4 71 48 15 58 27 87 3
4 50 40 26 83 95 33 25 86 52 26 94 94 3
5 77 78 86 24 94 79 92 64 27 90 31 14 1
6 30 65 78 92 35 18 47 97 91 31 71 30 3
7 64 76 4 22 37 61 73 35 48 60 12 55 2
8 15 85 75 60 28 26 95 53 97 62 33 37 1
9 39 42 99 89 68 43 36 78 92 99 26 2 3
10 35 84 20 30 12 69 92 70 26 12 98 92 2
11 99 39 72 50 36 60 79 64 74 35 67 73 1
12 43 24 4 67 56 17 56 14 34 68 38 69 2
13 2 96 43 43 91 89 85 96 87 31 40 67 2
14 95 25 60 59 32 86 9 68 15 74 69 47 2
15 88 53 33 75 85 90 2 84 7 3 89 6 1
16 90 25 43 12 87 90 22 53 79 7 44 33 1
17 58 40 95 27 31 21 63 4 53 28 47 52 2
18 91 65 27 88 64 10 64 85 88 67 32 73 1
19 90 62 86 37 75 3 51 88 85 92 90 26 1
20 50 25 46 32 43 38 22 94 44 63 66 72 3
21 27 88 88 54 40 13 51 20 33 87 39 89 3
22 12 48 65 99 17 57 91 24 93 32 54 50 3
23 48 11 33 93 25 68 54 37 46 89 43 86 2
24 17 73 62 91 6 10 28 41 93 90 38 20 2
25 99 24 71 39 44 53 66 72 39 70 40 87 1
26 12 42 33 77 61 19 10 44 1 12 11 58 1
27 52 88 12 18 81 57 35 65 57 86 59 100 1
28 22 22 35 44 47 67 9 19 79 95 78 98 1
29 29 95 37 74 54 44 12 18 68 45 66 47 1
30 21 10 94 40 58 71 38 14 68 26 96 7 2
31 4 36 37 22 61 1 53 59 48 99 52 39 2
32 28 88 57 18 93 49 18 67 32 52 39 99 3
33 27 61 72 52 16 42 62 81 26 72 42 70 1
34 40 60 96 59 53 57 3 65 70 62 23 31 1
35 53 69 22 4 82 30 20 24 15 65 95 41 2
36 25 24 54 7 90 89 58 23 24 47 2 85 3
37 35 65 88 31 48 98 43 100 51 68 29 7 1
38 95 72 47 15 92 49 98 48 78 49 86 71 2
39 96 23 52 81 17 40 88 77 8 23 93 23 3
