3 40
1024 1132 1106 
0 63 58 74 76 85 95 43 68 67 75 55 41 1
1 48 46 87 81 21 23 85 89 36 34 44 13 1
2 54 44 10 15 93 85 100 37 26 94 52 83 3
3 14 9 52 56 9 10 63 87 44 100 89 91 1
4 21 26 67 69 13 19 25 42 91 19 9 94 2
5 14 16 61 62 16 17 76 97 92 27 34 14 3
6 73 79 15 6 23 32 79 28 8 96 91 49 3
7 38 34 76 72 8 11 25 66 73 90 26 19 1
8 18 11 74 78 38 44 9 20 53 30 67 68 2
9 102 96 53 51 88 97 39 72 58 77 71 85 2
10 44 42 85 80 21 27 71 73 83 84 89 85 3
11 61 53 67 64 79 74 17 34 10 60 73 34 3
12 96 98 37 41 92 91 45 72 66 29 43 86 3
13 81 86 31 33 71 71 40 65 88 30 48 65 3
14 70 63 87 97 17 24 19 40 53 80 17 87 3
15 79 75 95 97 19 20 62 13 93 72 81 71 3
16 13 11 98 98 89 84 59 46 55 80 80 77 2
17 12 14 4 9 86 95 1 11 5 80 36 31 1
18 25 31 46 46 75 68 83 16 73 48 59 24 2
19 34 44 15 11 75 85 97 59 31 15 73 67 1
20 78 75 91 82 83 88 9 73 19 22 69 6 1
21 27 26 84 92 46 51 56 88 41 26 32 11 1
22 8 18 79 69 35 27 52 80 69 65 6 9 3
23 45 53 38 35 10 10 5 60 67 74 29 73 3
24 5 15 30 33 47 52 51 43 94 24 77 51 2
25 43 50 56 65 69 79 83 21 2 28 9 17 2
26 35 44 71 79 26 21 15 51 59 11 87 34 2
27 65 62 83 92 32 31 7 59 87 24 50 29 2
28 74 80 10 2 25 25 23 46 40 27 19 50 2
29 46 45 23 16 92 86 76 93 54 92 93 88 2
30 79 76 11 6 35 37 37 37 6 98 88 26 2
31 83 74 58 60 41 47 5 95 63 60 58 67 1
32 31 26 52 56 94 87 83 6 77 19 2 45 3
33 96 91 80 82 67 64 5 17 91 1 49 12 1
34 80 86 87 85 81 91 73 54 19 21 68 21 1
35 41 39 80 74 96 100 75 81 15 37 30 36 1
36 94 90 72 73 61 55 78 82 94 7 27 61 1
37 71 71 41 37 6 12 20 29 14 15 46 84 2
38 19 22 50 57 97 99 13 25 71 80 22 26 2
39 78 69 25 27 87 78 41 63 40 17 56 98 2
