3 40
372 412 464 
0 25 48 9 67 86 85 30 45 97 24 90 82 3
1 89 41 6 75 14 10 59 75 54 1 51 2 3
2 3 99 3 69 12 48 13 11 20 7 98 16 2
3 27 60 11 6 88 53 17 13 29 23 19 86 2
4 20 41 97 83 65 34 64 37 27 7 81 38 2
5 88 10 96 57 5 11 67 82 27 10 9 69 1
6 56 42 5 68 61 95 26 1 27 64 58 66 2
7 66 20 99 59 39 97 20 64 100 98 51 32 2
8 33 34 94 100 46 75 76 23 57 11 6 99 1
9 85 67 46 13 14 68 30 71 79 26 71 9 1
10 50 32 34 79 27 17 2 24 6 37 34 48 2
11 38 64 2 74 75 85 97 49 55 52 31 36 2
12 18 73 78 23 39 66 24 55 55 69 24 52 2
13 61 37 1 75 42 22 67 99 49 2 18 100 1
14 86 97 58 32 31 58 1 12 35 72 19 38 3
15 51 1 95 24 48 38 42 30 2 83 36 60 3
16 1 30 45 16 90 3 56 100 95 55 19 87 2
17 81 29 17 23 54 10 57 21 84 14 13 69 3
18 5 46 42 68 78 83 11 25 61 12 54 32 2
19 96 87 85 53 81 20 33 26 89 39 6 87 1
20 44 66 41 72 37 79 61 100 71 15 69 14 3
21 58 64 18 23 79 89 60 86 100 97 55 27 1
22 75 73 27 31 72 82 52 79 30 100 31 6 2
23 7 79 99 54 92 36 1 27 46 38 10 36 2
24 92 57 36 76 89 2 53 30 10 24 56 80 2
25 37 9 10 23 74 38 49 54 63 15 45 89 3
26 15 7 35 41 64 84 53 97 12 17 79 27 2
27 90 4 59 43 19 81 2 29 66 66 76 3 1
28 17 6 21 29 34 51 4 20 37 14 30 46 1
29 3 44 12 14 28 85 79 4 68 23 54 48 2
30 68 18 32 41 5 71 32 20 37 69 35 41 2
31 99 64 31 51 56 37 86 39 6 83 8 53 1
32 71 56 99 95 28 25 20 94 75 89 79 72 3
33 90 14 34 96 79 87 11 82 48 87 73 33 1
34 54 85 11 83 67 82 18 44 52 36 3 79 3
35 32 26 92 60 53 95 7 78 78 22 19 24 1
36 44 85 80 59 9 42 95 18 2 77 44 25 1
37 22 53 74 20 35 86 15 98 70 31 2 75 3
38 65 21 18 55 70 98 96 67 76 15 30 11 2
39 70 75 35 34 99 92 24 48 68 85 62 85 3
