3 40
896 1050 1070 
0 79 37 56 55 32 74 86 48 36 15 15 54 2
1 48 37 56 72 73 14 4 84 3 25 34 62 3
2 93 11 94 82 2 52 34 43 84 60 47 45 3
3 89 8 66 55 50 9 19 100 63 38 73 84 3
4 23 45 91 96 68 46 53 15 34 50 73 63 2
5 42 75 43 21 51 76 85 51 69 91 38 28 2
6 23 6 79 33 28 59 53 76 66 65 20 46 3
7 45 45 77 83 18 22 7 57 72 63 26 46 1
8 92 78 44 45 97 11 2 40 58 20 32 1 1
9 44 31 12 86 81 32 23 29 87 70 53 61 2
10 4 29 89 67 81 14 35 72 28 85 39 26 3
11 88 76 53 87 25 97 60 45 64 34 82 60 3
12 80 45 41 96 1 38 50 85 65 44 55 14 2
13 51 41 92 80 32 26 66 98 17 27 80 64 1
14 68 42 41 76 13 3 77 79 67 77 70 8 1
15 89 26 42 48 86 71 78 14 68 54 71 84 2
16 7 14 52 1 4 87 78 81 43 70 13 4 2
17 39 81 76 76 12 62 98 63 78 26 98 12 1
18 72 54 8 69 45 91 75 68 29 92 48 70 3
19 35 47 31 14 20 88 62 28 64 15 95 72 1
20 71 86 67 93 64 99 82 98 93 84 32 84 1
21 80 5 33 71 93 30 78 35 5 59 52 51 1
22 13 21 66 72 18 30 25 36 48 28 30 29 1
23 1 40 94 14 86 97 91 26 73 57 49 13 2
24 42 62 87 80 31 99 75 66 99 59 29 1 2
25 88 29 60 44 25 58 7 62 78 27 73 67 2
26 57 11 78 54 6 88 37 18 96 42 79 6 1
27 57 65 25 3 86 42 58 39 12 12 78 85 2
28 55 87 68 9 80 32 3 75 37 28 19 57 3
29 54 64 70 35 79 5 88 31 38 3 48 88 2
30 10 35 83 65 47 88 5 65 4 58 16 70 2
31 25 33 58 19 82 98 45 82 57 46 24 28 2
32 33 5 70 35 98 66 98 94 27 86 25 21 2
33 76 42 21 25 57 15 96 72 24 8 39 73 1
34 9 61 65 60 22 58 61 9 78 87 90 85 2
35 74 86 35 13 95 47 99 95 74 22 96 74 3
36 30 53 59 28 95 10 7 28 22 30 69 99 1
37 96 58 57 24 9 91 29 31 80 21 76 50 1
38 4 41 48 76 1 18 63 71 57 5 27 24 3
39 9 80 73 38 38 97 9 90 77 56 62 7 1
