3 50
1178 1189 1153 
0 36 43 68 62 79 80 13 58 91 9 65 65 1
1 11 8 37 42 76 77 61 33 82 82 45 72 2
2 66 70 49 40 13 19 99 4 56 62 22 82 1
3 69 59 5 13 56 60 16 25 82 70 42 29 3
4 37 28 83 78 29 29 93 15 15 22 66 83 3
5 92 85 39 32 94 86 98 40 47 37 55 20 1
6 79 85 21 11 42 38 78 27 72 61 52 49 2
7 27 23 67 62 97 100 25 58 6 5 80 91 2
8 89 81 45 47 22 14 27 49 7 70 42 93 2
9 28 30 92 84 35 31 44 23 22 2 65 4 2
10 27 31 76 78 25 16 24 32 98 81 42 61 1
11 29 27 41 37 47 48 70 90 48 31 54 74 2
12 57 56 12 6 40 49 92 2 1 9 18 66 2
13 79 72 27 18 48 57 18 22 19 83 71 99 2
14 74 72 12 7 34 33 5 4 92 69 80 23 3
15 3 8 27 31 43 53 88 69 48 83 51 96 2
16 41 45 24 31 9 10 61 100 77 30 39 47 3
17 23 20 13 14 1 1 2 11 16 85 67 60 3
18 83 73 91 95 20 18 56 69 91 49 28 9 3
19 97 90 49 56 38 31 35 100 54 58 88 46 2
20 61 61 74 67 66 74 35 32 70 52 43 94 1
21 35 31 84 90 62 56 39 64 94 93 65 94 1
22 87 88 43 46 93 97 10 63 13 51 43 96 3
23 11 18 83 93 84 75 22 89 49 71 36 36 3
24 8 4 25 23 42 41 63 17 20 70 88 100 3
25 82 72 103 94 8 9 11 39 24 17 91 29 2
26 64 62 1 4 34 39 48 32 2 23 13 45 3
27 90 91 23 22 70 60 80 92 99 54 55 82 3
28 18 13 33 36 48 58 85 97 32 17 62 25 3
29 6 7 83 77 52 48 65 90 37 75 80 41 2
30 70 65 102 96 34 26 52 5 86 84 100 82 2
31 54 47 29 34 4 12 10 64 57 14 37 38 1
32 35 39 64 70 14 8 4 63 13 24 29 55 1
33 44 45 18 27 15 18 74 11 98 56 98 8 2
34 91 84 77 82 84 81 83 8 72 4 15 37 3
35 52 45 81 71 1 6 10 17 13 93 53 10 1
36 33 28 9 10 100 93 39 48 55 6 31 70 3
37 15 12 85 79 42 45 81 1 85 19 3 73 2
38 70 68 17 10 48 45 63 54 56 33 65 91 3
39 70 66 19 25 87 83 89 77 42 27 60 5 2
40 1 7 91 81 71 64 70 51 55 17 42 51 1
41 61 57 37 32 19 14 15 70 95 8 33 6 1
42 29 26 75 84 34 43 34 95 40 94 47 87 1
43 81 73 99 96 25 26 13 18 62 23 88 8 2
44 15 23 6 1 76 80 43 29 62 50 64 19 2
45 3 6 4 9 5 11 59 47 97 99 49 15 1
46 90 81 28 20 64 58 33 69 33 6 1 37 2
47 99 97 69 72 58 54 10 89 13 46 52 81 2
48 19 27 66 57 87 96 31 84 29 62 91 1 1
49 1 8 33 26 39 37 99 14 53 53 40 58 2
