3 50
1265 1225 1378 
0 68 78 45 96 21 15 13 94 6 47 33 79 1
1 85 10 1 45 10 87 43 77 82 78 36 47 1
2 82 48 83 27 91 97 63 85 95 81 84 46 1
3 74 5 51 60 35 6 54 14 38 30 85 27 2
4 16 98 84 49 53 99 6 46 51 25 95 46 2
5 43 92 52 46 60 93 6 12 37 90 76 79 1
6 92 91 40 26 89 52 91 1 83 38 59 40 1
7 54 50 86 88 27 27 81 1 62 36 74 95 1
8 89 55 41 22 2 88 36 35 1 17 35 49 2
9 29 20 89 67 58 21 97 97 39 24 50 84 3
10 41 50 34 96 18 35 69 63 62 82 20 48 2
11 33 81 6 92 70 2 72 71 20 13 63 56 1
12 61 46 14 89 74 39 99 5 65 48 68 46 3
13 44 58 85 5 25 43 45 13 72 65 56 22 3
14 93 47 66 73 38 8 37 62 74 77 55 53 3
15 10 27 63 41 7 64 60 1 68 31 55 40 1
16 32 99 85 86 29 64 56 55 75 1 31 42 1
17 80 62 17 57 53 51 78 18 9 70 86 14 2
18 85 55 21 78 58 92 39 83 82 98 39 70 1
19 64 100 60 67 49 41 83 44 51 84 92 86 1
20 4 83 100 90 97 96 28 89 23 87 68 67 1
21 61 2 22 60 82 27 55 70 25 5 64 78 2
22 42 58 87 9 39 67 89 87 24 39 58 37 3
23 82 37 75 19 67 94 71 76 92 25 73 44 2
24 39 99 84 17 28 44 22 19 55 31 37 74 2
25 25 2 97 17 70 31 72 42 100 68 27 56 1
26 62 48 91 83 19 25 81 95 64 72 21 41 2
27 74 10 42 40 3 79 64 31 80 29 11 88 3
28 80 88 93 10 5 33 100 60 19 3 87 66 3
29 15 37 31 8 40 86 43 88 45 92 61 93 3
30 15 8 88 38 52 69 22 3 31 65 71 67 3
31 66 58 99 36 23 23 89 29 23 5 32 1 1
32 74 10 3 40 31 71 57 18 65 83 61 70 1
33 5 51 50 42 86 24 98 47 74 46 67 99 3
34 70 54 26 53 83 51 52 81 80 24 91 10 2
35 59 79 20 14 88 40 42 79 81 2 84 58 3
36 67 22 4 5 32 87 21 49 63 6 77 47 1
37 33 99 94 65 46 32 48 61 59 86 88 86 1
38 53 6 5 49 50 83 35 70 44 50 35 12 1
39 78 53 42 11 7 70 36 56 62 98 30 71 2
40 26 25 31 100 35 74 40 59 32 14 85 8 1
41 76 24 32 6 97 81 49 21 65 96 27 5 3
42 68 88 96 47 25 5 53 64 85 96 49 37 3
43 53 60 98 90 42 13 3 4 76 3 44 87 3
44 9 9 17 88 26 66 24 46 98 20 55 4 2
45 85 77 98 71 10 74 92 97 47 28 79 25 3
46 67 16 47 46 28 85 100 32 84 21 22 63 1
47 71 32 55 14 32 89 77 8 84 1 77 82 3
48 43 97 63 36 76 66 1 26 3 10 32 43 1
49 72 26 48 37 33 47 6 52 98 34 81 22 2
