3 50
1455 1307 1222 
0 95 88 6 6 17 25 5 92 32 87 28 73 1
1 91 88 25 31 64 65 99 20 61 14 37 33 3
2 50 58 27 29 89 99 35 34 14 21 4 65 3
3 2 11 53 58 10 12 90 50 66 12 97 2 2
4 78 84 45 35 91 85 5 69 98 97 94 54 3
5 22 30 77 84 24 31 95 40 85 3 96 86 1
6 8 5 29 32 50 58 17 92 41 62 98 49 1
7 90 100 28 38 76 85 95 12 42 68 8 78 1
8 63 73 40 40 4 14 9 57 83 78 5 61 2
9 70 74 21 29 77 75 16 83 10 92 48 22 2
10 1 8 50 46 99 93 74 1 12 69 80 40 3
11 105 95 11 6 23 16 22 87 52 92 51 58 1
12 12 20 53 63 8 13 14 29 50 3 64 26 3
13 39 48 81 87 37 33 51 52 12 35 93 100 2
14 84 85 6 11 44 46 2 54 80 48 97 63 1
15 47 49 71 71 79 86 95 7 90 12 90 76 2
16 80 85 65 72 56 58 97 45 86 3 35 27 2
17 28 36 41 31 31 25 78 32 77 51 8 39 3
18 4 13 33 36 62 58 78 67 75 94 43 5 1
19 75 82 56 49 8 15 81 34 62 72 92 89 3
20 43 41 56 48 48 54 35 76 42 46 10 88 1
21 38 40 108 98 65 65 74 3 74 82 74 7 3
22 26 28 89 79 45 37 19 20 59 67 88 33 2
23 87 79 67 61 39 36 66 80 50 41 85 92 3
24 49 41 74 67 91 86 28 81 97 11 45 84 3
25 30 28 43 43 56 57 62 53 85 60 65 25 3
26 58 50 86 85 28 27 82 83 31 36 23 16 2
27 84 84 15 14 43 53 40 47 51 80 34 38 3
28 52 46 67 68 82 91 64 42 91 62 41 79 3
29 83 87 52 58 29 28 50 65 66 70 38 37 2
30 69 74 14 4 25 35 47 44 61 56 41 27 1
31 100 96 75 82 71 61 23 44 33 46 64 28 3
32 43 48 72 78 14 9 40 53 10 61 5 72 2
33 89 81 65 64 60 54 75 17 96 84 18 100 1
34 91 88 77 87 84 85 71 55 54 57 28 9 3
35 50 49 68 76 5 10 51 58 55 95 88 37 1
36 83 88 74 71 50 53 82 76 54 80 96 13 1
37 10 13 88 79 37 46 60 1 29 65 95 84 1
38 53 56 92 91 31 33 47 26 99 30 45 31 2
39 85 91 53 49 2 8 80 74 57 95 27 41 3
40 73 83 66 58 36 32 6 93 40 93 15 92 3
41 8 18 90 100 66 75 78 39 54 71 65 37 2
42 44 42 3 1 62 59 28 69 81 4 7 51 1
43 90 90 16 20 34 43 85 91 2 71 27 99 2
44 92 95 83 74 45 44 10 34 18 20 29 64 3
45 8 7 9 9 10 12 7 9 40 78 88 69 2
46 67 74 3 12 41 51 29 82 27 25 42 51 3
47 64 58 40 40 10 15 52 68 24 36 96 99 2
48 17 27 51 58 106 96 34 26 85 71 22 13 2
49 72 76 78 87 92 97 37 4 19 91 98 49 1
