3 50
467 467 449 
0 76 66 87 84 6 3 85 53 44 78 20 85 2
1 27 34 66 69 21 11 37 96 69 26 55 53 1
2 100 96 64 67 39 37 3 53 4 56 57 95 3
3 14 13 65 60 1 6 64 60 95 30 38 30 1
4 18 10 51 61 10 3 20 18 44 83 48 83 3
5 26 24 81 78 28 25 93 17 19 11 30 74 2
6 74 79 16 6 24 32 44 11 64 47 15 34 1
7 33 30 71 68 11 7 57 6 65 24 29 93 1
8 51 51 28 18 92 84 79 66 60 23 97 50 2
9 62 68 5 15 69 69 25 24 9 25 55 90 2
10 97 98 46 36 74 83 23 63 30 57 18 27 2
11 68 69 74 80 86 90 38 47 10 98 83 87 2
12 72 62 8 13 55 55 64 95 90 35 31 74 3
13 30 30 72 69 7 15 16 44 77 77 31 12 2
14 5 11 43 45 81 80 87 69 27 18 14 31 2
15 1 3 18 25 42 48 11 23 4 22 69 34 2
16 69 71 62 58 37 36 21 99 95 25 67 75 2
17 26 26 18 21 13 7 70 75 47 51 38 23 3
18 80 83 9 6 30 20 4 34 32 94 70 76 3
19 37 44 18 11 78 85 34 23 32 27 4 69 1
20 79 71 71 78 84 84 51 78 76 2 10 33 2
21 63 66 41 32 98 99 91 46 37 91 95 24 2
22 80 74 30 25 78 83 89 48 1 2 19 23 2
23 36 29 8 11 80 86 51 67 14 60 17 15 1
24 16 19 33 37 50 56 65 27 76 22 25 23 2
25 51 46 56 61 69 75 42 39 37 57 56 94 3
26 80 88 29 23 71 65 89 80 78 46 50 38 2
27 56 46 74 84 15 15 86 4 55 67 80 80 2
28 83 76 98 98 13 21 74 1 33 31 63 10 2
29 25 17 81 88 50 58 99 12 95 59 43 77 1
30 20 24 52 54 76 85 69 9 1 51 93 11 2
31 84 90 72 68 55 55 86 41 32 47 62 59 1
32 88 82 9 12 38 43 60 55 75 79 38 51 2
33 39 35 28 18 10 8 67 63 49 58 34 7 2
34 7 6 14 5 1 3 40 53 24 80 78 89 1
35 78 75 4 10 33 36 37 42 84 99 27 87 1
36 42 38 12 21 101 95 30 27 34 21 22 21 3
37 6 7 76 73 41 48 87 70 89 34 11 92 1
38 90 86 29 21 68 63 74 37 74 54 96 79 3
39 7 5 54 63 24 22 88 38 45 49 58 72 1
40 66 73 38 48 29 22 15 30 75 81 1 13 2
41 92 84 66 58 50 41 77 55 5 4 65 2 1
42 14 8 73 67 27 33 61 14 79 11 2 44 3
43 60 64 86 94 12 17 58 86 22 11 81 64 2
44 52 53 22 32 13 10 14 56 94 16 54 76 3
45 1 1 13 3 14 6 97 34 21 94 92 46 1
46 39 44 75 82 5 13 17 82 18 52 38 5 3
47 10 16 99 90 69 73 26 28 40 44 56 75 2
48 30 21 56 52 98 90 88 92 82 89 56 89 2
49 31 26 37 37 51 47 42 28 1 5 33 85 2
