3 50
474 458 510 
0 30 20 49 39 67 57 93 13 34 53 43 31 3
1 11 1 87 77 64 54 69 27 26 49 72 20 2
2 11 1 53 43 88 78 8 79 94 59 90 23 2
3 63 53 80 70 88 78 41 81 81 13 76 47 1
4 97 87 67 57 38 28 72 71 34 76 89 70 1
5 37 27 37 27 46 36 44 73 16 93 62 95 3
6 74 64 20 10 67 57 53 3 16 12 25 63 2
7 73 63 57 47 34 24 30 57 81 11 40 43 1
8 63 53 13 3 56 46 95 55 2 9 49 57 3
9 22 12 99 89 67 57 96 79 24 76 36 57 3
10 24 14 71 61 25 15 59 42 80 2 30 55 1
11 94 84 94 84 103 93 63 100 52 49 32 6 1
12 24 14 50 40 77 67 11 64 32 63 83 16 3
13 42 32 91 81 47 37 39 4 86 81 20 4 1
14 82 72 21 11 59 49 96 20 100 44 54 4 3
15 64 54 97 87 37 27 3 88 53 85 31 49 3
16 72 62 46 36 13 3 32 72 96 78 34 3 2
17 59 49 12 2 64 54 14 40 33 90 68 75 2
18 85 75 31 21 86 76 2 7 89 13 77 95 2
19 55 45 16 6 84 74 72 73 54 22 74 65 3
20 34 24 73 63 19 9 77 15 40 69 17 35 2
21 32 22 24 14 109 99 97 82 66 55 59 41 2
22 62 52 72 62 83 73 18 78 33 46 97 99 3
23 96 86 68 58 41 31 90 64 65 34 35 97 1
24 11 1 53 43 104 94 32 85 7 40 7 71 1
25 76 66 36 26 97 87 42 43 61 86 6 88 2
26 99 89 37 27 84 74 78 56 41 13 77 37 1
27 107 97 47 37 88 78 94 40 86 72 94 11 1
28 71 61 106 96 32 22 19 32 75 71 4 13 3
29 16 6 80 70 53 43 44 14 52 74 14 57 2
30 75 65 98 88 20 10 52 46 15 57 68 97 3
31 29 19 73 63 26 16 53 35 10 62 57 53 1
32 16 6 102 92 89 79 69 67 34 42 51 76 1
33 83 73 35 25 80 70 26 70 51 22 80 27 1
34 35 25 21 11 16 6 25 97 6 5 71 53 1
35 99 89 35 25 72 62 94 1 95 45 43 87 2
36 100 90 14 4 37 27 64 42 25 60 87 54 1
37 43 33 80 70 16 6 34 81 51 57 79 36 3
38 21 11 95 85 62 52 20 23 58 15 4 13 2
39 106 96 95 85 91 81 96 3 43 64 84 62 2
40 20 10 18 8 25 15 60 89 54 55 35 89 3
41 30 20 27 17 23 13 45 37 1 46 50 11 2
42 22 12 89 79 55 45 44 91 67 87 77 43 2
43 60 50 20 10 81 71 77 14 18 94 21 80 2
44 87 77 45 35 96 86 22 72 57 21 7 87 3
45 53 43 105 95 50 40 27 25 19 23 89 27 1
46 41 31 24 14 106 96 17 31 77 29 83 45 3
47 65 55 57 47 50 40 60 38 85 63 31 33 1
48 107 97 34 24 52 42 97 37 70 87 21 10 3
49 94 84 38 28 83 73 7 73 84 76 11 43 2
