3 50
494 557 499 
0 80 67 56 86 33 4 41 56 31 18 32 16 3
1 92 52 1 94 17 29 60 59 48 6 82 18 2
2 38 82 46 52 47 31 78 58 15 83 35 98 1
3 70 59 46 5 31 60 65 97 71 20 92 8 3
4 51 12 28 62 96 5 93 26 13 25 47 92 3
5 11 21 19 76 28 22 36 47 97 5 70 47 1
6 11 9 60 35 16 62 43 31 99 85 92 51 3
7 29 47 62 94 2 32 90 23 98 35 14 71 3
8 76 89 37 55 89 22 48 65 40 88 36 75 3
9 80 34 49 88 9 35 69 80 14 74 30 87 3
10 25 43 17 90 2 28 88 38 80 70 55 88 3
11 53 43 25 53 98 64 42 5 28 33 63 9 2
12 73 16 33 66 94 9 46 30 27 1 37 33 3
13 44 36 84 82 25 21 13 5 15 22 42 83 1
14 65 28 37 63 10 97 34 41 16 54 30 42 2
15 74 48 26 71 71 93 8 26 7 46 47 61 3
16 52 1 96 79 49 66 96 68 71 54 57 81 1
17 84 100 20 86 57 81 84 25 3 85 31 92 1
18 80 17 17 31 53 54 77 1 37 73 78 22 3
19 7 2 4 68 92 43 21 22 4 49 99 25 2
20 19 93 16 99 12 6 26 9 49 52 13 20 1
21 53 87 5 54 66 20 68 21 5 99 23 56 2
22 6 56 50 14 3 65 91 57 36 2 70 36 1
23 10 26 94 9 87 83 43 90 34 27 26 57 3
24 55 72 99 91 44 9 73 12 89 99 62 8 2
25 52 92 17 6 89 21 69 60 1 20 96 16 1
26 10 82 38 16 67 59 1 62 68 28 47 58 3
27 25 11 94 50 54 80 16 46 53 95 77 35 1
28 8 45 12 68 25 90 92 80 80 67 42 18 2
29 14 47 31 17 39 96 3 77 68 47 17 71 3
30 43 41 15 64 80 94 20 10 73 74 60 16 2
31 82 83 14 70 39 48 3 67 92 43 83 16 2
32 22 95 50 26 79 56 29 86 28 46 96 13 2
33 17 77 61 59 98 50 43 6 80 16 59 73 2
34 53 96 10 94 66 93 86 16 18 83 86 10 2
35 51 53 11 79 80 14 79 64 16 66 49 98 2
36 99 4 27 86 64 61 24 98 87 20 29 23 2
37 81 96 41 63 94 29 36 66 65 22 53 51 2
38 32 16 77 58 29 93 6 78 22 50 10 31 1
39 73 54 38 13 2 71 55 78 1 62 7 71 2
40 58 19 54 93 59 68 41 23 48 1 38 2 1
41 11 45 68 28 32 2 89 93 82 16 39 36 3
42 47 78 84 36 12 3 37 4 80 34 11 15 3
43 61 65 5 96 50 18 91 28 62 60 70 52 3
44 96 27 5 5 13 84 83 93 52 29 84 86 1
45 49 58 69 53 82 55 4 55 6 24 74 43 2
46 78 25 59 56 39 94 2 58 55 50 53 57 3
47 10 29 87 12 71 86 21 83 19 34 11 100 1
48 62 87 83 17 3 56 96 16 95 98 21 69 2
49 83 8 60 18 36 37 88 33 49 65 73 7 3
