3 50
1313 1273 1264 
0 63 53 82 72 100 90 22 54 39 13 68 76 2
1 20 10 96 86 81 71 84 99 88 67 20 64 2
2 96 86 30 20 73 63 100 57 57 16 32 9 3
3 80 70 97 87 105 95 16 39 38 58 29 87 1
4 90 80 60 50 31 21 57 82 42 43 7 51 2
5 110 100 18 8 19 9 67 55 94 98 37 53 1
6 67 57 21 11 68 58 69 56 2 57 88 62 1
7 98 88 74 64 59 49 32 4 62 99 97 80 2
8 32 22 74 64 25 15 44 27 86 44 57 24 3
9 11 1 80 70 56 46 29 16 45 57 93 68 2
10 33 23 88 78 34 24 93 30 81 47 15 96 2
11 15 5 23 13 32 22 89 87 41 45 31 11 2
12 101 91 27 17 54 44 12 9 84 67 93 2 3
13 55 45 12 2 60 50 25 33 93 83 88 4 2
14 83 73 22 12 68 58 7 24 66 39 85 97 1
15 29 19 70 60 102 92 73 28 89 4 93 5 3
16 109 99 75 65 50 40 77 56 3 29 72 65 2
17 44 34 97 87 57 47 79 29 22 59 68 55 1
18 102 92 48 38 103 93 64 94 96 11 73 96 3
19 24 14 85 75 53 43 19 20 68 90 94 79 3
20 99 89 38 28 84 74 75 37 6 61 99 30 1
21 25 15 109 99 102 92 75 95 87 7 83 86 2
22 51 41 61 51 72 62 92 58 69 48 91 80 1
23 45 35 109 99 82 72 99 35 5 7 18 48 2
24 40 30 90 80 33 23 84 79 43 1 55 62 1
25 57 47 17 7 78 68 50 28 63 75 67 69 1
26 72 62 110 100 57 47 8 38 47 56 58 97 3
27 68 58 16 6 57 47 14 19 72 31 79 2 3
28 20 10 55 45 81 71 98 91 22 64 98 18 3
29 81 71 53 43 26 16 4 5 65 39 5 35 2
30 40 30 63 53 85 75 14 76 54 54 14 98 1
31 18 8 70 60 15 5 84 42 42 56 39 38 2
32 41 31 27 17 14 4 84 62 34 16 62 58 1
33 48 38 100 90 45 35 22 47 66 29 44 86 3
34 104 94 98 88 93 83 56 40 26 33 54 37 2
35 48 38 84 74 21 11 19 82 18 31 17 4 3
36 49 39 63 53 86 76 28 93 45 5 67 99 1
37 100 90 37 27 73 63 77 20 90 65 41 57 3
38 74 64 48 38 15 5 2 27 4 46 30 58 2
39 71 61 60 50 56 46 6 85 23 99 56 84 1
40 21 11 27 17 34 24 5 8 47 86 20 22 2
41 67 57 64 54 60 50 64 12 25 45 4 29 1
42 79 69 38 28 104 94 97 30 41 96 71 34 2
43 109 99 61 51 22 12 83 95 75 14 30 20 1
44 68 58 26 16 77 67 20 86 59 40 51 34 2
45 50 40 94 84 47 37 51 85 52 64 6 17 2
46 70 60 45 35 27 17 13 86 45 45 83 96 2
47 90 80 82 72 67 57 26 48 19 78 54 96 1
48 56 46 75 65 93 83 100 48 12 84 54 49 3
49 103 93 47 37 92 82 95 7 58 38 82 59 2
