3 50
487 457 533 
0 14 10 33 29 44 47 13 74 1 100 50 14 3
1 28 23 54 57 101 100 2 7 81 57 93 43 2
2 78 77 61 55 25 26 43 53 41 15 16 5 3
3 62 58 19 12 57 59 13 94 53 59 2 58 2
4 59 67 26 17 51 60 53 19 95 72 11 37 1
5 85 76 32 23 79 77 48 23 95 48 58 87 2
6 103 100 24 26 53 53 23 32 1 91 86 79 2
7 10 14 63 53 101 91 12 25 71 75 93 20 3
8 46 44 10 10 87 77 36 43 60 69 4 40 2
9 12 13 76 67 19 14 77 36 78 37 22 38 3
10 71 66 20 13 48 51 90 46 62 55 37 25 2
11 38 38 50 48 56 59 35 14 21 32 61 15 2
12 21 27 68 69 25 20 4 85 12 32 67 5 3
13 105 99 40 45 82 84 86 71 59 11 33 88 3
14 15 23 45 50 83 84 42 46 84 29 37 12 1
15 46 43 62 66 78 80 29 6 78 36 87 39 2
16 10 12 101 98 86 85 71 30 28 58 77 80 2
17 33 43 44 37 36 32 12 65 92 20 81 93 1
18 22 24 51 46 59 69 34 77 24 96 36 34 3
19 44 37 1 3 77 70 58 39 78 70 2 46 1
20 61 52 53 58 66 65 95 5 67 24 71 59 3
21 66 74 44 41 14 7 61 70 69 68 33 8 3
22 5 7 61 65 24 16 89 25 66 40 90 25 3
23 83 89 63 72 64 54 46 24 42 26 79 93 2
24 57 55 82 82 99 100 19 22 8 72 64 100 1
25 91 95 4 9 38 32 59 9 14 69 82 53 2
26 76 77 2 11 38 46 19 45 78 34 76 94 3
27 48 38 76 77 7 7 22 75 52 41 19 42 3
28 17 8 32 31 47 53 30 60 17 10 99 51 2
29 102 98 71 68 56 47 97 23 52 1 81 87 2
30 40 32 64 63 96 93 5 77 90 29 15 20 3
31 30 38 18 17 1 3 28 27 88 69 25 91 2
32 96 90 17 21 46 51 58 92 38 80 51 6 1
33 78 72 60 62 36 45 91 92 89 13 83 86 2
34 7 3 1 1 100 100 68 100 27 18 91 84 1
35 86 80 23 14 41 41 30 14 83 94 32 13 2
36 94 99 83 81 53 56 5 42 94 51 95 16 1
37 9 7 79 74 49 40 83 45 13 59 20 36 2
38 65 67 12 9 51 44 66 80 42 54 92 50 3
39 20 29 90 88 37 46 20 37 84 1 80 8 3
40 33 42 24 16 96 91 2 78 77 49 50 61 2
41 37 44 21 27 8 1 45 72 22 55 60 77 1
42 21 25 96 91 55 50 23 18 35 73 54 78 1
43 90 80 16 11 42 41 46 4 95 51 71 52 2
44 21 18 91 96 82 75 77 94 35 98 80 3 2
45 1 1 1 4 90 98 78 33 3 24 39 94 2
46 35 36 65 67 1 5 70 57 78 91 22 15 3
47 81 76 51 59 40 33 11 28 93 67 85 72 1
48 28 22 54 52 88 83 48 1 22 33 20 67 2
49 97 87 90 97 17 8 19 67 80 48 10 63 2
