3 50
535 534 519 
0 79 77 90 96 9 14 15 7 17 60 2 76 2
1 45 38 71 72 18 15 70 45 87 59 78 7 2
2 90 92 52 62 29 33 40 23 98 93 37 92 2
3 55 57 20 11 50 58 69 43 98 83 42 59 1
4 94 98 48 48 94 99 6 25 20 17 79 28 3
5 62 59 17 14 64 60 22 97 87 14 9 12 1
6 22 23 43 49 85 76 63 100 47 67 59 16 1
7 6 5 46 44 76 82 100 55 14 4 90 85 1
8 11 7 67 73 31 40 34 19 23 64 62 97 1
9 96 96 52 42 103 97 47 78 75 90 63 6 2
10 1 1 43 40 92 86 7 40 34 47 19 68 1
11 55 57 59 67 73 78 19 1 3 25 28 36 3
12 98 90 32 40 81 83 40 82 33 54 95 25 3
13 18 26 58 64 16 11 83 72 10 87 22 49 3
14 64 74 7 1 45 35 42 36 28 83 36 35 1
15 81 78 97 93 13 15 100 8 81 44 30 89 2
16 87 87 78 73 63 60 42 70 94 19 62 59 2
17 64 74 75 68 59 55 4 81 54 91 95 98 3
18 82 75 90 97 19 20 44 24 63 51 3 36 2
19 83 84 43 50 16 17 24 1 26 83 8 81 3
20 40 43 53 49 66 56 1 97 20 64 15 16 3
21 26 25 96 92 45 50 97 63 96 66 44 73 2
22 23 26 92 84 42 35 97 48 30 62 84 33 2
23 71 68 43 51 15 25 69 82 21 52 9 45 1
24 6 14 23 33 48 51 19 68 77 47 81 71 1
25 21 18 26 32 39 47 59 25 42 10 2 99 3
26 93 84 27 18 71 61 7 29 94 96 38 30 1
27 93 85 34 24 52 54 77 98 87 78 86 84 1
28 95 95 10 18 38 40 62 11 1 48 54 7 2
29 106 97 75 67 31 38 22 3 16 28 33 41 1
30 10 7 26 30 58 60 46 21 30 96 41 14 2
31 19 21 15 8 98 94 62 87 23 24 29 3 2
32 49 41 78 72 1 2 42 17 66 76 72 24 2
33 7 7 81 89 78 80 20 38 14 28 100 74 1
34 31 30 38 28 24 27 41 95 27 91 11 60 2
35 28 23 44 49 83 84 38 93 62 98 6 26 2
36 68 70 57 52 27 27 91 87 54 10 75 49 3
37 1 2 73 69 51 43 7 39 15 35 50 58 3
38 68 66 99 100 46 43 86 76 23 35 33 59 2
39 107 100 56 59 24 17 20 4 87 99 54 65 1
40 87 77 57 51 29 26 43 78 34 80 29 56 2
41 34 39 18 22 92 96 29 1 8 27 63 19 1
42 42 32 88 90 47 49 58 5 27 46 37 48 3
43 86 95 25 18 38 48 98 19 56 27 2 90 1
44 6 13 97 91 67 70 68 19 93 71 54 86 1
45 94 88 82 91 83 93 73 13 6 23 83 95 1
46 93 83 31 22 67 60 92 86 18 28 99 11 2
47 63 63 33 38 22 20 52 33 46 35 97 23 2
48 8 9 42 47 76 78 3 23 3 11 86 48 1
49 54 58 68 76 95 87 22 95 14 81 48 97 2
