3 50
1320 1075 1293 
0 41 31 59 49 78 68 18 52 68 11 35 9 2
1 99 89 76 66 52 42 70 3 84 82 76 82 3
2 69 59 104 94 46 36 70 96 69 29 21 45 3
3 64 54 72 62 89 79 53 14 28 89 39 92 3
4 63 53 34 24 104 94 83 71 14 51 35 13 1
5 73 63 82 72 82 72 14 17 72 44 84 36 3
6 20 10 67 57 21 11 1 76 90 94 10 38 2
7 85 75 62 52 38 28 4 38 80 10 83 76 3
8 49 39 100 90 50 40 100 97 56 63 3 50 3
9 79 69 55 45 24 14 55 86 90 5 40 43 2
10 95 85 41 31 96 86 77 13 90 36 49 43 3
11 26 16 27 17 35 25 66 53 96 2 29 40 3
12 106 96 33 23 59 49 90 29 19 29 85 98 3
13 23 13 71 61 28 18 93 46 9 16 13 55 3
14 77 67 15 5 54 44 5 54 86 24 3 38 2
15 89 79 21 11 62 52 42 22 57 5 19 90 3
16 38 28 13 3 79 69 5 11 86 40 46 94 1
17 72 62 24 14 77 67 76 26 38 54 71 19 3
18 63 53 18 8 64 54 58 80 69 65 90 61 3
19 96 86 64 54 25 15 40 92 94 34 62 76 1
20 41 31 79 69 26 16 51 53 68 66 73 46 3
21 48 38 41 31 25 15 60 51 77 9 11 82 1
22 100 90 11 1 21 11 80 63 59 8 35 45 3
23 76 66 49 39 13 3 40 79 70 66 9 90 2
24 33 23 84 74 26 16 11 94 22 60 95 48 2
25 64 54 25 15 85 75 64 88 23 11 32 95 3
26 21 11 60 50 106 96 7 29 47 18 42 13 3
27 107 97 48 38 88 78 92 48 64 17 86 26 1
28 82 72 16 6 43 33 10 37 99 72 62 51 2
29 44 34 109 99 81 71 93 66 84 36 81 65 3
30 54 44 68 58 91 81 90 86 47 40 88 99 3
31 65 55 110 100 62 52 87 95 40 32 54 85 3
32 14 4 101 91 87 77 96 14 32 77 44 76 3
33 71 61 16 6 68 58 20 5 37 52 55 86 3
34 97 87 92 82 86 76 93 11 94 30 36 17 3
35 95 85 24 14 60 50 48 43 85 61 61 8 3
36 38 28 61 51 75 65 15 7 47 13 14 24 2
37 48 38 84 74 21 11 46 94 69 6 42 48 2
38 19 9 94 84 60 50 21 85 20 39 20 50 3
39 63 53 51 41 48 38 24 32 23 41 37 66 2
40 110 100 17 7 23 13 79 40 50 97 50 21 3
41 15 5 11 1 108 98 71 37 3 48 13 91 2
42 37 27 95 85 62 52 20 62 15 66 33 98 3
43 76 66 37 27 89 79 84 29 16 65 17 94 3
44 89 79 40 30 98 88 98 76 89 100 48 97 2
45 89 79 42 32 86 76 94 40 52 87 10 87 1
46 52 42 34 24 109 99 61 32 91 43 47 15 3
47 45 35 30 20 22 12 34 8 18 22 72 42 3
48 42 32 60 50 79 69 97 5 19 54 90 78 3
49 78 68 23 13 75 65 64 90 73 64 27 25 3
