3 50
459 541 509 
0 60 55 71 73 82 92 72 61 74 67 36 38 1
1 8 3 42 46 81 80 96 78 36 49 6 77 2
2 75 65 39 36 14 6 38 66 83 11 99 8 3
3 16 10 67 57 11 11 66 61 100 52 51 42 2
4 21 23 59 66 13 16 4 61 25 4 20 14 2
5 28 21 75 67 30 22 41 80 74 31 100 60 3
6 11 20 40 47 82 73 36 36 94 80 46 1 2
7 102 99 40 37 72 76 22 56 16 86 27 46 3
8 41 36 5 3 69 77 21 6 4 28 64 52 2
9 54 57 5 12 61 58 2 34 17 82 72 38 1
10 53 43 73 81 30 28 75 92 34 100 8 24 2
11 6 6 20 17 24 27 69 39 48 15 48 9 1
12 81 83 38 34 85 76 92 82 80 58 78 91 3
13 65 67 15 14 55 52 79 69 50 21 1 55 2
14 38 28 55 62 98 89 18 40 1 26 39 50 1
15 90 84 98 98 22 21 80 41 64 74 33 27 3
16 57 60 42 47 33 33 100 76 44 99 39 38 2
17 67 67 59 62 49 56 18 90 74 27 55 37 3
18 64 64 93 87 1 9 41 84 61 25 97 58 2
19 14 21 103 96 55 62 50 96 30 38 31 17 2
20 22 32 35 39 48 45 96 42 29 3 71 30 1
21 90 83 47 49 17 16 28 32 68 22 76 68 1
22 57 47 107 98 55 56 29 49 34 84 82 55 2
23 67 58 39 32 19 15 87 1 60 37 13 97 1
24 106 100 23 18 40 37 6 89 11 76 6 85 1
25 60 51 73 66 78 80 35 81 70 96 34 65 3
26 62 57 98 100 32 34 32 55 28 17 60 33 3
27 21 31 60 61 109 100 19 75 11 59 25 37 2
28 38 41 53 63 81 86 36 50 26 60 75 78 2
29 79 78 56 57 33 27 96 5 79 26 43 14 1
30 39 49 63 71 8 2 41 75 37 94 27 75 2
31 97 87 64 65 47 52 45 93 51 81 92 65 3
32 104 99 25 29 67 60 2 63 92 24 65 46 2
33 2 8 107 99 89 89 82 43 59 5 54 61 2
34 7 7 14 6 1 4 98 83 49 88 55 36 2
35 92 84 10 19 55 53 90 93 42 29 29 25 1
36 57 59 35 42 24 24 24 17 90 9 65 5 1
37 4 8 82 74 31 41 76 52 2 23 44 98 3
38 48 47 87 90 26 24 17 15 44 61 11 9 3
39 72 62 19 20 89 79 53 23 11 6 94 16 3
40 19 10 99 93 61 67 55 39 89 81 45 79 1
41 5 13 87 95 63 70 55 86 2 68 33 4 1
42 49 41 3 8 62 66 93 25 49 64 63 57 1
43 7 5 25 27 51 58 60 80 26 75 92 38 3
44 90 90 60 61 30 39 26 7 23 56 86 34 1
45 1 2 94 96 95 99 84 67 52 11 51 12 1
46 33 29 61 59 99 98 82 28 50 3 9 94 3
47 54 45 22 19 1 2 59 83 91 93 29 25 3
48 18 14 52 53 86 83 42 92 78 49 91 82 1
49 50 47 56 58 70 76 77 91 97 26 85 46 3
