3 50
459 463 528 
0 17 22 36 40 68 59 3 4 23 5 33 70 3
1 25 18 59 61 98 95 14 89 89 43 71 63 1
2 66 72 43 43 13 21 40 19 96 8 22 81 2
3 17 9 47 56 4 10 36 46 57 8 20 93 1
4 56 54 10 5 48 47 63 33 76 14 21 94 3
5 21 12 60 58 15 13 3 40 9 68 94 50 1
6 43 35 64 62 101 96 15 55 10 54 19 6 3
7 85 90 36 28 76 67 63 57 42 14 84 20 3
8 106 99 62 66 34 40 44 13 89 60 8 9 1
9 38 40 89 95 45 41 82 50 11 31 26 31 3
10 68 70 17 16 45 55 11 53 31 65 6 4 1
11 23 25 37 36 41 46 65 92 78 78 32 9 3
12 45 54 2 5 49 47 16 38 35 26 95 66 3
13 91 94 41 33 89 79 68 6 34 80 42 86 3
14 79 79 17 13 47 40 11 95 68 4 44 88 2
15 17 11 41 33 65 56 70 14 84 42 65 77 1
16 34 35 19 22 102 100 50 35 8 24 9 87 2
17 90 90 82 85 72 79 2 89 84 56 39 30 3
18 32 23 32 38 61 60 54 89 84 40 67 58 2
19 61 68 42 43 2 9 87 68 15 59 23 39 2
20 30 31 35 30 27 36 22 89 5 24 52 68 1
21 29 34 99 100 69 59 59 36 78 66 88 70 2
22 75 66 17 17 73 75 95 21 29 19 25 23 2
23 47 37 19 11 99 94 45 39 79 17 42 84 1
24 55 59 72 77 89 96 86 26 30 90 84 67 1
25 69 74 82 89 8 3 40 96 100 61 15 89 1
26 58 64 2 7 36 41 30 57 54 77 71 46 1
27 87 78 5 8 46 47 88 45 38 40 49 17 2
28 29 28 44 50 80 73 94 7 54 71 64 90 1
29 75 77 52 48 29 26 2 5 72 73 3 7 3
30 22 16 54 46 78 77 53 24 26 55 29 67 3
31 65 70 61 56 44 43 70 2 14 86 83 37 1
32 57 50 78 80 7 11 10 71 31 97 53 21 3
33 52 43 20 26 23 16 43 15 41 14 18 72 2
34 23 26 30 25 16 23 60 81 88 55 79 92 1
35 34 27 52 62 89 88 82 33 24 93 10 82 1
36 31 30 9 13 90 87 69 92 30 1 59 50 3
37 1 3 76 69 46 36 20 15 58 58 3 84 3
38 43 46 90 89 21 23 13 16 72 89 24 96 1
39 22 25 90 83 39 42 5 50 75 1 67 7 3
40 52 45 24 20 1 2 93 97 30 74 63 33 1
41 10 8 84 82 60 65 45 22 13 35 47 85 1
42 49 48 16 7 83 73 53 84 2 50 31 47 1
43 16 12 42 42 60 65 19 98 74 55 1 94 3
44 67 77 58 56 28 34 43 20 72 45 36 55 1
45 99 89 100 91 93 86 2 95 79 50 52 16 3
46 70 76 6 14 44 53 95 71 52 92 21 35 1
47 15 24 96 98 74 81 49 57 35 34 4 26 3
48 6 9 40 48 74 78 94 43 40 27 7 22 2
49 28 26 34 37 48 47 71 5 47 27 49 37 3
