3 50
1200 1368 1393 
0 52 42 71 61 89 79 35 25 85 34 86 6 3
1 53 43 29 19 106 96 41 6 83 52 48 35 1
2 65 55 107 97 42 32 29 87 1 89 24 71 2
3 105 95 22 12 30 20 85 53 62 16 27 55 3
4 59 49 29 19 100 90 88 88 20 31 32 44 1
5 83 73 91 81 92 82 25 20 95 41 6 52 2
6 72 62 18 8 73 63 24 59 57 19 35 56 2
7 23 13 99 89 84 74 88 67 33 21 3 48 2
8 37 27 87 77 38 28 63 17 34 60 58 14 2
9 84 74 53 43 21 11 66 5 20 94 62 9 3
10 30 20 77 67 31 21 31 77 26 71 38 6 1
11 72 62 80 70 89 79 76 47 100 3 41 19 2
12 42 32 68 58 95 85 18 98 80 28 45 56 2
13 56 46 105 95 53 43 54 53 2 4 86 47 1
14 52 42 91 81 29 19 17 50 79 75 18 3 3
15 102 92 43 33 83 73 72 4 43 64 41 4 2
16 102 92 68 58 35 25 74 12 8 78 9 40 1
17 13 3 74 64 26 16 61 54 67 61 90 32 2
18 91 81 45 35 92 82 50 45 66 80 10 16 3
19 37 27 98 88 66 56 58 37 28 38 86 94 1
20 44 34 83 73 29 19 84 34 10 74 11 43 2
21 94 84 78 68 71 61 9 8 30 19 45 45 2
22 88 78 98 88 109 99 93 96 92 62 50 47 2
23 26 16 98 88 63 53 74 55 39 78 45 7 3
24 61 51 11 1 54 44 64 91 21 59 60 58 2
25 102 92 62 52 23 13 11 94 71 47 68 50 3
26 109 99 55 45 102 92 67 86 81 22 63 8 1
27 17 7 57 47 98 88 40 36 49 60 68 59 3
28 37 27 72 62 98 88 84 45 49 2 63 5 3
29 62 52 34 24 99 89 88 52 15 80 6 32 1
30 21 11 44 34 66 56 46 11 77 57 8 46 1
31 19 9 71 61 24 14 7 71 95 36 87 16 3
32 38 28 16 6 103 93 22 68 34 13 86 76 2
33 65 55 109 99 62 52 24 24 96 52 99 47 2
34 45 35 39 29 34 24 12 34 92 24 91 84 3
35 29 19 65 55 102 92 60 96 89 54 40 1 3
36 30 20 52 42 67 57 67 68 97 18 78 36 3
37 81 71 18 8 54 44 55 11 72 41 98 28 1
38 59 49 25 15 100 90 64 80 80 10 35 94 1
39 16 6 105 95 101 91 17 79 18 52 86 46 1
40 90 80 96 86 103 93 22 27 20 40 51 53 2
41 88 78 85 75 81 71 73 40 50 100 95 13 2
42 88 78 55 45 21 11 13 64 14 51 12 63 3
43 54 44 14 4 75 65 28 48 59 14 72 26 3
44 41 31 99 89 50 40 61 15 52 25 67 29 3
45 51 41 95 85 48 38 51 6 93 80 58 26 2
46 91 81 74 64 48 38 26 58 82 39 74 44 1
47 51 41 35 25 28 18 77 99 16 15 41 11 3
48 37 27 56 46 74 64 25 52 51 11 20 39 1
49 36 26 80 70 25 15 22 88 66 95 10 62 1
