3 50
1452 1408 1323 
0 90 99 9 17 41 36 41 2 72 47 86 53 3
1 10 19 49 54 104 96 56 92 34 89 34 28 1
2 96 89 52 60 27 30 59 27 20 87 51 91 1
3 5 6 51 61 1 7 82 69 81 88 85 18 3
4 83 79 21 22 75 72 94 21 13 79 64 67 2
5 41 33 96 87 35 34 44 74 95 92 85 12 3
6 63 64 92 91 13 17 65 15 8 2 74 73 2
7 37 39 67 77 7 16 12 8 43 50 34 69 3
8 86 88 50 55 27 21 86 91 59 84 64 48 2
9 78 85 42 32 85 86 37 24 9 100 25 12 3
10 53 63 2 1 51 48 63 62 69 98 11 30 1
11 59 58 73 69 77 79 79 51 61 80 33 21 3
12 95 99 44 42 99 92 20 57 67 24 40 32 2
13 4 3 54 50 94 88 34 55 7 7 55 54 3
14 72 68 102 94 19 29 10 33 85 12 92 85 3
15 59 68 83 90 20 13 81 50 97 8 100 29 1
16 92 96 85 83 68 69 35 88 10 30 89 34 1
17 87 95 100 90 90 84 93 45 97 29 56 92 1
18 41 32 49 55 70 69 66 74 68 29 76 93 2
19 90 97 71 64 31 38 13 60 68 80 61 39 3
20 71 72 84 79 76 85 46 56 7 14 59 46 1
21 32 23 81 81 38 48 33 11 24 67 51 32 1
22 62 55 12 6 68 64 23 44 15 18 70 84 1
23 48 50 28 32 8 15 70 8 16 74 1 85 1
24 67 60 84 78 101 97 87 6 1 77 83 77 1
25 21 23 47 38 60 52 31 49 25 21 48 46 1
26 76 81 25 16 67 58 20 10 74 38 7 81 1
27 90 99 37 37 70 68 51 39 52 40 66 98 2
28 84 81 12 3 27 26 18 84 61 58 64 73 3
29 8 18 106 97 62 67 93 79 99 98 51 55 2
30 50 49 82 79 6 10 17 26 21 95 57 2 2
31 108 99 83 85 66 72 80 3 5 30 83 97 2
32 43 39 64 69 93 100 65 73 77 53 35 90 2
33 110 100 94 91 68 73 47 31 58 44 40 63 3
34 83 79 69 78 76 76 98 11 81 78 82 1 2
35 36 32 75 67 1 1 90 44 24 40 1 41 1
36 68 67 59 50 27 24 18 74 91 99 98 51 2
37 12 12 69 78 39 45 54 40 6 6 24 67 3
38 95 87 34 30 73 64 69 75 16 21 87 24 1
39 36 42 96 92 45 51 47 55 31 68 51 69 1
40 33 38 5 13 96 87 80 30 49 7 53 98 3
41 95 89 69 71 45 46 56 51 88 23 14 59 2
42 1 1 68 68 27 26 91 58 44 40 78 80 3
43 51 57 69 79 16 10 90 60 14 57 8 93 3
44 54 58 45 37 15 15 42 34 49 12 52 58 2
45 6 14 1 8 21 11 38 10 54 70 47 60 1
46 94 89 30 27 68 66 11 17 59 10 59 29 3
47 36 37 17 11 95 94 64 76 99 35 8 46 3
48 21 26 55 65 89 95 41 62 63 9 71 100 2
49 53 47 59 58 73 76 6 39 30 95 8 52 2
