3 50
523 453 534 
0 64 54 82 72 101 91 95 54 84 78 76 86 1
1 106 96 83 73 59 49 32 43 30 56 81 18 1
2 68 58 11 1 45 35 25 95 35 84 97 61 1
3 55 45 71 61 80 70 15 62 58 76 77 52 1
4 46 36 25 15 95 85 81 53 51 73 30 7 2
5 100 90 101 91 101 91 12 16 70 91 15 34 3
6 23 13 70 60 16 6 61 32 26 60 85 35 1
7 68 58 45 35 21 11 88 19 22 36 5 90 3
8 32 22 75 65 25 15 36 26 3 67 78 2 1
9 82 72 50 40 27 17 10 70 47 27 11 80 2
10 66 56 12 2 67 57 88 17 44 33 23 2 1
11 25 15 34 24 42 32 20 60 74 67 91 33 2
12 77 67 104 94 30 20 24 44 12 42 2 87 1
13 82 72 38 28 87 77 27 16 38 95 21 1 1
14 28 18 66 56 105 95 24 41 52 99 29 20 3
15 24 14 64 54 97 87 65 18 13 87 54 56 3
16 57 47 24 14 90 80 47 48 76 42 57 34 3
17 63 53 23 13 76 66 12 71 95 62 73 54 1
18 26 16 73 63 27 17 94 26 78 52 46 50 3
19 71 61 31 21 100 90 84 75 37 80 5 27 2
20 48 38 94 84 33 23 31 95 25 58 8 71 1
21 39 29 24 14 16 6 42 91 22 2 60 92 2
22 75 65 86 76 96 86 79 81 17 44 58 16 2
23 75 65 48 38 12 2 61 66 38 71 82 35 1
24 96 86 39 29 89 79 6 23 10 84 17 44 1
25 39 29 100 90 60 50 87 93 50 5 14 92 3
26 104 94 51 41 89 79 39 6 16 75 97 4 3
27 26 16 67 57 107 97 53 14 71 27 24 98 3
28 93 83 27 17 54 44 1 31 68 60 91 97 3
29 79 69 52 42 16 6 82 24 73 19 50 71 2
30 97 87 11 1 34 24 23 98 58 37 16 3 3
31 80 70 33 23 77 67 94 69 58 85 26 25 1
32 53 43 40 30 26 16 45 5 31 52 89 50 3
33 58 48 103 93 47 37 91 91 46 8 78 34 1
34 92 82 87 77 81 71 83 26 3 34 51 34 2
35 70 60 107 97 43 33 17 13 39 79 61 58 2
36 21 11 44 34 66 56 21 58 91 60 56 72 2
37 15 5 51 41 88 78 55 51 81 8 2 13 3
38 98 88 65 55 31 21 90 67 3 18 88 35 2
39 70 60 58 48 55 45 16 95 30 64 47 56 2
40 61 51 68 58 74 64 89 2 53 79 78 12 2
41 62 52 58 48 55 45 39 80 69 20 47 26 2
42 48 38 14 4 81 71 59 43 54 91 16 71 1
43 39 29 100 90 52 42 45 11 98 21 75 58 2
44 100 90 51 41 109 99 73 26 3 22 19 24 3
45 104 94 57 47 109 99 35 48 92 60 28 86 1
46 31 21 13 3 96 86 23 80 59 49 78 5 2
47 56 46 49 39 33 23 16 20 97 89 10 66 2
48 41 31 59 49 78 68 84 59 100 42 6 39 2
49 85 75 30 20 74 64 10 66 48 2 100 9 2
