3 50
532 453 474 
0 9 23 94 41 70 60 53 94 28 43 46 80 3
1 26 71 42 6 51 40 36 44 95 86 59 16 2
2 55 1 56 72 64 42 60 36 70 89 70 62 1
3 7 6 84 61 68 7 19 24 19 22 24 32 1
4 65 55 41 6 10 48 81 74 83 17 85 79 3
5 36 77 37 23 45 78 73 65 47 52 36 7 3
6 65 88 13 15 62 41 56 28 10 11 87 57 3
7 35 71 75 9 8 48 59 84 79 60 66 43 2
8 42 88 2 63 55 29 41 51 8 67 91 20 2
9 78 89 46 36 7 90 74 25 29 55 28 3 2
10 94 75 79 13 71 60 63 34 76 37 77 87 2
11 62 74 35 85 99 95 67 43 49 97 34 61 2
12 54 59 15 2 75 52 2 60 57 78 47 72 2
13 65 67 14 6 54 52 69 7 14 7 40 71 3
14 74 24 47 58 19 85 19 95 97 94 24 74 2
15 23 16 76 30 20 53 45 23 74 76 87 70 3
16 93 52 46 39 90 25 40 32 36 68 5 98 2
17 93 75 30 70 66 64 18 100 61 57 85 74 1
18 90 76 26 91 63 13 68 36 9 31 59 60 1
19 89 9 77 84 74 50 23 100 79 91 58 43 1
20 9 12 5 11 2 17 10 47 100 77 39 93 2
21 26 79 79 45 39 12 65 17 94 9 50 25 1
22 47 23 100 74 52 32 75 23 88 72 2 67 3
23 79 66 72 48 56 23 100 67 20 47 19 92 3
24 88 28 33 46 77 73 25 25 91 49 86 46 2
25 54 43 26 58 99 72 43 88 1 66 95 62 2
26 87 93 16 36 44 70 58 9 37 49 33 80 1
27 23 19 83 57 52 88 82 11 14 45 74 31 3
28 37 13 50 35 62 58 69 50 78 27 3 13 2
29 56 66 64 37 81 7 69 39 3 74 1 27 3
30 52 25 17 55 89 86 96 13 20 76 38 40 3
31 71 35 4 21 28 8 61 88 49 7 48 42 1
32 15 87 44 17 80 48 45 79 96 62 37 84 1
33 42 40 87 23 23 13 87 64 64 4 68 95 3
34 15 91 71 90 28 88 66 61 44 94 43 77 3
35 40 48 1 75 69 9 63 27 46 43 90 33 1
36 92 43 29 26 57 100 7 27 70 39 69 91 2
37 54 96 7 62 67 29 43 81 52 9 9 22 3
38 74 35 26 78 79 12 1 94 63 71 57 27 3
39 67 30 31 88 96 47 99 26 56 53 14 94 1
40 63 42 60 25 64 99 18 42 71 56 73 60 2
41 97 85 61 59 18 34 65 27 70 59 8 57 2
42 41 61 69 20 6 86 50 46 57 35 39 81 3
43 94 49 39 71 83 2 89 70 3 34 39 94 1
44 22 62 38 41 47 19 47 57 61 57 94 91 1
45 94 58 7 60 19 55 8 43 60 32 20 83 1
46 28 33 8 71 89 2 22 69 33 60 30 19 3
47 48 69 32 43 17 26 30 66 38 80 77 66 2
48 16 86 36 25 57 55 99 68 73 53 2 96 1
49 21 47 97 58 74 68 81 16 35 17 13 96 2
