3 50
1214 1186 1149 
0 96 86 15 5 33 23 94 59 92 36 61 36 3
1 37 27 13 3 90 80 26 27 71 5 48 6 2
2 81 71 15 5 58 48 14 45 67 1 91 20 3
3 97 87 14 4 22 12 12 95 21 100 49 62 2
4 75 65 53 43 24 14 28 77 81 42 7 13 1
5 91 81 91 81 100 90 71 91 82 53 38 71 1
6 68 58 22 12 69 59 95 70 34 50 8 25 3
7 23 13 99 89 76 66 68 91 15 70 69 83 2
8 93 83 43 33 94 84 50 48 26 43 66 16 1
9 92 82 69 59 37 27 47 71 10 61 22 29 2
10 42 32 97 87 43 33 39 42 55 10 5 74 3
11 44 34 52 42 61 51 19 17 96 90 73 27 3
12 86 76 12 2 39 29 82 13 12 37 77 93 3
13 76 66 25 15 73 63 52 14 70 94 96 32 3
14 92 82 31 21 69 59 3 43 97 8 53 26 2
15 94 84 35 25 75 65 92 96 90 40 3 13 3
16 46 36 12 2 87 77 1 18 95 13 14 50 1
17 29 19 90 80 42 32 75 66 96 61 70 4 3
18 19 9 65 55 20 10 14 86 13 69 69 19 2
19 93 83 54 44 22 12 61 41 13 46 65 27 2
20 64 54 11 1 49 39 62 31 10 94 31 54 3
21 18 8 102 92 95 85 83 56 50 95 49 90 3
22 32 22 42 32 53 43 52 50 95 64 31 69 2
23 86 76 58 48 23 13 47 53 64 21 73 96 1
24 77 67 19 9 70 60 97 45 6 26 84 94 1
25 38 28 98 88 59 49 23 88 33 60 24 89 1
26 45 35 91 81 30 20 86 93 35 28 67 48 3
27 37 27 77 67 18 8 56 19 2 98 67 96 1
28 77 67 104 94 38 28 5 59 65 23 93 14 2
29 54 44 26 16 99 89 33 8 43 13 27 45 3
30 13 3 36 26 50 40 2 24 82 33 92 81 1
31 15 5 59 49 12 2 55 54 53 76 10 5 2
32 74 64 52 42 39 29 93 29 97 48 31 79 2
33 13 3 65 55 110 100 20 6 89 61 8 51 3
34 73 63 67 57 62 52 14 32 16 1 49 25 3
35 97 87 33 23 70 60 98 75 6 78 30 31 3
36 98 88 12 2 35 25 14 32 46 56 30 78 1
37 57 47 94 84 30 20 31 65 72 92 21 60 1
38 27 17 101 91 68 58 82 29 19 88 47 45 2
39 36 26 33 23 21 11 70 30 64 77 55 82 1
40 30 20 36 26 43 33 73 92 13 96 38 30 2
41 104 94 101 91 97 87 69 10 88 99 22 57 1
42 28 18 87 77 53 43 85 25 24 89 30 88 3
43 50 40 110 100 63 53 29 41 96 40 4 22 2
44 49 39 107 97 58 48 83 61 64 38 54 82 3
45 39 29 91 81 36 26 48 36 52 45 18 45 3
46 91 81 66 56 48 38 36 3 22 4 63 27 3
47 15 5 107 97 92 82 90 81 21 18 1 93 1
48 97 87 16 6 34 24 31 61 4 9 58 8 2
49 20 10 64 54 109 99 86 97 79 19 95 6 1
