3 50
509 545 469 
0 86 76 104 94 23 13 70 27 81 93 61 88 3
1 48 38 25 15 101 91 17 23 34 10 80 17 1
2 22 12 65 55 99 89 46 80 23 96 53 10 1
3 97 87 13 3 22 12 100 69 33 69 98 22 3
4 108 98 79 69 57 47 89 30 60 36 30 98 1
5 46 36 55 45 55 45 74 54 64 70 10 16 2
6 21 11 68 58 22 12 49 28 31 37 55 90 2
7 110 100 95 85 71 61 78 5 53 67 50 45 3
8 106 96 57 47 107 97 37 84 94 60 10 9 2
9 36 26 12 2 81 71 97 63 77 40 34 55 1
10 72 62 26 16 73 63 27 25 76 80 10 46 1
11 11 1 20 10 28 18 96 59 23 46 60 46 3
12 103 93 30 20 56 46 50 84 24 12 46 8 3
13 96 86 44 34 101 91 5 36 85 72 43 3 3
14 98 88 36 26 75 65 22 45 29 36 2 70 3
15 70 60 110 100 43 33 96 43 40 61 79 14 1
16 79 69 46 36 20 10 71 12 80 25 58 58 1
17 25 15 77 67 30 20 65 69 22 54 83 62 3
18 32 22 87 77 33 23 43 16 20 6 67 32 1
19 53 43 13 3 82 72 89 31 23 32 83 49 2
20 58 48 104 94 43 33 46 63 42 38 29 44 1
21 101 91 86 76 78 68 36 94 1 24 64 84 2
22 93 83 104 94 14 4 42 66 74 5 33 65 2
23 105 95 78 68 42 32 50 30 90 67 80 42 1
24 46 36 97 87 39 29 49 98 16 66 73 13 3
25 57 47 18 8 78 68 44 27 59 44 96 35 1
26 22 12 69 59 107 97 23 39 98 33 58 7 1
27 36 26 77 67 17 7 85 72 89 73 80 4 3
28 67 57 93 83 28 18 74 41 96 26 67 22 2
29 25 15 98 88 70 60 59 95 44 76 58 68 2
30 35 25 57 47 80 70 85 54 61 35 44 36 3
31 78 68 23 13 75 65 89 8 36 92 33 1 2
32 67 57 54 44 40 30 18 53 59 10 45 67 2
33 32 22 77 67 29 19 76 60 46 30 14 12 1
34 110 100 105 95 99 89 21 16 15 68 99 48 1
35 108 98 45 35 73 63 43 66 61 56 12 27 3
36 59 49 74 64 96 86 30 30 57 13 91 27 2
37 53 43 89 79 26 16 11 71 79 30 62 24 2
38 28 18 103 93 69 59 95 13 70 21 91 41 2
39 80 70 76 66 65 55 52 95 48 37 17 16 3
40 31 21 38 28 44 34 10 95 86 58 5 13 1
41 20 10 16 6 13 3 22 84 80 83 50 63 3
42 14 4 80 70 47 37 85 6 90 69 71 81 1
43 33 23 94 84 54 44 7 58 7 38 18 37 3
44 54 44 105 95 63 53 47 65 94 2 54 27 3
45 102 92 55 45 99 89 4 31 13 6 56 97 3
46 81 71 63 53 38 28 71 44 36 49 63 41 3
47 34 24 27 17 19 9 38 40 97 46 49 59 1
48 71 61 89 79 108 98 97 65 58 94 7 62 1
49 27 17 72 62 16 6 51 17 28 24 22 57 1
