3 50
476 545 492 
0 41 31 60 50 78 68 96 40 72 46 89 6 2
1 78 68 62 52 39 29 85 19 64 32 30 76 1
2 42 32 76 66 19 9 71 87 1 82 94 19 1
3 38 28 47 37 63 53 88 39 43 64 62 67 2
4 28 18 98 88 69 59 20 83 18 52 24 41 3
5 64 54 64 54 73 63 56 96 49 7 52 18 1
6 69 59 23 13 70 60 19 50 50 72 5 95 1
7 48 38 32 22 109 99 46 36 16 94 65 48 3
8 50 40 100 90 51 41 42 17 48 77 29 13 1
9 49 39 26 16 94 84 80 92 73 40 78 69 3
10 27 17 74 64 28 18 11 67 95 13 69 64 2
11 37 27 37 27 46 36 57 18 47 85 76 81 1
12 83 73 109 99 36 26 86 87 96 56 55 9 3
13 49 39 98 88 46 36 14 96 60 61 10 71 3
14 13 3 52 42 90 80 79 48 22 63 33 47 1
15 83 73 24 14 56 46 73 26 45 94 83 73 2
16 87 77 53 43 20 10 87 57 60 60 52 12 3
17 90 80 43 33 95 85 44 57 25 12 100 98 2
18 88 78 42 32 89 79 96 83 42 19 30 61 3
19 42 32 11 1 71 61 48 15 75 11 16 53 3
20 89 79 28 18 74 64 65 3 71 24 53 67 1
21 63 53 55 45 40 30 10 83 70 72 71 57 1
22 25 15 35 25 46 36 53 8 47 85 13 87 2
23 15 5 79 69 52 42 71 46 65 94 57 94 2
24 90 80 32 22 83 73 24 2 13 89 99 34 2
25 39 29 99 89 60 50 90 86 34 7 62 67 1
26 54 44 100 90 39 29 68 46 54 80 50 37 2
27 58 48 106 96 47 37 3 6 43 49 100 4 2
28 54 44 89 79 15 5 84 16 35 54 97 9 1
29 35 25 107 97 80 70 53 62 61 57 75 81 2
30 102 92 17 7 39 29 64 25 68 5 55 57 1
31 20 10 72 62 25 15 39 50 2 27 53 59 1
32 27 17 13 3 92 82 34 34 17 26 20 53 3
33 74 64 26 16 71 61 59 29 39 58 56 1 2
34 86 76 80 70 75 65 16 6 96 13 65 71 2
35 110 100 46 36 83 73 43 32 20 66 53 18 2
36 19 9 33 23 56 46 8 4 88 89 89 75 3
37 62 52 99 89 35 25 67 12 90 34 26 53 2
38 44 34 110 100 77 67 11 37 73 54 62 82 2
39 61 51 50 40 46 36 58 86 80 86 46 12 3
40 51 41 57 47 64 54 38 47 95 13 16 7 3
41 109 99 106 96 102 92 71 57 92 48 31 17 1
42 105 95 72 62 38 28 44 25 44 35 95 30 1
43 107 97 67 57 28 18 62 28 96 79 20 44 2
44 14 4 72 62 23 13 93 66 88 57 90 94 3
45 52 42 104 94 49 39 41 56 87 56 24 96 1
46 20 10 95 85 77 67 91 32 61 40 2 29 3
47 104 94 96 86 89 79 57 24 34 29 54 73 3
48 26 16 45 35 63 53 65 67 17 24 81 61 3
49 61 51 105 95 50 40 4 33 86 12 73 97 1
