3 50
522 494 489 
0 75 65 93 83 12 2 92 59 6 51 76 10 1
1 73 63 50 40 34 24 77 17 99 26 27 19 2
2 99 89 34 24 76 66 37 75 72 95 19 3 3
3 30 20 38 28 55 45 35 37 67 28 26 52 3
4 77 67 48 38 26 16 83 83 16 63 87 55 1
5 19 9 28 18 28 18 53 44 9 23 60 21 2
6 18 8 73 63 19 9 52 32 86 84 55 22 1
7 43 33 20 10 96 86 62 27 10 29 66 82 3
8 19 9 70 60 12 2 29 85 11 47 5 97 3
9 109 99 77 67 54 44 56 74 47 49 31 63 3
10 69 59 23 13 70 60 72 49 84 58 42 80 3
11 68 58 77 67 85 75 93 5 5 12 65 87 1
12 44 34 71 61 97 87 65 4 76 45 56 75 1
13 89 79 37 27 94 84 12 51 7 29 54 71 2
14 59 49 97 87 44 34 69 57 25 16 36 22 2
15 51 41 83 73 24 14 45 12 30 82 96 11 1
16 64 54 39 29 105 95 67 21 67 80 84 22 3
17 94 84 46 36 107 97 28 3 7 90 81 54 1
18 29 19 76 66 30 20 47 14 74 25 76 58 1
19 58 48 26 16 87 77 39 81 17 42 5 63 2
20 103 93 49 39 88 78 97 91 39 77 12 64 3
21 70 60 55 45 47 37 76 100 64 76 83 19 2
22 30 20 41 31 51 41 74 37 13 25 37 1 2
23 94 84 59 49 31 21 26 3 4 23 52 93 1
24 67 57 18 8 60 50 73 82 24 51 97 34 3
25 94 84 55 45 15 5 76 44 71 7 7 91 1
26 67 57 106 96 52 42 82 21 60 75 13 71 2
27 77 67 18 8 66 56 100 98 70 87 77 69 3
28 76 66 110 100 45 35 24 11 72 76 98 30 3
29 98 88 71 61 43 33 48 45 15 48 39 85 3
30 16 6 38 28 53 43 19 44 92 96 4 86 2
31 79 69 24 14 76 66 56 85 29 10 47 39 1
32 64 54 51 41 29 19 16 36 76 87 59 27 1
33 41 31 94 84 38 28 88 62 99 49 44 34 3
34 51 41 46 36 40 30 49 26 11 67 36 48 3
35 89 79 26 16 62 52 94 97 42 2 48 99 3
36 40 30 63 53 77 67 69 69 44 57 63 83 2
37 34 24 70 60 107 97 97 42 77 56 17 51 1
38 13 3 80 70 54 44 57 22 34 33 83 68 2
39 25 15 21 11 110 100 96 81 78 57 43 79 2
40 100 90 107 97 13 3 55 72 35 1 54 49 1
41 41 31 37 27 34 24 76 88 63 94 21 66 1
42 31 21 97 87 64 54 92 76 27 32 72 97 1
43 86 76 47 37 107 97 86 67 32 50 86 21 2
44 27 17 78 68 36 26 38 85 59 46 79 76 1
45 103 93 56 46 108 98 11 57 97 50 5 34 2
46 110 100 84 74 67 57 29 67 93 77 61 51 3
47 95 85 88 78 80 70 41 44 11 68 24 19 3
48 52 42 70 60 89 79 2 28 63 9 29 67 3
49 52 42 105 95 49 39 58 2 69 26 5 16 1
