3 50
575 556 505 
0 47 78 23 97 100 15 5 77 14 32 84 53 3
1 59 83 76 17 84 60 19 25 59 16 91 41 3
2 65 13 73 83 74 62 38 58 100 17 3 44 1
3 45 62 21 8 98 55 47 27 6 67 92 7 2
4 86 99 55 49 23 100 72 4 53 91 98 76 2
5 54 24 62 79 71 25 6 69 37 2 92 6 3
6 18 68 67 94 15 21 45 44 92 74 1 47 1
7 48 86 89 25 21 63 92 24 75 73 21 43 3
8 7 96 68 62 20 37 56 5 39 71 42 41 1
9 75 45 36 91 4 46 88 22 2 9 3 41 2
10 56 98 48 45 33 83 61 9 42 3 17 94 1
11 72 6 36 16 9 27 64 13 24 71 75 100 3
12 36 95 96 45 57 88 100 18 1 55 33 6 1
13 95 91 35 37 84 84 75 51 13 100 46 14 2
14 92 19 56 46 29 80 21 91 57 32 49 34 2
15 73 75 17 90 70 12 85 77 49 22 83 32 2
16 43 4 87 90 32 77 20 3 63 7 86 73 2
17 3 51 39 45 76 40 53 9 90 63 24 88 2
18 99 28 36 50 72 73 13 51 76 95 69 68 2
19 62 17 59 91 47 58 35 36 29 28 46 18 3
20 98 24 95 30 91 37 6 93 38 18 43 37 1
21 100 70 52 37 13 3 56 51 81 29 75 44 1
22 97 83 49 41 2 92 36 48 91 7 83 96 1
23 49 5 41 80 26 62 26 44 1 81 38 24 2
24 22 91 66 10 11 28 4 65 78 2 36 40 3
25 63 87 36 1 100 16 17 16 42 71 16 4 1
26 65 13 93 47 22 90 73 80 57 65 33 90 1
27 12 26 81 65 49 3 28 72 41 57 4 17 3
28 75 80 87 3 100 25 49 3 19 53 48 1 2
29 89 86 6 56 14 27 75 21 56 28 83 96 1
30 62 16 26 47 99 69 45 59 84 57 34 65 2
31 61 86 93 73 18 59 97 64 1 98 28 20 2
32 9 78 45 9 74 47 14 1 63 90 90 51 3
33 68 96 12 86 57 69 73 26 60 38 59 58 3
34 84 87 41 85 97 84 52 59 37 41 70 5 3
35 30 36 98 70 59 97 13 57 18 74 75 13 3
36 94 83 22 57 59 40 3 69 58 98 93 50 3
37 20 95 72 62 33 28 59 91 2 100 8 76 1
38 23 55 76 89 20 32 16 85 5 55 45 45 3
39 60 5 17 56 81 14 34 71 33 34 51 32 3
40 69 74 73 48 70 23 49 50 8 74 36 67 3
41 82 16 47 91 11 73 86 22 4 64 36 20 3
42 34 45 63 3 99 62 81 65 90 96 8 91 2
43 28 24 72 55 17 85 45 30 21 61 36 55 3
44 55 98 64 76 72 55 19 19 100 76 91 18 1
45 32 57 44 60 57 62 50 64 40 35 51 77 1
46 69 40 50 79 30 9 78 99 32 40 35 30 1
47 93 8 78 83 54 65 79 91 32 47 96 24 3
48 69 86 90 24 2 55 99 3 82 92 32 6 2
49 50 87 35 97 11 8 68 50 36 18 33 2 1
