3 50
1218 1216 1293 
0 93 67 70 85 54 4 71 37 45 13 82 94 2
1 18 79 26 22 43 56 89 99 100 80 16 63 1
2 55 25 56 96 64 66 6 44 56 77 77 60 2
3 99 10 84 57 60 11 51 10 38 39 24 68 1
4 81 11 57 62 26 4 84 22 37 89 62 37 3
5 100 89 9 43 17 90 45 19 16 97 1 32 1
6 85 32 33 59 90 85 21 98 19 59 90 19 2
7 27 11 67 49 100 88 9 1 79 4 68 38 1
8 58 40 18 7 71 73 75 52 26 83 26 23 2
9 34 9 2 64 63 10 18 82 59 85 31 19 3
10 10 95 3 41 87 80 24 70 43 46 15 98 3
11 22 18 87 29 59 39 26 55 6 5 95 12 3
12 98 67 59 18 19 60 49 63 55 49 65 60 3
13 85 3 26 42 74 88 17 36 47 67 34 39 1
14 74 56 39 90 11 25 15 71 80 46 82 27 2
15 11 100 64 22 8 45 42 85 19 76 18 16 3
16 49 88 94 75 46 61 59 31 58 18 20 85 1
17 61 3 98 98 34 92 83 64 8 65 78 48 2
18 66 36 2 59 39 73 74 86 46 45 45 1 2
19 9 85 5 52 94 18 26 9 55 82 67 58 2
20 25 52 21 59 18 65 59 22 86 70 89 68 1
21 14 19 75 77 27 44 79 79 79 4 90 31 1
22 43 31 88 82 40 40 20 40 28 9 86 9 1
23 43 66 36 40 20 23 32 94 59 5 20 63 1
24 72 88 17 6 61 25 43 1 91 17 83 50 1
25 14 7 86 22 51 44 27 19 89 85 33 97 2
26 7 17 36 52 64 94 22 4 14 95 47 28 2
27 87 87 47 25 16 64 73 70 89 20 60 63 1
28 13 53 26 75 38 98 19 41 95 35 39 45 1
29 48 6 56 77 73 47 57 33 86 74 2 73 2
30 4 33 77 63 41 94 63 51 32 5 71 71 2
31 87 55 20 33 44 20 70 22 1 41 88 43 1
32 79 27 16 57 44 88 81 4 74 8 55 65 2
33 54 24 91 15 35 5 37 6 6 20 90 51 1
34 39 63 95 62 52 60 89 14 53 60 18 57 1
35 72 88 41 23 1 57 14 47 53 38 9 58 2
36 72 51 9 26 37 8 36 44 30 31 76 50 1
37 2 100 55 66 7 33 78 7 93 9 88 13 2
38 54 75 6 10 59 52 83 9 92 3 10 59 3
39 99 10 63 68 28 19 52 26 14 82 76 92 2
40 15 70 20 45 24 19 9 30 71 2 9 8 2
41 97 61 61 35 26 18 44 83 67 84 88 7 3
42 81 21 9 80 38 46 34 16 48 7 87 48 2
43 78 1 23 23 67 54 52 4 56 42 70 26 2
44 50 38 66 17 75 95 8 61 94 41 92 71 3
45 2 70 15 72 27 75 88 22 67 25 98 15 2
46 76 93 56 31 37 70 11 57 97 68 93 37 2
47 88 61 72 35 49 18 43 43 66 71 57 99 1
48 36 98 56 29 69 67 61 32 75 71 1 98 3
49 5 47 81 58 58 76 48 1 42 27 50 70 3
