3 50
413 516 487 
0 42 32 60 50 79 69 93 20 53 48 93 56 1
1 64 54 41 31 17 7 60 80 41 72 75 61 1
2 14 4 49 39 91 81 37 59 55 2 29 47 3
3 13 3 21 11 38 28 3 100 33 30 29 7 2
4 92 82 63 53 33 23 79 57 21 46 77 81 2
5 46 36 47 37 55 45 62 41 65 27 2 16 2
6 17 7 72 62 18 8 88 64 95 2 64 6 1
7 18 8 95 85 79 69 82 86 46 19 86 56 2
8 50 40 101 91 51 41 60 97 86 63 89 48 1
9 20 10 96 86 65 55 73 83 95 95 38 77 3
10 60 50 106 96 61 51 86 79 39 76 60 44 2
11 47 37 48 38 56 46 36 51 31 75 60 42 3
12 59 49 86 76 12 2 33 30 57 24 70 37 2
13 76 66 24 14 73 63 21 63 20 11 47 33 2
14 58 48 96 86 35 25 1 7 40 95 6 87 1
15 78 68 18 8 59 49 96 45 15 93 79 98 3
16 35 25 102 92 68 58 27 55 94 7 94 5 1
17 109 99 61 51 14 4 24 15 16 1 11 22 2
18 12 2 59 49 13 3 65 78 8 48 52 91 2
19 89 79 57 47 18 8 66 43 30 81 80 80 3
20 38 28 84 74 23 13 35 79 94 47 23 82 1
21 77 67 62 52 54 44 83 74 7 40 95 86 1
22 49 39 60 50 70 60 42 17 48 5 87 32 1
23 45 35 18 8 90 80 59 2 11 85 93 27 3
24 38 28 89 79 31 21 13 83 67 5 79 30 2
25 13 3 74 64 34 24 36 98 80 57 3 91 1
26 86 76 33 23 79 69 14 24 32 62 73 15 1
27 16 6 57 47 97 87 1 98 31 41 32 43 1
28 27 17 61 51 88 78 53 21 86 2 51 30 2
29 33 23 106 96 70 60 61 5 51 25 75 8 2
30 51 41 65 55 88 78 28 56 48 18 68 5 1
31 82 72 35 25 87 77 50 6 69 42 58 13 3
32 31 21 18 8 104 94 62 73 24 85 9 68 3
33 76 66 29 19 73 63 72 79 42 84 34 60 1
34 82 72 69 59 63 53 51 89 84 23 58 14 1
35 32 22 69 59 105 95 73 37 16 29 40 32 2
36 91 81 14 4 28 18 68 8 69 74 47 86 2
37 77 67 13 3 50 40 10 61 21 16 17 85 2
38 60 50 27 17 101 91 24 20 78 31 18 9 3
39 60 50 48 38 45 35 14 36 53 44 64 48 3
40 91 81 98 88 104 94 55 50 87 32 91 18 2
41 12 2 108 98 105 95 85 68 53 71 90 15 3
42 82 72 48 38 107 97 73 85 93 83 32 73 3
43 45 35 98 88 58 48 17 77 11 30 9 34 1
44 46 36 97 87 55 45 58 77 37 13 54 35 1
45 14 4 59 49 11 1 81 37 7 84 42 21 3
46 89 79 63 53 46 36 84 30 30 75 39 99 3
47 70 60 63 53 55 45 42 46 77 6 33 48 2
48 11 1 29 19 48 38 55 65 11 18 18 19 2
49 43 33 88 78 32 22 76 5 41 47 59 27 2
