3 50
965 1217 1420 
0 14 10 25 28 57 47 80 85 15 83 81 96 3
1 42 50 89 85 28 19 68 58 20 57 37 25 1
2 13 20 98 91 52 61 55 74 77 48 88 34 1
3 3 9 62 56 19 10 3 50 87 26 13 51 1
4 59 66 26 17 51 59 59 81 30 27 7 96 1
5 47 44 94 90 41 45 90 13 97 76 99 45 3
6 26 23 55 50 76 76 14 88 32 70 92 82 2
7 68 70 14 16 54 55 13 95 50 33 26 100 2
8 88 95 60 70 37 36 67 16 48 11 13 63 2
9 86 88 50 43 93 89 6 60 39 69 66 1 2
10 26 18 54 56 3 3 34 65 55 30 53 15 1
11 13 13 19 24 31 34 76 3 50 58 99 37 1
12 78 70 14 21 61 63 59 13 10 97 35 27 3
13 69 66 11 5 59 51 83 46 14 44 85 68 2
14 47 51 69 77 7 12 25 20 22 44 91 9 2
15 100 95 16 17 32 32 76 57 47 88 97 24 1
16 12 7 97 94 88 80 57 43 26 66 4 85 3
17 46 54 59 49 49 43 14 11 44 3 48 91 3
18 57 51 57 66 86 88 69 16 13 82 71 12 3
19 13 12 94 87 54 53 60 79 80 95 93 29 2
20 7 11 20 18 33 24 48 2 8 76 7 91 2
21 13 6 54 64 32 31 91 61 70 91 73 50 2
22 85 82 35 33 83 91 41 55 45 72 24 50 2
23 25 29 10 3 90 86 55 7 24 44 50 36 3
24 69 71 86 89 3 8 70 12 82 14 64 67 1
25 17 10 38 33 43 47 18 3 13 88 89 16 3
26 15 12 43 47 77 81 77 93 96 62 34 87 2
27 4 14 43 52 92 91 6 87 45 5 52 68 1
28 8 16 44 38 51 61 57 40 58 10 65 88 1
29 54 57 31 28 100 98 32 34 49 32 35 55 2
30 39 32 63 54 87 85 60 60 6 47 97 84 3
31 1 2 91 88 74 75 90 16 19 83 30 52 2
32 27 22 56 52 77 83 54 3 13 15 20 29 3
33 18 27 15 10 97 100 78 22 37 77 43 90 3
34 83 78 69 77 76 75 70 90 96 17 92 87 2
35 22 23 40 50 77 84 53 17 71 56 18 99 1
36 53 46 23 29 12 3 91 43 92 93 30 42 3
37 22 19 92 85 49 52 77 31 98 89 100 53 3
38 8 18 55 61 1 3 50 83 64 21 91 49 3
39 92 85 39 43 101 94 89 19 32 97 41 55 1
40 101 93 65 68 35 42 47 6 87 96 68 29 1
41 53 60 35 42 11 17 74 23 84 82 70 1 3
42 58 68 25 35 92 93 50 79 57 80 67 74 2
43 12 16 38 46 77 69 61 7 38 67 20 31 1
44 37 29 7 8 85 86 70 93 89 38 61 6 2
45 17 13 5 15 27 18 40 29 98 46 37 9 1
46 16 12 44 42 82 81 4 81 85 68 89 19 2
47 13 8 73 82 72 65 96 57 29 97 61 61 2
48 25 33 59 64 93 94 83 26 82 65 47 55 3
49 34 26 40 37 54 47 79 52 73 30 50 39 2
