3 50
1246 1145 1397 
0 98 33 74 52 59 70 77 84 29 93 96 61 1
1 26 22 35 64 51 99 77 9 96 69 17 82 1
2 92 68 100 38 1 9 1 4 58 49 28 70 2
3 12 61 88 7 73 62 92 99 39 59 90 16 3
4 29 42 98 92 66 43 31 9 44 52 25 56 1
5 69 47 69 94 78 48 67 53 41 48 22 14 2
6 45 79 94 5 42 32 14 62 6 83 9 51 2
7 59 65 100 4 40 42 88 33 20 6 2 49 3
8 54 55 7 29 67 96 62 45 81 2 1 40 1
9 18 68 87 22 47 69 68 51 90 81 66 34 3
10 11 81 95 20 88 66 25 7 51 10 30 54 3
11 43 13 15 23 80 34 2 51 50 50 38 32 1
12 35 82 95 32 56 75 43 87 50 38 41 44 3
13 66 90 14 28 55 75 93 59 59 4 52 20 1
14 3 34 75 69 48 95 5 66 95 88 97 42 3
15 60 86 12 9 57 23 32 33 8 75 24 93 2
16 82 51 26 37 79 24 1 8 32 55 54 92 1
17 90 46 26 32 63 27 42 1 95 42 74 81 3
18 94 15 31 29 67 52 11 85 3 33 14 16 2
19 45 8 34 82 30 49 51 93 100 98 97 38 1
20 93 3 90 9 78 16 46 18 36 40 71 70 2
21 35 93 95 52 56 18 98 59 98 41 3 79 2
22 84 18 36 76 89 27 79 37 23 69 72 4 2
23 52 76 44 51 37 33 43 92 98 55 79 72 2
24 73 62 25 81 70 99 81 10 70 87 95 44 3
25 34 46 7 68 71 83 94 58 87 20 57 24 3
26 40 60 68 2 97 37 16 95 48 88 50 95 3
27 71 17 32 48 100 86 8 58 22 98 7 42 1
28 18 55 30 78 43 100 33 52 26 32 90 59 1
29 56 57 65 27 81 98 68 37 53 72 61 87 2
30 25 99 89 30 62 52 69 99 71 13 52 36 1
31 56 9 88 96 13 74 21 69 47 3 79 5 1
32 68 1 96 32 33 62 58 62 67 41 27 4 3
33 31 15 75 97 12 88 21 20 44 22 37 40 3
34 39 50 96 48 52 47 99 72 26 43 19 85 1
35 49 75 9 1 78 36 65 44 19 61 29 42 3
36 69 62 97 44 34 27 41 14 35 68 54 31 1
37 7 98 59 65 12 31 2 19 54 9 72 25 1
38 2 26 47 60 99 3 50 96 37 3 87 51 3
39 71 20 36 79 100 37 62 82 15 6 48 81 1
40 40 49 36 31 41 6 5 55 90 1 46 5 3
41 61 63 26 38 82 20 91 21 78 37 5 95 3
42 53 72 90 30 18 89 1 98 41 51 51 63 2
43 87 43 31 66 76 96 30 33 86 18 36 40 2
44 42 45 51 23 59 94 1 50 82 91 21 48 1
45 23 76 35 79 48 73 21 69 89 53 26 72 2
46 8 23 89 54 69 92 100 41 3 35 83 56 1
47 16 71 93 46 77 28 37 58 7 69 76 62 2
48 96 5 9 35 29 66 55 58 28 2 60 65 2
49 9 58 86 76 62 87 29 53 90 5 1 78 3
