3 50
1355 1273 1264 
0 2 100 87 18 63 37 21 9 100 66 21 55 3
1 35 64 43 7 60 41 38 14 6 61 83 26 1
2 28 10 37 81 37 59 37 34 76 5 73 87 3
3 24 11 1 58 77 12 72 49 83 49 31 98 3
4 70 80 38 23 15 73 40 5 24 41 26 75 3
5 29 98 38 52 38 99 28 70 57 67 70 97 1
6 98 17 54 44 3 70 94 83 76 57 62 72 1
7 100 20 32 58 73 97 10 10 40 94 83 84 3
8 51 77 3 44 56 10 29 69 41 39 97 66 2
9 3 26 71 81 32 35 48 36 44 51 58 75 3
10 3 60 88 6 80 45 58 59 82 32 43 16 3
11 63 99 36 10 100 20 7 93 41 92 97 72 3
12 79 96 40 47 100 89 94 51 35 17 91 20 2
13 46 76 95 23 35 61 91 70 81 42 28 80 3
14 39 13 12 39 84 74 5 51 34 90 74 82 1
15 8 73 53 87 5 10 24 26 63 33 6 95 1
16 14 13 59 100 11 86 11 61 7 20 89 40 3
17 18 80 55 75 91 61 91 47 94 83 72 61 3
18 23 85 59 8 96 22 94 62 24 76 78 2 1
19 82 38 70 5 67 71 47 33 31 99 58 4 2
20 54 53 50 60 47 66 19 27 68 40 77 27 2
21 55 68 16 34 76 93 54 64 18 44 100 90 1
22 32 12 85 63 29 21 9 64 48 9 51 35 3
23 68 87 61 61 45 44 73 38 37 41 74 99 3
24 81 29 26 47 70 66 84 72 47 80 52 31 1
25 55 84 27 7 92 21 25 41 43 80 25 95 1
26 72 10 1 45 29 87 30 31 64 84 98 73 1
27 56 40 24 78 85 17 85 75 23 50 66 88 2
28 22 58 35 80 39 3 34 27 52 3 92 46 2
29 65 7 73 78 90 56 45 38 91 85 19 18 2
30 45 66 10 88 82 19 77 68 44 5 27 24 3
31 24 64 57 50 81 29 63 39 18 50 64 67 2
32 56 76 85 6 21 37 28 53 76 63 15 35 3
33 7 97 52 80 96 70 37 21 32 99 27 93 3
34 32 44 88 43 45 41 67 84 38 15 89 85 3
35 25 53 86 88 54 14 5 85 49 57 48 17 3
36 57 80 94 55 22 37 62 59 6 66 63 99 3
37 11 5 64 71 24 38 48 70 52 53 6 13 3
38 43 76 95 19 40 53 74 20 74 40 33 31 2
39 44 39 8 97 73 56 59 57 45 72 63 85 3
40 56 35 61 10 65 84 92 84 72 88 61 88 3
41 26 66 82 48 47 23 49 73 3 35 79 58 1
42 34 14 62 81 99 39 66 85 71 25 60 96 2
43 95 86 40 16 84 39 48 51 84 22 97 4 2
44 27 43 35 22 44 100 11 92 27 26 41 15 1
45 35 83 56 85 68 80 89 39 59 22 73 20 2
46 41 46 21 84 2 15 11 3 30 76 90 36 2
47 37 74 21 56 98 39 77 38 72 5 86 57 1
48 49 3 69 42 90 72 56 65 38 55 22 13 2
49 14 76 90 87 75 97 10 22 55 27 1 10 2
