3 50
584 466 553 
0 108 98 27 17 45 35 23 49 20 87 52 46 2
1 69 59 45 35 22 12 3 16 43 38 45 36 2
2 57 47 91 81 34 24 33 94 48 90 52 66 2
3 21 11 30 20 46 36 70 17 31 20 36 16 2
4 35 25 105 95 76 66 89 66 36 87 12 8 3
5 83 73 91 81 92 82 74 7 60 44 40 36 1
6 68 58 22 12 69 59 66 23 95 7 91 55 2
7 31 21 107 97 84 74 42 34 83 15 36 100 1
8 89 79 31 21 82 72 37 59 58 3 88 33 2
9 68 58 37 27 105 95 59 91 7 84 63 39 3
10 110 100 65 55 11 1 88 70 26 45 28 12 2
11 108 98 16 6 17 7 7 92 66 82 53 79 3
12 98 88 24 14 51 41 98 9 71 79 4 60 2
13 28 18 85 75 33 23 77 76 47 49 90 26 1
14 104 94 51 41 89 79 22 26 31 94 41 6 3
15 18 8 51 41 91 81 25 96 11 2 56 44 1
16 50 40 16 6 91 81 26 27 80 53 51 100 1
17 97 87 58 48 110 100 11 59 92 80 80 2 2
18 71 61 17 7 72 62 72 81 42 74 18 15 3
19 73 63 42 32 102 92 27 12 99 29 69 29 2
20 24 14 63 53 109 99 98 1 60 10 74 9 1
21 70 60 62 52 47 37 18 15 25 55 64 64 2
22 44 34 54 44 65 55 23 59 16 59 63 99 1
23 74 64 38 28 11 1 100 11 21 73 15 50 1
24 53 43 103 93 46 36 69 10 61 80 83 78 1
25 58 48 18 8 79 69 54 8 8 87 41 10 3
26 81 71 19 9 66 56 80 12 76 26 41 45 3
27 97 87 37 27 86 76 52 29 20 46 40 45 2
28 105 95 32 22 66 56 21 28 56 18 4 81 1
29 70 60 34 24 107 97 57 94 47 86 22 96 1
30 29 19 52 42 74 64 5 81 11 57 86 77 2
31 31 21 83 73 28 18 90 31 40 43 40 37 2
32 102 92 80 70 67 57 59 52 61 83 29 19 1
33 109 99 61 51 106 96 41 30 74 2 90 46 1
34 17 7 11 1 106 96 32 67 56 72 85 59 3
35 61 51 97 87 34 24 93 81 30 16 74 58 1
36 70 60 84 74 107 97 19 10 33 6 19 37 1
37 105 95 42 32 78 68 96 42 22 48 73 81 2
38 91 81 57 47 24 14 20 47 65 94 88 88 2
39 88 78 85 75 73 63 4 41 73 25 82 22 2
40 42 32 48 38 55 45 9 9 25 32 65 74 1
41 72 62 69 59 65 55 48 88 63 100 84 5 3
42 56 46 23 13 81 71 21 99 57 34 18 23 2
43 66 56 26 16 79 69 68 93 98 12 1 74 3
44 33 23 91 81 42 32 27 24 52 44 56 23 1
45 63 53 107 97 60 50 86 31 50 14 69 41 1
46 99 89 74 64 56 46 56 27 52 41 51 8 1
47 87 77 71 61 64 54 13 14 56 12 29 79 1
48 85 75 104 94 22 12 79 53 23 29 78 19 3
49 52 42 96 86 41 31 95 10 65 78 24 14 3
