4 10
100 113 89 116 
0 16 10 27 28 38 47 70 65 65 89 70 34 1 13 71 1 63 90 49 47 2
1 61 58 87 93 34 35 60 70 65 21 37 3 66 33 83 4 80 53 83 2 1
2 9 16 94 87 48 57 33 28 52 26 31 39 69 10 67 94 49 32 1 48 3
3 22 17 60 64 9 10 68 65 4 30 33 21 73 40 77 67 73 32 77 14 4
4 13 14 67 65 13 15 51 58 16 86 47 5 40 25 68 23 12 4 96 36 1
5 110 100 44 54 4 1 59 55 42 72 16 51 33 48 44 74 44 15 39 61 1
6 45 51 74 78 1 4 37 31 7 93 1 19 40 40 91 92 83 11 29 4 2
7 91 82 29 20 61 59 99 97 55 79 96 19 94 70 82 62 28 45 10 66 1
8 72 67 44 42 1 8 77 75 3 5 81 67 48 26 51 28 28 25 12 45 2
9 97 88 32 35 83 89 39 36 20 85 72 47 68 63 28 27 95 52 40 23 1
