4 10
224 258 291 233 
0 92 82 110 100 29 19 47 37 23 77 45 68 84 38 69 67 64 89 80 82 4
1 82 72 59 49 35 25 12 2 97 42 4 12 80 79 6 31 44 53 37 12 2
2 24 14 67 57 101 91 44 34 60 8 37 15 91 39 37 45 34 48 73 57 1
3 39 29 47 37 64 54 72 62 55 3 61 3 46 93 27 100 79 33 51 8 1
4 58 48 29 19 107 97 78 68 24 76 94 16 69 68 19 15 100 64 22 22 2
5 68 58 69 59 69 59 78 68 61 19 86 9 30 39 39 75 29 63 60 96 1
6 27 17 74 64 28 18 75 65 86 55 80 46 67 45 77 21 95 91 36 68 1
7 100 90 77 67 53 43 38 28 43 78 30 25 10 22 21 45 4 37 8 65 1
8 16 6 67 57 109 99 60 50 48 94 3 55 57 68 94 51 13 93 1 15 2
9 42 32 18 8 87 77 63 53 91 62 61 9 100 29 61 59 64 57 62 26 1
