4 10
107 87 83 100 
0 74 64 92 82 11 1 29 19 33 62 91 71 97 56 8 24 21 58 16 24 1
1 84 74 61 51 37 27 22 12 99 57 7 13 47 64 64 36 68 30 79 11 4
2 62 52 97 87 39 29 74 64 73 87 28 19 20 3 79 54 39 49 10 17 3
3 105 95 13 3 22 12 38 28 22 6 27 98 93 60 81 52 83 87 90 20 4
4 52 42 23 13 93 83 64 54 44 1 27 77 89 60 41 28 71 70 30 99 2
5 42 32 51 41 51 41 60 50 71 82 2 3 11 94 52 82 81 92 82 80 1
6 21 11 76 66 22 12 77 67 14 52 58 5 76 97 97 86 56 25 30 66 3
7 86 76 71 61 47 37 24 14 98 27 79 14 25 75 94 100 32 32 23 17 2
8 66 56 17 7 67 57 110 100 91 87 71 92 15 62 20 43 47 64 95 11 2
9 44 34 12 2 89 79 57 47 88 12 43 14 54 25 33 57 100 10 27 67 3
