4 10
79 108 95 131 
0 8 30 93 48 69 67 46 85 94 80 5 87 68 47 31 4 10 11 44 14 1
1 17 18 25 53 42 95 50 30 97 36 85 91 17 83 78 46 26 73 21 11 2
2 42 72 43 51 51 21 52 92 27 94 50 27 43 28 60 25 68 98 32 35 3
3 30 9 7 64 83 10 68 65 99 39 42 29 41 66 39 5 61 18 70 39 2
4 20 66 88 17 65 59 33 10 77 38 81 70 69 55 4 26 81 30 26 65 2
5 99 52 100 98 8 53 17 99 89 37 22 3 10 91 11 28 90 10 36 44 3
6 40 7 88 34 37 60 93 87 7 36 52 24 68 27 1 4 58 52 88 47 4
7 10 38 42 76 83 15 23 53 65 97 94 75 32 75 79 78 41 61 19 77 4
8 89 79 41 46 2 12 54 79 70 91 40 21 2 65 5 50 42 1 23 78 3
9 81 8 49 55 10 9 78 56 64 75 68 12 17 91 21 14 59 95 44 91 3
