4 10
223 201 338 220 
0 46 88 23 6 99 25 76 43 28 11 30 100 96 14 33 64 76 28 26 46 4
1 35 4 43 39 60 81 68 16 73 89 66 29 20 2 46 44 95 55 72 89 2
2 32 54 33 25 41 95 42 74 59 42 44 46 78 95 99 89 25 2 22 29 4
3 100 11 77 66 53 12 38 67 57 15 10 89 34 9 93 30 10 26 15 58 1
4 78 40 46 83 23 33 91 84 33 77 68 50 18 86 2 79 28 87 68 89 1
5 73 94 82 40 90 95 91 41 14 2 43 70 83 39 39 48 10 66 58 88 3
6 98 33 46 60 95 86 51 13 91 67 89 12 26 5 29 60 87 28 86 47 1
7 32 4 72 50 5 89 45 27 19 44 97 1 44 1 85 12 31 14 70 10 2
8 19 45 71 12 24 86 84 53 41 60 82 49 85 12 37 60 15 44 7 22 1
9 99 74 59 21 28 75 96 22 81 69 52 30 65 80 49 42 31 10 7 15 2
