4 10
125 118 93 100 
0 94 56 79 74 55 93 32 11 61 77 42 10 30 50 84 60 5 28 28 71 2
1 67 64 75 99 92 41 100 76 93 57 96 3 75 7 33 14 79 32 13 37 2
2 24 90 25 61 33 31 34 2 66 99 70 98 40 5 91 63 70 62 3 99 1
3 16 15 93 62 69 16 46 63 80 9 64 67 71 65 48 81 92 83 2 80 4
4 30 72 6 23 75 73 43 16 45 94 100 82 67 10 64 62 58 74 66 93 1
5 65 50 74 96 82 51 91 97 78 6 38 33 45 15 74 94 2 32 91 87 1
6 30 1 86 28 35 54 83 81 81 14 68 70 25 80 40 64 27 33 30 50 4
7 64 84 96 22 37 61 69 99 61 46 43 38 86 26 20 53 12 59 1 2 3
8 71 97 23 72 76 38 36 5 61 81 79 32 46 6 45 84 9 22 97 37 3
9 23 98 91 53 52 7 20 54 54 18 22 10 51 75 2 45 60 83 98 81 3
