4 10
96 114 109 104 
0 96 86 14 4 33 23 51 41 24 54 19 8 9 21 79 50 64 83 34 37 4
1 26 16 103 93 79 69 64 54 69 32 83 79 78 4 51 28 41 46 36 16 1
2 16 6 59 49 93 83 36 26 75 36 58 61 4 40 54 88 96 38 90 3 2
3 47 37 55 45 72 62 80 70 64 25 23 18 67 16 45 58 62 33 34 60 4
4 14 4 85 75 55 45 26 16 10 96 81 93 28 11 60 50 41 46 46 61 2
5 96 86 105 95 105 95 106 96 65 51 9 25 92 13 70 74 33 86 67 35 2
6 27 17 74 64 28 18 75 65 39 96 51 33 30 8 34 59 14 70 1 93 3
7 36 26 13 3 97 87 74 64 25 6 14 35 55 66 42 93 20 84 94 37 3
8 48 38 91 81 41 31 92 82 21 1 13 100 27 18 59 93 46 55 52 81 3
9 106 96 74 64 43 33 19 9 64 86 15 12 42 3 28 56 88 1 31 37 1
