4 10
246 234 217 247 
0 88 78 106 96 25 15 43 33 47 46 72 30 30 93 84 53 69 15 48 40 4
1 38 28 15 5 91 81 68 58 9 95 98 1 38 39 76 5 6 83 75 97 4
2 32 22 75 65 109 99 52 42 8 99 42 51 97 37 14 55 2 88 41 51 1
3 31 21 47 37 56 46 64 54 8 95 77 44 56 84 3 98 58 42 43 1 4
4 110 100 81 71 51 41 22 12 4 96 5 20 11 79 86 18 68 51 80 70 2
5 32 22 33 23 41 31 42 32 18 76 97 25 29 54 64 94 48 70 95 63 3
6 27 17 74 64 28 18 75 65 39 72 23 73 19 77 69 18 66 18 63 32 4
7 64 54 41 31 17 7 102 92 90 48 62 47 8 24 45 64 73 83 7 47 2
8 84 74 35 25 85 75 28 18 86 82 30 60 93 57 20 24 18 8 26 22 3
9 86 76 62 52 31 21 99 89 27 31 96 89 71 88 76 64 88 77 53 86 2
