4 10
97 109 97 99 
0 70 60 88 78 107 97 25 15 54 5 64 23 27 67 63 10 18 7 31 28 2
1 40 30 17 7 93 83 70 60 65 82 18 86 43 48 30 47 60 24 12 26 2
2 70 60 105 95 47 37 82 72 23 25 34 55 65 25 29 1 77 35 93 78 1
3 97 87 105 95 22 12 30 20 40 43 84 88 5 67 53 40 81 11 45 17 2
4 96 86 75 65 45 35 16 6 75 66 21 71 31 84 72 62 63 43 68 30 1
5 14 4 15 5 23 13 24 14 28 21 40 43 58 4 55 56 20 5 23 86 4
6 21 11 76 66 22 12 77 67 100 99 93 35 57 54 59 90 76 76 33 75 3
7 50 40 27 17 11 1 88 78 3 81 23 27 11 34 64 68 38 3 96 43 4
8 42 32 85 75 35 25 86 76 81 81 1 49 43 67 98 16 80 40 45 10 4
9 88 78 56 46 33 23 101 91 45 74 11 1 88 40 16 69 67 20 12 30 1
