4 10
266 304 287 221 
0 66 56 84 74 103 93 21 11 85 41 69 99 52 55 91 25 90 40 9 98 4
1 96 86 73 63 49 39 26 16 17 12 38 20 21 19 98 44 62 81 58 93 1
2 78 68 21 11 55 45 90 80 6 64 28 9 78 82 16 53 39 42 73 97 3
3 89 79 97 87 14 4 22 12 71 23 6 36 48 4 97 40 86 80 21 37 1
4 48 38 19 9 89 79 60 50 68 24 2 42 68 79 53 81 53 65 73 17 1
5 78 68 87 77 87 77 96 86 46 15 29 43 13 93 31 75 66 70 56 92 4
6 21 11 76 66 22 12 77 67 81 12 93 23 94 5 76 98 11 87 83 41 1
7 14 4 91 81 75 65 52 42 6 93 7 68 51 49 32 17 13 49 14 9 2
8 110 100 61 51 103 93 54 44 85 23 52 74 35 71 80 42 47 61 93 50 4
9 32 22 100 90 77 67 45 35 88 16 15 25 75 38 50 18 73 59 94 67 2
