4 10
277 151 280 216 
0 90 92 67 10 43 29 28 47 53 73 100 53 37 55 77 42 43 29 73 79 1
1 43 96 51 31 68 65 76 8 40 24 15 52 28 30 83 94 70 23 55 24 1
2 60 10 69 81 69 51 78 22 88 62 50 18 15 92 12 11 37 45 67 87 4
3 36 11 13 66 89 12 74 67 77 54 27 67 92 97 55 30 80 33 73 16 3
4 34 72 2 15 79 65 47 16 100 20 99 93 43 16 51 22 22 12 76 89 4
5 61 86 70 32 78 87 79 33 20 89 66 92 62 4 18 65 83 33 93 54 2
6 82 1 30 28 87 54 35 81 67 47 9 9 80 3 74 74 62 67 66 27 3
7 40 80 80 18 13 57 53 95 12 70 93 17 43 24 76 90 5 28 93 68 4
8 39 49 91 16 52 82 4 57 50 48 34 10 92 72 51 51 48 84 44 71 4
9 59 58 27 5 88 59 56 6 47 84 83 43 38 55 74 45 38 84 17 15 1
