4 10
98 122 134 91 
0 43 36 54 54 65 73 97 91 90 39 24 14 66 31 63 88 21 22 48 34 4
1 1 4 49 47 88 81 14 16 91 76 21 37 8 6 93 24 29 42 92 9 3
2 23 26 87 97 70 75 55 46 69 24 46 57 76 30 50 32 56 70 41 40 2
3 19 15 70 62 14 16 65 63 71 97 26 2 47 78 31 86 54 26 72 25 1
4 29 20 75 71 21 21 75 72 84 33 7 79 82 10 8 64 87 79 79 41 4
5 106 98 61 52 108 99 63 53 2 28 92 86 35 89 69 1 22 66 100 41 1
6 53 45 82 72 103 98 24 25 70 36 92 29 57 24 57 30 30 39 8 22 1
7 22 20 60 58 92 97 38 43 62 29 90 21 18 52 33 2 47 20 40 23 2
8 90 93 62 68 39 34 1 1 54 76 62 10 71 79 36 11 69 66 28 34 1
9 88 78 39 33 74 79 25 34 53 25 40 23 75 4 67 34 95 86 94 19 4
