4 10
87 137 90 107 
0 22 12 40 30 59 49 77 67 55 61 98 78 51 13 86 76 23 52 9 53 3
1 12 2 89 79 65 55 50 40 21 95 43 75 23 60 51 3 46 74 59 55 4
2 62 52 105 95 39 29 82 72 53 10 74 70 75 69 10 72 20 71 68 78 1
3 97 87 13 3 22 12 30 20 56 27 3 43 31 95 78 66 2 43 97 43 3
4 24 14 95 85 73 63 44 34 75 3 32 46 57 50 24 11 11 44 73 6 2
5 78 68 87 77 87 77 96 86 91 75 81 77 99 24 25 40 9 6 97 97 3
6 25 15 72 62 26 16 73 63 37 3 39 10 36 78 1 1 44 15 49 97 1
7 22 12 99 89 75 65 60 50 13 49 88 100 48 27 78 100 43 10 27 48 4
8 54 44 105 95 47 37 98 88 85 98 96 87 84 24 56 38 79 5 82 85 3
9 16 6 84 74 61 51 29 19 64 97 53 34 99 21 80 72 77 83 13 8 2
