4 10
78 127 99 113 
0 36 78 13 96 97 15 74 33 78 22 45 55 40 75 51 40 77 10 91 14 3
1 9 18 25 61 34 95 50 38 47 66 89 51 86 40 25 91 63 39 67 4 4
2 78 52 79 23 87 93 88 64 96 59 14 40 34 98 16 30 48 1 82 85 2
3 58 13 43 60 19 14 96 61 49 38 44 5 34 87 65 34 81 100 98 70 4
4 92 54 60 97 29 47 5 98 54 8 93 48 87 95 51 33 67 80 1 2 2
5 51 56 60 2 68 57 69 3 72 44 39 92 58 90 97 24 77 98 97 77 4
6 44 19 92 46 49 72 97 99 46 68 52 30 4 9 38 53 32 74 87 30 4
7 10 54 42 92 83 31 15 69 2 96 74 82 57 4 47 86 88 5 85 67 2
8 25 27 85 94 38 60 90 35 94 68 92 7 50 24 2 92 37 92 86 11 2
9 5 12 65 67 34 13 94 68 85 63 2 98 86 86 25 41 75 81 11 3 4
