4 10
214 356 239 231 
0 84 74 102 92 21 11 39 29 99 92 81 46 68 49 25 6 51 43 25 93 1
1 86 76 71 61 47 37 24 14 71 32 25 78 90 32 25 36 93 45 49 28 4
2 40 30 83 73 17 7 60 50 55 1 89 55 44 84 56 90 36 37 56 69 1
3 23 13 39 29 48 38 64 54 73 63 94 95 69 46 91 84 4 73 46 4 1
4 54 44 25 15 103 93 74 64 50 24 97 88 18 22 88 23 21 28 34 79 1
5 96 86 105 95 105 95 14 4 49 96 60 37 66 17 9 11 38 1 42 89 1
6 27 17 74 64 28 18 75 65 19 88 24 48 84 4 77 58 74 90 19 99 1
7 28 18 105 95 81 71 66 56 44 11 81 71 79 66 80 80 52 63 50 78 1
8 60 50 103 93 53 43 104 94 46 97 14 3 24 63 98 34 28 67 99 12 1
9 30 20 106 96 75 65 43 33 85 70 58 16 9 32 60 49 36 94 58 12 1
