4 10
309 295 274 252 
0 97 94 8 12 27 31 59 49 6 2 19 79 61 61 59 16 47 37 37 65 3
1 88 90 35 33 61 67 1 2 23 73 40 49 36 33 71 65 34 36 7 29 2
2 5 8 69 79 44 49 29 20 10 93 16 88 45 25 3 4 79 69 10 32 3
3 7 17 58 64 23 18 74 65 86 72 96 55 82 48 79 59 12 99 40 42 3
4 102 94 48 45 94 95 40 38 98 85 62 50 79 84 78 8 91 11 18 2 1
5 49 40 104 94 43 41 98 95 44 8 80 63 23 91 61 23 65 1 78 24 2
6 62 71 104 98 25 24 46 51 74 49 83 43 48 40 52 65 12 17 81 88 3
7 87 94 25 32 65 71 16 9 29 88 9 25 28 79 43 89 40 28 23 28 2
8 77 67 33 34 97 100 82 75 94 49 16 34 73 79 73 74 12 67 95 54 3
9 38 44 89 99 53 53 96 100 13 56 7 1 86 87 51 26 49 31 98 79 3
