4 10
241 273 206 192 
0 4 66 81 84 57 3 42 21 48 63 85 63 68 58 63 66 3 21 72 78 1
1 93 42 1 85 10 19 26 62 94 52 23 47 61 61 72 64 15 75 44 94 1
2 78 92 79 63 87 33 88 12 69 12 48 21 81 72 33 84 96 41 76 29 2
3 50 13 27 60 11 14 88 61 64 85 83 68 44 9 4 3 39 36 31 32 3
4 16 58 92 9 61 59 29 2 37 94 46 2 81 54 12 4 71 27 43 35 3
5 87 88 96 34 4 89 13 35 59 28 91 47 91 82 66 2 62 49 60 89 1
6 84 7 40 34 89 60 37 87 72 59 10 89 63 92 99 43 76 10 58 83 4
7 86 34 26 72 67 19 99 57 19 90 93 51 33 81 90 45 60 37 47 27 4
8 57 23 17 90 70 56 22 31 65 32 73 95 98 64 70 39 57 97 68 17 4
9 17 60 85 15 46 61 14 16 55 20 44 20 4 36 86 58 61 5 5 75 4
