4 10
281 267 192 228 
0 70 68 81 86 1 5 32 23 39 61 17 92 64 75 21 85 68 33 3 43 1
1 47 44 73 79 20 21 46 56 13 42 62 60 76 69 48 44 44 1 2 86 3
2 83 90 68 69 30 39 7 10 45 40 37 21 21 60 68 64 16 96 69 2 3
3 2 11 69 66 18 12 77 67 84 92 74 10 56 4 27 25 71 63 96 78 3
4 86 88 40 39 78 81 24 32 88 29 34 83 43 32 30 60 66 85 77 37 3
5 45 42 100 96 47 43 102 97 78 83 5 68 72 67 14 27 89 50 90 16 1
6 75 77 1 4 38 30 67 57 98 40 65 24 21 6 80 3 10 91 21 18 1
7 56 48 86 86 26 25 56 63 92 3 91 40 13 61 37 42 74 100 58 59 2
8 38 41 2 8 79 74 43 49 29 20 25 83 93 80 97 24 66 25 6 35 1
9 60 54 3 1 46 55 10 2 49 74 15 7 42 5 29 31 59 90 34 65 2
