4 10
267 149 278 260 
0 62 44 39 62 15 81 100 99 23 67 74 89 25 12 66 19 95 91 5 41 1
1 43 88 59 23 68 65 84 100 73 34 85 15 98 97 29 85 44 37 85 25 1
2 24 30 33 1 33 79 42 50 94 3 11 51 43 100 25 87 87 81 62 11 4
3 100 15 85 62 61 16 38 63 61 45 76 61 56 44 76 47 42 19 37 10 1
4 62 84 30 35 7 77 75 28 14 7 15 36 69 50 19 35 10 60 8 44 1
5 1 74 10 28 18 75 27 29 27 41 69 2 95 42 21 36 56 21 80 31 4
6 78 89 26 16 75 42 31 69 83 91 57 71 29 33 14 58 36 28 93 89 2
7 40 64 80 2 21 41 53 79 92 75 51 79 72 7 46 36 7 63 91 76 1
8 3 1 55 68 8 34 68 1 60 58 41 81 83 17 5 68 42 21 95 96 1
9 43 46 3 1 72 47 32 2 96 51 46 21 78 19 73 40 71 14 19 35 4
