4 10
251 225 208 236 
0 76 18 53 36 29 55 14 73 92 61 2 51 91 26 72 1 23 20 80 79 3
1 93 42 1 77 18 19 26 54 7 2 98 52 50 80 97 4 72 94 77 83 2
2 42 20 51 91 51 61 60 32 56 78 15 50 5 57 76 5 76 66 4 39 1
3 22 17 99 64 75 10 52 65 7 22 56 16 11 78 85 21 38 93 88 59 2
4 44 78 20 21 89 71 65 22 66 56 22 72 28 85 14 92 17 83 2 2 4
5 35 76 36 30 44 85 53 31 4 30 70 93 83 66 51 36 99 99 52 90 1
6 80 95 28 22 85 48 33 75 78 67 58 62 60 32 16 50 59 50 19 39 4
7 94 26 26 64 67 3 99 41 68 24 8 72 27 8 48 21 37 8 66 11 1
8 21 75 73 42 34 8 86 75 66 75 28 79 45 82 7 51 81 44 24 61 1
9 1 56 61 3 30 57 90 4 55 100 14 7 99 81 40 9 79 25 63 22 2
