4 10
241 281 256 238 
0 48 70 25 88 1 7 86 25 81 65 74 44 76 67 12 55 87 46 6 6 1
1 93 34 9 77 18 11 34 54 6 61 72 17 81 27 30 23 19 84 35 29 1
2 14 48 15 19 15 89 24 60 3 77 81 89 35 4 57 63 53 2 91 91 3
3 86 13 63 60 47 14 24 61 9 35 84 21 43 90 12 83 48 7 54 74 2
4 72 90 48 41 17 91 93 34 84 59 97 4 78 48 1 38 25 54 55 11 1
5 75 72 84 26 92 73 1 27 84 58 98 100 62 57 1 90 86 78 55 100 2
6 76 83 24 10 73 36 21 63 4 99 19 50 17 8 57 39 3 16 63 90 2
7 94 10 34 48 67 87 7 25 13 97 6 68 29 56 16 58 83 70 31 47 2
8 85 19 37 94 90 60 50 27 79 10 86 25 7 65 71 82 90 52 1 80 4
9 77 44 45 99 6 45 74 100 53 96 51 10 11 60 35 43 100 41 88 22 1
