4 10
288 226 267 193 
0 62 52 80 70 99 89 17 7 79 75 73 25 8 65 64 33 70 55 60 35 1
1 52 42 29 19 105 95 82 72 67 95 82 97 26 59 28 81 96 77 87 15 2
2 86 76 29 19 63 53 98 88 15 52 68 30 40 10 86 11 87 24 24 77 2
3 81 71 89 79 106 96 14 4 33 75 79 97 25 36 48 59 63 10 71 36 3
4 92 82 71 61 41 31 12 2 91 43 1 28 15 78 83 86 78 25 6 73 2
5 50 40 51 41 59 49 60 50 74 71 48 28 40 1 13 13 69 2 70 86 4
6 21 11 76 66 22 12 77 67 54 52 37 27 93 52 13 39 62 22 82 76 2
7 78 68 55 45 39 29 16 6 97 84 53 63 41 88 16 53 54 83 49 81 1
8 78 68 29 19 79 69 22 12 49 99 60 15 90 86 3 19 43 37 4 99 4
9 76 66 44 34 21 11 89 79 67 78 38 26 8 63 41 45 51 31 96 95 2
