4 10
99 110 124 98 
0 70 62 81 80 92 99 24 17 100 99 73 48 36 39 95 80 27 91 78 6 4
1 56 50 103 93 29 27 76 70 89 38 1 21 25 28 33 52 3 69 62 58 3
2 45 44 9 15 84 85 48 56 56 54 2 73 32 33 60 24 35 72 21 33 1
3 16 13 67 60 11 14 62 61 90 61 60 74 21 93 92 49 7 58 64 82 2
4 24 34 70 77 37 27 83 78 27 19 21 33 47 11 36 82 6 64 99 15 4
5 89 96 36 42 91 97 46 51 34 67 52 5 81 29 98 86 38 69 48 52 2
6 40 39 61 66 90 92 11 19 96 85 87 56 28 65 26 94 65 6 73 45 3
7 61 66 12 4 52 43 82 81 98 87 45 95 78 51 42 40 42 23 14 84 3
8 29 19 85 86 57 60 34 27 20 5 65 39 49 56 93 30 43 16 58 65 2
9 74 76 25 31 81 77 32 32 84 85 89 55 33 92 100 84 75 58 9 48 3
