4 10
90 102 114 109 
0 48 38 66 56 85 75 103 93 73 44 93 1 37 33 56 40 80 41 35 68 1
1 98 88 75 65 51 41 36 26 58 20 68 45 94 4 40 36 73 21 27 3 1
2 16 6 51 41 93 83 28 18 58 33 25 64 3 37 44 99 27 93 70 53 2
3 47 37 63 53 72 62 88 78 19 89 75 88 73 77 32 39 100 72 53 91 4
4 42 32 13 3 83 73 54 44 58 51 44 62 82 27 60 52 81 71 12 43 1
5 60 50 69 59 69 59 78 68 47 5 81 58 28 84 39 9 61 3 50 51 4
6 23 13 78 68 24 14 71 61 48 72 64 38 27 7 22 46 39 15 23 49 2
7 100 90 85 75 61 51 38 28 50 81 13 1 29 39 80 46 67 54 2 94 1
8 60 50 11 1 61 51 104 94 91 91 3 65 71 29 18 10 90 72 71 56 1
9 34 24 102 92 71 61 47 37 17 12 38 67 88 92 98 28 77 61 68 35 3
