4 10
95 87 99 117 
0 26 16 44 34 63 53 81 71 41 89 20 34 51 11 13 45 24 88 52 26 1
1 56 46 33 23 109 99 94 84 86 46 43 6 36 56 75 50 11 11 26 27 1
2 54 44 97 87 31 21 74 64 71 33 93 100 59 40 30 1 21 73 7 28 3
3 105 95 13 3 30 20 38 28 18 51 23 93 28 90 21 45 49 94 27 72 2
4 80 70 51 41 21 11 92 82 30 79 86 67 10 68 62 12 10 94 88 35 3
5 14 4 15 5 23 13 24 14 73 81 56 53 34 1 29 16 43 3 69 2 1
6 25 15 72 62 26 16 73 63 20 36 45 60 53 36 29 75 96 45 49 29 1
7 58 48 35 25 11 1 96 86 29 100 61 4 82 87 17 31 29 92 17 11 3
8 86 76 29 19 79 69 30 20 63 74 75 16 96 60 3 46 24 20 20 56 3
9 72 62 48 38 17 7 85 75 12 10 23 91 59 22 15 88 82 95 86 96 4
