4 10
311 251 276 320 
0 34 96 11 14 87 33 72 51 31 16 85 78 86 13 14 18 15 43 83 67 3
1 51 88 59 23 76 57 84 100 76 85 13 14 62 50 26 31 28 10 61 50 2
2 96 58 97 29 5 99 6 78 32 99 79 26 93 48 27 9 72 37 87 58 3
3 72 11 49 66 25 12 10 67 84 82 9 57 28 29 74 17 52 61 13 26 2
4 90 96 58 47 35 97 3 40 10 34 53 65 90 14 54 33 41 12 18 58 3
5 49 70 58 24 58 71 67 25 11 89 14 69 52 2 19 2 92 52 37 59 3
6 66 69 22 96 71 22 19 57 1 17 51 35 52 70 21 36 95 95 9 46 3
7 48 48 80 94 21 33 61 71 41 77 43 85 92 47 42 72 86 89 50 69 3
8 59 45 19 20 72 86 24 53 29 77 38 79 72 75 40 2 57 26 90 71 1
9 19 42 87 89 48 43 16 98 18 56 46 17 41 30 14 18 98 82 55 40 4
