4 10
230 222 205 289 
0 36 26 54 44 73 63 91 81 2 93 71 98 79 44 55 23 56 89 39 24 3
1 58 48 43 33 19 9 96 86 54 79 61 20 33 22 50 43 88 44 88 18 4
2 40 30 75 65 17 7 52 42 5 2 26 81 37 76 72 75 76 84 11 92 4
3 31 21 39 29 56 46 64 54 70 25 61 6 6 52 99 80 34 59 61 23 2
4 82 72 53 43 23 13 102 92 37 5 82 18 95 56 2 49 28 92 62 71 4
5 68 58 69 59 77 67 78 68 19 70 34 99 65 78 9 99 92 71 71 21 4
6 23 13 78 68 24 14 79 69 98 16 95 84 62 93 86 82 53 14 56 2 4
7 92 82 77 67 53 43 30 20 23 89 38 78 84 34 79 11 88 18 86 65 3
8 72 62 23 13 65 55 16 6 54 16 88 16 37 49 12 78 77 6 49 42 2
9 58 48 34 24 103 93 71 61 85 26 100 55 74 26 12 33 2 34 60 26 3
