4 10
96 129 65 84 
0 92 74 69 92 53 11 30 29 55 78 30 73 86 56 30 55 68 93 16 22 3
1 1 26 17 69 26 3 42 46 77 63 54 55 62 18 85 9 81 61 52 30 3
2 42 96 51 67 51 45 52 16 82 45 82 8 95 14 54 68 75 41 58 50 1
3 22 13 99 60 83 14 60 61 29 85 4 89 75 51 20 57 50 68 77 6 4
4 36 22 4 73 73 15 49 66 67 75 49 45 42 77 70 1 43 69 98 58 3
5 63 64 72 18 80 65 89 19 96 94 90 93 89 70 46 45 31 11 43 54 4
6 60 51 8 78 57 4 13 31 8 2 99 83 96 23 67 27 78 93 9 33 2
7 2 78 34 16 75 55 15 1 2 96 40 33 49 18 90 12 27 70 50 44 4
8 5 23 57 90 18 64 70 31 11 83 76 25 59 52 7 36 85 48 57 79 1
9 37 28 5 83 74 29 34 84 72 80 78 52 31 83 11 87 67 85 67 17 3
