4 10
118 92 123 140 
0 52 42 70 60 89 79 107 97 32 97 78 1 55 66 1 51 53 50 51 96 2
1 42 32 19 9 95 85 80 70 56 79 26 31 63 96 18 81 15 2 68 28 4
2 108 98 43 33 85 75 20 10 12 87 73 56 74 82 13 36 40 16 32 16 4
3 55 45 71 61 80 70 96 86 21 42 61 28 47 24 94 16 86 56 25 31 2
4 90 80 61 51 31 21 110 100 46 61 46 40 44 36 69 55 82 93 94 37 1
5 96 86 97 87 105 95 106 96 71 74 95 86 67 9 5 92 48 74 98 29 3
6 23 13 78 68 24 14 71 61 81 98 12 80 47 58 65 72 46 21 14 100 1
7 44 34 21 11 97 87 74 64 76 47 60 43 74 57 23 14 19 66 88 65 1
8 92 82 43 33 85 75 36 26 1 15 78 2 26 23 31 68 97 37 18 84 2
9 90 80 58 48 27 17 103 93 73 24 18 32 50 46 53 51 46 33 22 34 4
