4 10
212 300 329 217 
0 40 30 58 48 77 67 95 85 41 90 93 19 22 83 77 65 57 39 16 85 1
1 110 100 87 77 63 53 40 30 40 6 51 11 62 40 11 28 70 48 79 12 2
2 32 22 67 57 109 99 44 34 88 50 58 61 49 89 51 40 18 17 29 4 1
3 39 29 47 37 56 46 72 62 6 50 7 70 6 91 91 10 76 35 71 13 1
4 38 28 109 99 79 69 50 40 45 11 94 76 2 53 81 85 77 62 52 97 1
5 96 86 105 95 105 95 14 4 19 62 70 22 20 14 33 6 97 38 36 55 3
6 23 13 78 68 24 14 79 69 79 98 51 91 99 11 99 48 47 86 86 54 1
7 28 18 13 3 89 79 66 56 96 23 22 93 46 86 9 40 44 32 95 94 2
8 104 94 47 37 97 87 48 38 82 22 19 66 79 7 46 5 22 27 92 50 3
9 14 4 90 80 59 49 27 17 69 30 94 84 47 36 52 40 69 49 44 42 4
