4 15
178 151 137 106 
0 58 48 76 66 95 85 13 3 17 89 30 60 14 55 23 13 13 47 43 58 3
1 92 82 69 59 45 35 22 12 42 80 78 4 38 64 56 81 98 42 19 76 2
2 98 88 41 31 75 65 18 8 35 18 1 17 93 100 59 71 77 92 45 13 4
3 85 75 93 83 110 100 18 8 86 44 80 80 59 97 65 2 98 69 18 20 3
4 92 82 63 53 33 23 12 2 64 53 88 78 86 57 60 63 91 49 96 93 1
5 66 56 67 57 75 65 76 66 10 67 44 29 70 34 59 64 43 13 66 89 2
6 25 15 80 70 26 16 81 71 25 10 14 69 86 51 24 67 51 88 99 40 2
7 30 20 15 5 91 81 68 58 56 85 64 39 28 7 27 38 26 48 30 1 4
8 74 64 25 15 67 57 18 8 67 45 47 79 21 96 22 56 81 78 90 74 4
9 104 94 80 70 49 39 17 7 76 9 52 62 94 100 27 22 64 9 46 58 2
10 40 30 86 76 41 31 87 77 84 77 40 50 53 14 70 96 76 54 93 52 1
11 107 97 16 6 24 14 33 23 65 18 19 4 56 51 82 52 8 11 86 22 1
12 95 85 22 12 48 38 75 65 42 4 89 19 24 96 32 10 79 39 29 18 3
13 24 14 80 70 29 19 77 67 42 90 84 19 55 6 8 74 32 51 97 35 1
14 54 44 92 82 31 21 69 59 21 5 36 67 32 92 57 85 94 23 46 31 2
