4 15
150 137 125 132 
0 70 76 102 94 13 13 24 31 23 64 6 41 1 9 12 17 15 59 83 98 1
1 26 32 73 67 1 9 38 44 73 54 27 77 54 31 63 34 74 52 22 5 1
2 58 50 22 21 97 91 61 62 28 97 43 69 53 46 20 58 86 41 89 95 4
3 23 15 61 70 18 16 69 63 10 40 17 65 46 62 60 86 98 46 36 19 1
4 62 72 29 23 83 73 21 16 46 75 26 23 58 70 94 9 26 31 61 32 2
5 65 58 12 4 67 59 6 5 13 88 36 63 80 52 17 2 94 70 20 9 4
6 76 77 5 12 47 38 55 65 1 22 93 65 8 6 40 56 90 78 45 51 3
7 51 44 89 82 21 21 59 59 100 64 45 73 13 40 16 91 54 71 43 61 1
8 79 81 56 48 12 14 97 89 42 16 59 29 13 83 48 72 86 21 26 34 2
9 12 18 55 65 27 19 70 74 12 9 88 72 76 71 73 14 40 8 59 49 4
10 1 4 49 50 98 89 26 35 71 31 3 94 17 24 60 77 57 4 17 83 1
11 25 23 31 34 43 44 57 55 28 55 56 2 45 77 74 91 42 1 20 5 3
12 71 76 28 27 75 69 11 20 54 83 5 84 65 81 47 11 51 57 12 45 1
13 83 80 12 19 60 65 10 12 48 92 44 30 81 26 84 22 36 51 57 81 1
14 48 45 78 71 8 6 38 32 64 89 70 43 55 35 82 15 44 21 39 93 2
