4 15
111 137 127 160 
0 36 26 54 44 73 63 91 81 21 68 25 72 67 34 12 12 98 85 19 55 4
1 50 40 27 17 103 93 88 78 42 40 21 39 23 67 62 2 74 10 20 24 4
2 44 34 87 77 21 11 56 46 73 27 89 94 50 75 17 31 2 12 88 98 4
3 43 33 51 41 60 50 76 66 27 92 53 44 49 47 50 26 22 86 70 99 3
4 30 20 101 91 71 61 50 40 76 84 28 9 89 87 90 82 38 26 65 25 2
5 12 2 21 11 21 11 30 20 84 90 15 38 45 51 13 35 26 40 13 11 2
6 27 17 74 64 28 18 75 65 57 34 56 38 77 4 2 70 51 66 59 11 1
7 88 78 65 55 41 31 26 16 76 56 99 78 29 33 17 23 22 97 31 27 2
8 100 90 43 33 93 83 44 34 48 73 13 96 21 89 82 2 89 6 4 44 4
9 50 40 18 8 95 85 63 53 40 40 30 5 65 72 96 75 63 44 50 50 3
10 26 16 80 70 35 25 81 71 5 13 49 2 88 90 49 87 27 64 86 20 4
11 29 19 30 20 38 28 47 37 81 54 40 35 26 64 47 48 80 18 47 91 3
12 69 59 96 86 30 20 57 47 53 78 67 54 72 66 20 17 10 93 59 78 2
13 18 8 66 56 15 5 71 61 41 56 10 28 67 14 74 66 87 42 44 47 3
14 84 74 22 12 61 51 99 89 45 84 45 74 75 2 47 7 20 92 21 11 1
