4 15
143 150 136 124 
0 1 2 29 20 40 39 51 57 47 77 20 34 58 26 3 44 21 28 47 10 2
1 80 78 14 21 53 55 108 98 91 97 33 9 64 89 55 51 10 67 35 43 1
2 59 60 36 31 1 1 75 72 13 58 57 100 42 56 67 36 27 89 27 23 2
3 20 13 58 68 7 14 74 69 1 26 98 8 7 63 53 57 80 42 69 60 2
4 78 78 24 29 70 79 24 30 96 39 49 25 71 83 16 38 17 36 63 66 4
5 48 56 1 2 63 57 10 3 37 27 76 78 95 53 48 71 40 96 35 25 4
6 63 71 105 98 26 24 55 51 7 11 40 8 38 13 89 82 71 99 27 87 4
7 90 90 20 28 60 67 1 5 26 68 56 34 18 86 93 80 53 5 29 67 4
8 10 7 74 74 30 40 15 15 66 55 18 21 53 12 91 86 43 47 9 51 4
9 19 16 62 63 26 17 69 64 64 21 2 82 38 33 95 6 61 96 68 50 2
10 25 34 74 80 23 19 72 65 73 19 30 82 71 90 21 8 4 35 95 96 2
11 97 89 103 100 15 10 13 13 44 61 27 59 32 5 41 62 55 97 14 30 4
12 84 90 41 41 88 83 24 34 28 74 36 99 31 46 2 29 42 39 2 8 4
13 3 10 45 49 93 95 35 34 84 74 62 7 90 5 29 33 98 13 43 29 2
14 20 23 50 49 80 84 10 10 34 70 100 69 67 75 60 48 88 25 30 43 3
