4 15
130 179 125 172 
0 4 22 89 40 65 59 42 77 54 98 53 3 62 52 51 3 66 27 16 91 2
1 13 38 21 73 38 15 46 50 1 65 44 79 86 66 60 67 95 28 54 90 4
2 22 24 31 95 31 65 40 36 78 53 60 54 49 94 19 78 88 10 100 75 2
3 46 13 23 68 7 14 84 69 28 52 5 44 54 13 57 93 56 22 55 93 1
4 92 30 68 81 37 31 5 74 54 46 23 95 44 7 55 59 52 62 19 3 4
5 27 100 28 54 36 1 45 55 50 52 77 81 9 57 16 77 50 76 40 63 3
6 44 27 92 54 41 80 97 7 73 62 23 64 30 8 87 47 31 93 78 35 3
7 22 46 62 84 3 23 35 61 64 77 91 12 94 39 95 86 12 76 58 72 4
8 13 11 65 78 18 44 78 19 53 68 52 64 17 98 3 66 41 88 29 18 4
9 49 36 9 83 78 37 46 84 39 94 35 67 97 10 65 11 63 44 55 70 2
10 93 26 86 72 70 11 63 57 65 99 84 67 99 71 22 61 66 58 33 38 3
11 45 65 10 76 82 86 47 97 70 51 48 71 29 57 87 20 84 1 61 91 4
12 57 94 18 37 78 87 39 30 13 80 53 88 82 57 81 38 13 90 70 43 4
13 16 54 57 1 5 47 46 86 24 8 4 81 77 62 20 47 5 16 43 97 3
14 25 67 98 1 70 28 43 62 28 13 1 93 23 6 75 1 15 8 56 67 2
