4 15
315 349 420 493 
0 54 44 72 62 91 81 109 99 8 41 24 26 67 13 44 43 70 95 32 27 2
1 48 38 25 15 101 91 78 68 96 81 95 95 80 36 67 68 26 33 73 2 4
2 106 96 49 39 83 73 26 16 32 91 22 32 82 55 23 4 46 72 23 62 4
3 77 67 85 75 102 92 110 100 76 12 83 98 44 64 90 41 3 95 20 13 3
4 44 34 15 5 85 75 56 46 20 22 7 62 93 90 44 41 32 51 54 17 1
5 30 20 39 29 39 29 48 38 9 28 18 48 87 24 8 27 39 1 71 65 4
6 25 15 80 70 26 16 81 71 62 72 85 26 57 4 90 76 40 94 57 32 2
7 94 84 79 69 55 45 32 22 3 20 67 85 21 16 51 61 24 6 68 72 2
8 42 32 93 83 43 33 86 76 11 58 13 37 58 55 45 99 57 73 76 50 4
9 48 38 24 14 93 83 61 51 98 75 87 49 78 65 35 53 99 81 39 74 1
10 48 38 102 92 49 39 103 93 43 34 27 86 55 31 66 49 93 29 33 6 3
11 19 9 28 18 36 26 45 35 18 29 59 98 2 62 35 67 61 55 65 78 3
12 27 17 54 44 80 70 107 97 65 12 1 33 33 43 12 89 16 8 88 53 2
13 40 30 88 78 45 35 93 83 86 88 13 39 82 39 57 78 56 70 34 72 3
14 78 68 16 6 63 53 101 91 20 59 86 55 43 31 11 73 49 34 36 77 1
