4 15
309 477 394 467 
0 102 92 20 10 39 29 57 47 5 7 23 84 35 48 66 98 22 24 20 72 3
1 76 66 53 43 29 19 106 96 62 80 35 15 97 94 6 52 1 66 99 79 3
2 14 4 49 39 91 81 26 16 37 51 47 53 11 49 48 31 23 48 34 81 3
3 77 67 85 75 94 84 110 100 8 70 36 39 98 68 75 42 84 18 86 29 1
4 16 6 87 77 57 47 28 18 9 42 59 65 87 52 95 1 22 65 4 91 1
5 66 56 67 57 75 65 76 66 81 6 79 5 70 41 68 55 43 57 23 18 2
6 29 19 76 66 30 20 77 67 11 95 87 3 79 90 28 56 31 47 68 3 3
7 30 20 107 97 83 73 68 58 15 3 87 80 71 76 83 2 70 89 12 35 1
8 30 20 81 71 23 13 74 64 36 20 27 59 61 21 53 97 48 65 79 41 2
9 20 10 88 78 65 55 33 23 38 33 41 60 87 74 67 11 41 30 29 93 2
10 52 42 106 96 53 43 107 97 84 37 47 2 22 8 20 28 91 99 4 65 1
11 79 69 88 78 88 78 97 87 58 50 78 2 36 56 93 34 42 23 70 63 4
12 39 29 66 56 92 82 19 9 93 86 28 95 88 18 93 33 25 1 69 96 2
13 44 34 100 90 49 39 97 87 39 94 50 95 78 15 68 7 66 33 86 81 2
14 94 84 32 22 71 61 109 99 26 2 43 15 42 1 51 1 18 61 2 37 1
