4 15
286 408 320 488 
0 72 10 49 28 25 47 10 65 25 13 62 77 72 40 45 52 27 38 52 5 2
1 89 62 5 5 14 39 22 74 19 96 48 53 11 97 42 12 15 11 48 71 1
2 30 64 31 35 39 5 40 76 10 99 82 57 10 2 42 99 65 55 50 59 2
3 38 13 15 68 99 14 76 69 5 17 96 69 24 57 1 58 63 29 17 70 3
4 24 42 92 93 69 35 37 86 30 46 34 19 18 13 27 6 4 50 74 62 2
5 63 32 72 78 72 33 81 79 75 54 76 34 21 98 51 40 22 88 37 50 4
6 84 15 32 42 89 68 37 95 88 58 5 61 36 48 45 14 44 78 78 31 1
7 6 34 46 72 79 11 19 49 99 53 61 35 51 60 50 37 23 31 34 54 4
8 45 7 97 74 58 48 10 15 63 4 51 8 47 27 16 12 22 34 57 76 1
9 69 84 29 31 98 85 58 32 95 57 16 49 90 24 57 92 39 42 91 77 2
10 33 74 26 12 10 59 3 97 3 33 28 35 19 95 64 89 90 7 80 80 1
11 57 61 30 72 94 82 67 93 16 51 23 75 71 6 42 30 54 11 42 28 1
12 45 10 6 61 66 3 27 54 63 60 73 71 79 67 56 71 52 81 96 77 2
13 56 26 97 73 37 11 86 58 97 16 90 24 48 90 72 23 9 91 24 93 2
14 17 39 82 73 54 100 27 34 92 98 35 81 66 7 34 50 14 61 25 66 3
