4 15
165 151 118 167 
0 62 72 94 90 5 9 37 27 86 19 98 30 28 20 47 86 12 56 93 85 3
1 36 40 83 75 9 17 56 52 60 35 37 81 12 26 79 30 27 52 83 95 3
2 86 94 63 65 25 35 10 14 35 76 39 15 54 86 40 26 97 89 87 21 4
3 14 15 73 70 9 16 60 63 63 40 71 23 17 31 64 53 60 82 11 48 2
4 56 48 94 91 48 41 94 92 98 59 66 29 78 63 65 97 88 100 18 11 4
5 57 66 4 12 59 67 6 13 53 92 99 28 48 81 88 68 97 77 37 20 4
6 2 9 44 36 65 62 86 89 33 7 83 45 15 62 91 59 86 90 68 7 1
7 77 76 15 14 55 53 85 91 43 61 57 97 19 25 5 75 41 81 77 85 1
8 86 77 42 44 14 18 91 85 11 93 6 75 12 50 72 28 19 50 86 74 4
9 42 34 85 81 28 35 100 90 62 33 48 45 76 24 56 12 77 70 3 79 1
10 79 84 28 30 77 69 5 15 19 18 66 20 58 51 20 58 62 39 10 72 2
11 98 91 12 2 16 12 30 23 16 30 52 91 90 63 32 88 92 75 14 6 2
12 11 20 60 63 15 13 64 56 4 64 79 17 4 68 10 27 17 69 2 93 3
13 59 68 17 15 57 53 107 100 42 26 18 2 27 84 58 90 21 89 83 3 3
14 39 33 77 67 86 94 37 28 65 23 76 32 7 13 17 54 17 88 35 20 4
