4 15
139 151 154 144 
0 88 66 65 84 49 3 26 21 63 26 61 21 78 87 80 8 62 66 87 92 2
1 97 54 13 89 22 23 38 66 18 58 56 44 64 17 33 41 77 2 61 71 2
2 22 40 31 11 31 89 40 60 87 9 63 15 92 79 19 23 88 84 17 61 3
3 46 17 23 64 99 18 76 65 81 70 55 26 10 95 18 10 5 77 49 41 1
4 8 86 76 37 53 79 21 30 45 62 57 79 50 44 16 28 35 6 15 9 3
5 91 12 100 66 8 13 17 67 88 95 24 94 27 54 5 85 37 2 64 4 2
6 64 71 12 98 69 24 17 51 35 31 71 82 16 34 23 28 82 6 75 36 4
7 14 86 54 32 87 71 27 9 76 62 60 31 60 100 56 39 42 2 15 85 4
8 29 55 81 30 42 96 94 63 19 65 54 88 66 47 81 81 30 68 42 52 4
9 5 56 73 11 34 57 2 12 89 97 64 66 30 89 15 17 45 48 73 87 1
10 17 46 2 92 94 31 79 77 77 11 89 58 51 19 50 96 4 55 91 25 4
11 97 9 70 20 42 30 7 41 38 29 98 44 46 82 12 80 45 98 92 86 1
12 1 2 62 53 22 95 83 46 45 67 58 60 60 73 40 98 67 68 27 54 4
13 36 90 77 37 17 75 66 22 7 47 27 90 37 35 28 68 29 29 55 2 3
14 17 7 90 33 62 68 35 94 13 91 40 37 15 84 32 83 8 21 13 16 1
