4 15
456 328 398 266 
0 86 90 5 8 37 27 48 45 90 45 53 32 58 57 81 30 94 82 11 94 3
1 1 2 44 45 70 79 17 22 57 35 76 89 71 79 60 24 83 15 73 96 3
2 98 100 83 79 45 49 22 20 73 12 32 6 19 10 64 26 77 13 5 59 1
3 14 13 73 68 22 14 60 69 78 46 68 96 19 43 60 52 63 34 20 92 4
4 94 90 48 41 94 91 32 34 43 63 73 92 79 17 30 94 57 72 94 89 1
5 87 80 42 34 89 81 36 35 90 74 57 69 57 80 68 68 82 19 5 66 1
6 67 59 88 86 17 12 38 39 14 23 66 43 38 52 63 51 99 47 57 3 2
7 60 70 11 8 59 55 89 93 97 31 38 3 95 97 80 12 69 51 44 54 4
8 13 3 77 70 33 36 18 11 1 82 97 74 35 71 16 34 87 81 59 17 4
9 67 64 2 11 74 65 17 12 9 75 78 43 94 87 23 46 48 13 36 60 4
10 83 82 11 20 60 67 9 5 78 64 74 75 26 96 60 78 77 39 70 71 4
11 79 77 93 88 97 98 11 9 30 21 9 31 66 66 53 37 53 85 84 95 2
12 4 14 53 57 8 7 57 50 57 45 20 62 71 37 35 100 30 80 49 99 4
13 65 74 15 21 63 59 13 6 89 23 18 71 66 7 64 11 81 39 34 71 4
14 101 95 31 21 48 56 78 82 8 17 32 13 10 86 26 92 75 30 5 16 2
