4 15
266 492 354 422 
0 28 6 5 24 81 43 66 61 69 74 23 94 48 26 70 97 25 29 81 2 1
1 81 70 97 13 6 47 22 82 64 87 74 17 15 58 19 41 14 66 38 61 3
2 94 16 3 87 3 57 12 28 3 20 58 32 95 43 21 33 43 3 23 45 4
3 2 13 79 68 55 14 40 69 32 81 14 86 95 91 31 42 69 18 29 50 4
4 68 10 36 61 5 11 81 54 23 82 31 49 83 60 31 100 55 48 2 12 3
5 75 40 84 94 84 41 93 95 82 45 72 34 75 98 45 91 86 42 25 96 3
6 100 47 48 74 97 100 53 27 16 81 15 44 90 3 58 59 85 37 24 99 2
7 6 58 38 96 79 35 11 81 81 85 55 41 78 10 33 85 64 71 88 22 1
8 25 3 77 78 30 44 90 11 48 49 12 10 75 49 7 53 31 90 94 75 3
9 1 100 69 47 38 1 98 48 89 18 86 58 86 15 22 63 95 51 69 10 3
10 49 54 42 92 26 39 19 77 41 38 59 40 32 62 24 33 43 62 49 90 3
11 61 21 34 32 6 42 71 53 63 54 98 17 48 76 100 51 35 64 67 28 4
12 5 54 66 97 26 47 87 90 89 56 17 75 79 22 13 24 68 76 69 50 1
13 36 14 77 61 17 99 58 46 46 40 49 69 16 16 7 54 9 72 86 30 1
14 45 27 18 61 82 88 55 22 12 14 82 59 64 50 75 84 60 21 85 31 4
