4 15
174 144 127 154 
0 74 92 51 10 35 29 12 47 7 31 19 69 76 22 18 33 32 66 82 27 1
1 55 100 63 35 80 77 88 12 60 71 30 46 46 32 79 84 27 27 23 96 3
2 12 58 13 29 13 99 22 70 76 50 79 40 32 40 63 9 64 92 9 59 4
3 24 15 9 62 85 16 62 63 89 76 8 25 27 88 97 14 70 48 72 55 1
4 18 92 94 43 63 93 39 36 63 29 41 71 43 46 69 69 56 18 38 23 2
5 65 10 74 64 82 11 83 65 76 39 25 96 34 10 41 59 62 25 3 8 2
6 62 65 10 92 59 18 15 45 19 11 43 100 95 85 89 70 14 16 99 23 3
7 68 32 8 70 41 9 81 47 35 57 34 26 86 83 35 12 4 91 73 52 1
8 11 81 63 56 16 22 76 89 44 97 47 53 7 21 12 97 71 75 10 25 2
9 47 54 15 9 76 55 44 10 17 59 74 56 35 73 67 17 8 23 68 18 3
10 63 76 48 22 40 61 25 7 92 65 4 39 55 49 13 86 40 92 85 52 3
11 23 75 96 86 60 88 33 99 10 24 27 60 52 46 45 64 24 18 63 26 3
12 59 16 20 67 80 9 41 60 91 99 76 43 91 78 23 78 84 66 55 34 3
13 66 20 7 67 55 5 96 52 70 39 51 34 15 4 38 74 97 24 2 5 1
14 35 85 8 11 80 46 53 72 29 1 32 21 38 47 59 42 17 31 71 42 2
