4 15
142 143 136 120 
0 16 14 93 32 77 51 54 69 24 94 17 48 26 56 92 36 14 64 79 97 3
1 97 54 5 89 22 31 30 66 61 23 8 93 64 66 9 30 21 72 52 28 3
2 58 20 67 91 67 61 76 32 74 9 11 88 30 89 35 14 11 77 15 57 2
3 74 13 51 68 35 14 12 69 50 88 27 19 37 86 100 49 48 17 46 29 4
4 80 74 48 17 25 67 93 18 13 21 27 52 75 64 49 69 53 12 32 24 1
5 51 24 52 70 60 25 69 71 26 98 94 27 83 66 99 47 57 16 49 14 1
6 68 83 24 10 73 44 21 71 86 59 96 95 8 27 74 80 53 55 79 60 3
7 14 2 54 40 87 79 27 17 15 24 79 85 91 14 12 30 89 24 81 92 1
8 65 11 25 78 78 44 30 11 8 97 34 83 85 50 79 20 95 59 98 24 1
9 29 68 89 15 58 69 18 16 87 27 23 69 6 98 35 96 53 41 9 57 3
10 25 94 10 32 2 79 87 17 57 2 17 79 53 76 18 39 88 44 25 35 3
11 53 93 26 4 90 14 63 25 25 62 91 34 97 39 31 47 70 40 96 39 2
12 85 74 46 17 6 67 67 10 32 35 99 99 85 68 3 33 35 68 24 5 2
13 76 38 17 77 57 23 6 70 95 85 86 39 55 57 65 33 83 76 41 50 3
14 81 51 54 77 26 12 99 38 21 49 59 76 58 31 12 81 51 4 52 82 3
