4 15
410 320 444 358 
0 32 38 64 56 83 75 94 93 72 10 54 58 1 29 99 24 98 87 7 62 4
1 2 10 49 45 96 87 22 22 1 93 14 41 5 11 79 72 65 73 52 29 1
2 70 80 47 51 30 21 86 92 26 83 7 26 18 89 74 35 5 14 96 67 1
3 20 17 71 64 15 18 66 65 22 27 9 54 59 74 9 94 71 83 53 65 3
4 70 78 24 29 62 71 29 22 82 21 71 66 11 66 58 27 25 36 89 47 4
5 87 92 34 38 89 93 36 39 6 35 32 27 61 29 2 7 87 38 58 80 2
6 80 79 9 6 30 32 51 59 5 31 34 97 68 44 45 68 90 16 29 42 4
7 90 86 28 24 60 63 1 1 62 79 29 11 88 36 93 87 69 66 65 78 1
8 43 51 20 18 84 92 69 59 41 34 61 60 67 98 58 98 2 97 56 74 2
9 74 68 25 23 60 69 32 24 1 92 10 34 2 92 85 31 51 26 18 79 1
10 12 22 61 60 10 7 38 45 50 64 71 29 11 92 70 81 27 81 4 86 2
11 59 61 65 72 77 82 83 93 56 64 15 9 3 48 20 11 98 42 29 89 1
12 83 78 19 29 66 71 23 22 21 41 97 20 28 66 36 36 32 23 42 84 2
13 28 22 70 61 5 7 55 54 28 62 23 60 33 76 40 97 77 89 76 88 3
14 36 39 66 65 104 100 34 26 36 43 95 34 98 86 63 54 4 5 63 76 3
