4 15
125 194 120 189 
0 60 18 37 36 21 55 98 73 44 99 99 97 38 71 17 14 91 90 49 15 3
1 5 46 13 81 30 23 38 58 13 14 80 41 71 68 15 63 14 33 33 43 3
2 94 68 95 39 3 9 4 88 84 24 10 32 46 45 92 20 81 58 37 55 3
3 10 13 87 68 71 14 48 69 79 44 19 22 24 7 85 6 54 51 59 47 4
4 36 98 4 49 81 99 49 50 31 7 74 66 40 31 22 18 99 29 25 78 3
5 39 8 40 62 48 9 57 63 11 90 45 59 7 46 83 60 92 63 76 78 2
6 60 59 8 86 57 12 5 39 33 46 39 50 72 78 33 77 25 61 16 43 3
7 22 78 54 16 95 55 27 93 76 26 91 6 68 93 5 61 42 22 22 100 4
8 93 7 45 82 98 48 50 15 27 10 93 86 22 86 22 93 79 2 8 93 3
9 89 52 49 99 18 53 78 100 64 73 41 61 45 61 15 32 34 39 99 60 2
10 9 6 94 52 86 91 71 37 68 16 92 43 42 99 99 48 47 93 41 8 1
11 49 33 14 44 86 54 59 65 66 81 5 65 34 21 41 14 61 59 73 41 2
12 17 30 78 81 38 23 99 74 45 64 81 85 65 18 54 58 81 53 82 29 3
13 96 50 37 89 85 35 26 74 54 94 24 81 38 94 87 94 38 7 32 39 3
14 53 63 26 89 98 24 71 50 72 76 82 87 4 33 40 15 55 6 13 64 1
