4 15
139 172 138 146 
0 21 20 40 38 51 57 83 75 28 71 47 22 78 25 31 32 16 45 39 85 4
1 49 48 88 83 14 17 61 60 26 79 33 11 80 36 70 45 11 20 31 44 2
2 71 66 35 45 18 15 95 86 34 1 25 100 89 37 6 97 73 63 89 50 1
3 20 19 58 66 15 20 66 67 28 45 87 45 75 28 23 87 30 79 1 89 1
4 24 28 70 79 24 29 62 72 71 24 93 63 26 20 49 61 16 12 41 90 1
5 78 70 25 24 72 71 27 25 98 66 38 53 62 40 6 98 75 24 86 22 3
6 28 21 49 48 86 82 7 9 51 60 90 62 44 36 41 59 44 20 99 76 4
7 86 84 32 30 64 69 2 7 9 50 94 100 63 66 7 55 65 12 26 86 4
8 16 25 101 100 57 66 34 33 87 92 18 39 6 27 61 39 82 100 25 71 4
9 36 38 100 93 51 47 86 94 100 41 39 75 35 6 41 50 13 74 54 3 2
10 29 24 78 70 6 9 55 55 85 20 9 86 8 35 46 33 96 61 99 93 3
11 78 75 84 86 96 96 2 7 83 45 87 62 70 15 13 2 41 46 18 23 4
12 77 84 34 35 81 77 38 28 67 30 40 97 21 55 76 59 37 89 32 63 4
13 22 16 51 55 1 1 41 40 92 10 84 33 66 29 100 33 75 38 11 63 4
14 74 77 12 11 42 38 72 72 30 80 60 12 80 54 30 33 36 78 22 3 2
