4 15
307 375 341 459 
0 18 8 29 26 48 45 59 63 25 67 52 23 55 33 52 30 75 51 43 60 2
1 79 72 5 7 52 49 91 84 19 58 12 71 80 62 13 28 24 23 34 13 2
2 18 14 82 85 57 55 34 26 95 75 14 15 89 74 52 84 93 15 32 61 2
3 14 19 65 66 30 20 60 67 92 25 31 24 54 74 13 20 51 94 79 31 2
4 48 40 94 91 32 33 86 84 33 52 56 19 33 6 38 14 75 30 78 98 2
5 4 2 51 48 1 3 53 57 6 24 49 50 90 62 60 16 73 47 63 17 3
6 11 9 40 36 61 62 82 89 74 30 93 99 98 88 40 2 41 92 21 47 1
7 64 72 15 10 55 49 93 87 10 13 58 5 70 9 99 49 27 65 55 81 2
8 19 21 104 96 60 62 37 29 13 48 95 37 6 26 47 70 37 24 82 27 1
9 76 86 48 41 91 87 34 42 80 81 32 94 25 23 48 16 65 3 58 10 1
10 66 72 7 10 64 57 105 95 6 57 98 51 47 29 33 67 94 95 61 4 1
11 60 63 74 74 78 84 92 95 9 75 7 35 69 8 59 31 73 6 35 37 2
12 10 8 59 51 1 1 42 44 72 22 81 96 35 49 83 83 8 18 2 21 4
13 71 80 21 27 61 65 19 12 85 65 6 22 59 2 27 95 28 79 95 99 4
14 42 49 93 83 2 10 40 44 67 98 57 47 29 86 77 84 93 61 76 28 4
