4 15
435 449 315 341 
0 59 64 91 82 10 1 21 19 78 17 97 47 92 69 27 41 36 81 39 10 1
1 56 56 90 99 29 33 76 68 43 60 84 54 64 47 60 67 65 74 66 30 2
2 84 90 61 61 23 31 8 10 31 63 46 62 5 56 10 93 50 76 93 48 3
3 17 15 76 70 25 16 71 71 35 42 71 28 38 13 11 33 84 96 76 75 2
4 86 84 32 35 70 77 24 28 76 33 76 60 84 58 95 81 90 66 3 19 4
5 83 82 38 36 93 91 40 37 31 30 55 33 9 33 40 65 94 44 5 42 2
6 59 65 101 92 9 18 59 53 72 78 9 74 30 51 76 69 51 14 47 75 1
7 29 32 67 70 1 9 37 47 90 10 67 27 34 50 28 19 21 51 54 18 2
8 82 77 38 44 15 10 79 85 34 6 80 41 35 84 83 76 70 83 62 23 3
9 60 66 3 13 67 67 18 22 47 94 74 97 54 94 76 45 79 48 5 22 2
10 58 52 86 90 35 37 84 75 74 24 90 84 53 37 3 71 19 94 86 60 4
11 15 19 29 30 41 40 47 51 70 18 1 53 58 100 91 82 37 55 11 25 4
12 91 100 40 43 87 85 44 36 5 48 63 99 19 4 7 43 81 85 39 70 4
13 61 52 82 91 38 37 80 76 50 35 56 6 98 93 57 54 66 84 34 97 4
14 8 17 38 43 76 78 6 4 20 10 88 70 9 28 92 100 46 59 51 99 4
