4 15
170 163 147 141 
0 62 52 80 70 99 89 17 7 23 6 50 43 32 80 73 61 9 15 36 54 3
1 36 26 13 3 89 79 74 64 46 94 8 12 65 50 86 65 7 79 42 8 2
2 90 80 33 23 67 57 110 100 62 68 90 99 45 58 3 31 2 14 32 98 1
3 93 83 101 91 18 8 26 16 60 41 47 36 99 72 37 83 36 20 54 35 4
4 48 38 19 9 89 79 60 50 51 10 58 20 19 56 47 56 3 32 6 88 1
5 94 84 103 93 103 93 12 2 6 45 70 84 8 14 83 16 12 22 11 66 4
6 25 15 80 70 26 16 81 71 82 19 36 53 47 18 55 3 84 24 76 29 4
7 74 64 51 41 27 17 104 94 28 9 38 67 96 83 91 91 55 42 47 94 2
8 106 96 57 47 99 89 50 40 55 14 33 100 83 59 71 85 13 91 72 100 3
9 60 50 36 26 105 95 73 63 68 33 64 74 68 37 53 54 90 22 84 53 2
10 24 14 78 68 25 15 79 69 38 7 70 9 10 20 54 26 51 60 98 40 1
11 95 85 104 94 12 2 21 11 39 4 63 88 21 37 14 64 67 65 28 81 2
12 63 53 90 80 16 6 43 33 98 66 82 37 71 81 72 66 50 72 42 12 1
13 108 98 64 54 13 3 61 51 87 25 74 95 7 31 25 55 32 70 61 65 2
14 22 12 60 50 99 89 45 35 34 27 84 18 26 1 61 53 39 56 93 22 1
