4 15
128 174 123 167 
0 16 24 48 42 59 61 70 79 10 69 49 55 40 14 78 78 57 94 57 22 3
1 39 40 78 75 4 9 51 52 71 89 65 81 57 66 56 8 64 37 85 78 3
2 22 22 86 93 61 63 25 34 59 36 36 47 8 43 47 4 59 70 97 23 4
3 29 19 67 66 24 20 75 67 14 65 11 96 70 7 9 2 29 39 56 3 1
4 59 60 5 11 51 53 1 4 8 25 69 42 58 36 55 70 33 93 81 73 2
5 65 62 4 8 59 63 6 9 45 20 75 100 83 27 96 81 43 24 80 19 3
6 89 97 18 24 60 50 81 77 17 52 66 79 7 40 76 5 34 32 35 21 1
7 68 60 98 98 38 37 68 75 100 26 50 45 96 11 13 46 70 47 6 20 4
8 22 29 99 96 63 70 27 37 63 13 47 99 19 47 8 29 2 17 86 76 4
9 27 22 70 77 21 31 85 78 37 30 7 17 5 90 25 18 80 89 47 37 1
10 50 44 99 90 27 29 76 75 25 91 27 11 59 29 48 47 9 83 41 46 1
11 1 7 11 18 23 28 29 39 73 62 67 25 39 37 56 2 16 56 77 30 1
12 45 48 94 91 49 41 77 84 89 72 2 90 37 44 71 48 19 34 98 78 4
13 17 20 75 67 23 13 44 52 24 85 67 84 33 66 29 56 73 8 88 33 1
14 83 89 13 15 51 50 73 76 34 44 43 90 26 23 10 62 42 11 32 65 4
