4 15
140 168 118 148 
0 40 30 58 48 77 67 95 85 88 45 50 90 88 60 58 87 75 74 2 79 1
1 94 84 71 61 47 37 32 22 88 87 18 20 45 45 76 66 21 42 11 95 4
2 36 26 71 61 13 3 48 38 68 1 68 94 98 2 35 85 42 81 10 59 3
3 43 33 59 49 68 58 84 74 26 76 8 72 60 46 3 96 53 38 45 20 1
4 86 76 57 47 27 17 98 88 64 47 90 21 86 13 8 74 16 34 27 78 1
5 48 38 49 39 57 47 58 48 86 46 31 78 90 67 15 14 16 39 45 93 4
6 27 17 74 64 28 18 75 65 58 86 22 80 95 60 57 65 40 82 38 36 1
7 24 14 101 91 77 67 62 52 2 5 27 20 70 68 48 13 57 42 51 62 3
8 24 14 75 65 25 15 68 58 62 45 98 60 11 54 36 61 45 86 5 93 2
9 106 96 74 64 51 41 19 9 75 16 6 27 12 56 83 7 6 25 64 32 2
10 18 8 72 62 19 9 73 63 5 3 2 41 1 43 67 16 92 90 89 86 4
11 109 99 18 8 26 16 35 25 54 42 89 52 73 39 41 92 9 68 30 48 3
12 45 35 72 62 98 88 25 15 23 9 41 96 66 37 14 26 45 14 11 57 2
13 102 92 50 40 99 89 55 45 42 87 16 97 89 48 55 80 40 73 100 1 1
14 52 42 90 80 29 19 67 57 49 50 62 94 9 33 59 88 13 44 85 79 2
