4 15
127 179 142 152 
0 32 70 17 88 93 7 70 25 33 75 50 43 39 5 34 91 94 13 21 86 4
1 5 38 21 81 30 15 46 58 68 79 73 17 34 98 49 61 100 13 41 86 2
2 58 96 59 67 67 37 68 8 76 25 30 67 80 12 23 46 8 55 35 13 1
3 82 17 59 64 35 18 20 65 99 52 7 28 13 18 33 76 98 5 85 31 4
4 64 18 32 69 9 11 77 62 26 6 3 71 49 25 75 97 76 41 3 5 3
5 79 4 88 58 96 5 5 59 78 5 75 82 77 16 29 70 49 87 91 17 4
6 48 39 96 74 53 100 1 27 96 94 50 19 55 74 69 48 91 22 72 77 4
7 22 62 62 100 95 39 35 77 46 63 10 86 56 59 94 28 50 18 4 11 4
8 49 59 9 26 62 100 14 67 34 7 91 78 39 42 99 67 37 11 44 77 4
9 65 40 33 95 94 41 62 96 85 56 12 22 79 3 19 75 94 79 80 70 2
10 1 66 86 12 78 51 63 97 29 40 38 22 74 41 36 60 84 43 44 90 2
11 93 49 66 60 30 70 3 81 78 59 16 79 90 74 82 61 96 80 9 31 3
12 41 66 2 9 62 59 23 2 2 34 41 28 8 5 81 35 42 65 63 17 2
13 56 2 97 49 45 87 86 34 31 84 44 40 88 69 40 67 17 77 67 53 4
14 89 11 62 45 34 72 7 6 89 9 1 9 58 18 37 93 65 7 60 55 2
