4 15
133 185 131 181 
0 88 78 106 96 25 15 43 33 9 63 71 70 97 52 71 61 2 8 76 48 3
1 22 12 99 89 75 65 60 50 4 3 17 19 48 88 81 7 89 83 79 21 3
2 44 34 79 69 13 3 56 46 29 84 60 94 8 31 21 76 42 59 70 25 2
3 43 33 51 41 68 58 76 66 96 12 56 21 10 72 19 51 23 34 8 89 1
4 58 48 29 19 99 89 70 60 86 26 86 68 8 87 20 43 89 75 3 85 2
5 76 66 85 75 85 75 94 84 6 9 97 74 87 10 64 83 24 55 13 3 1
6 23 13 78 68 24 14 79 69 99 85 76 95 36 89 52 74 77 47 28 54 2
7 52 42 37 27 13 3 90 80 61 91 76 18 53 47 40 52 23 93 32 76 2
8 12 2 63 53 105 95 56 46 51 42 48 76 30 1 87 13 42 66 29 69 1
9 78 68 46 36 23 13 91 81 98 64 7 93 14 93 95 97 29 89 49 81 2
10 22 12 76 66 23 13 77 67 28 24 69 88 84 89 11 67 41 55 8 8 4
11 69 59 78 68 86 76 87 77 50 79 24 92 54 36 64 99 47 54 91 87 1
12 57 47 84 74 110 100 37 27 66 7 7 79 47 96 53 71 22 75 1 56 2
13 106 96 62 52 11 1 59 49 78 3 18 61 68 57 46 42 72 51 34 16 4
14 68 58 106 96 45 35 83 73 85 40 44 33 87 16 20 13 66 39 61 18 1
