4 15
374 342 466 430 
0 100 58 77 76 53 95 38 13 16 56 59 15 61 13 97 98 8 4 19 65 4
1 89 70 97 5 14 47 22 82 95 58 24 55 68 37 91 45 54 68 73 6 3
2 58 36 67 7 67 85 76 56 4 100 21 12 85 21 26 83 64 73 73 52 1
3 66 17 51 64 27 18 4 65 24 39 33 47 56 70 5 11 63 78 57 75 2
4 96 30 64 73 33 23 9 74 4 16 46 87 67 99 52 68 31 29 82 48 3
5 15 36 24 90 32 37 41 91 90 18 89 14 2 94 22 73 65 64 12 66 2
6 88 27 44 54 93 80 41 7 56 72 58 96 95 36 3 90 54 48 2 78 3
7 6 42 38 88 79 27 19 65 17 85 83 87 11 28 100 47 54 28 44 67 2
8 81 55 41 22 94 96 46 63 72 98 41 77 48 48 33 24 52 90 2 61 2
9 85 88 53 43 14 89 82 44 12 77 76 58 69 18 73 22 36 15 75 58 2
10 41 14 34 52 18 99 11 37 84 44 83 53 83 30 31 19 85 7 78 28 4
11 13 37 78 48 50 58 23 69 42 90 40 18 89 98 38 61 29 71 97 100 3
12 21 82 82 33 42 75 3 18 17 93 91 6 1 34 43 38 63 76 70 24 2
13 96 74 37 13 77 59 18 98 37 68 29 78 47 89 59 94 73 27 47 33 2
14 81 83 46 17 18 44 91 78 70 71 96 47 85 7 21 98 41 53 28 66 1
