4 15
407 371 391 359 
0 86 84 63 2 39 21 24 39 38 96 52 33 70 70 65 62 3 65 90 53 2
1 39 16 47 51 64 93 72 28 12 70 26 98 90 40 69 62 83 40 39 14 2
2 48 54 49 25 49 95 58 66 58 59 2 100 44 65 58 26 21 57 95 58 3
3 52 15 29 70 13 16 90 63 13 27 49 56 90 91 45 64 20 66 50 50 3
4 6 36 82 79 51 29 19 80 43 33 72 58 65 27 90 51 32 22 45 28 3
5 89 34 98 80 6 35 7 89 18 37 14 6 47 53 35 22 76 87 49 73 2
6 86 21 42 48 91 74 39 1 20 71 3 49 28 90 49 62 17 14 8 35 1
7 60 88 92 26 33 65 65 3 55 73 56 13 87 36 5 93 58 54 96 57 4
8 63 81 15 48 76 22 28 89 47 75 3 87 100 94 4 41 57 19 57 24 1
9 27 86 87 41 56 87 16 42 23 37 97 87 61 46 96 78 14 48 90 79 1
10 87 44 80 82 64 29 57 67 31 26 44 20 93 15 53 94 27 79 6 21 3
11 39 3 4 6 76 16 41 27 82 38 65 41 42 4 7 62 89 31 45 11 2
12 87 96 48 47 8 89 69 40 8 95 23 32 41 100 89 71 66 96 53 5 4
13 26 96 67 43 7 89 48 28 61 59 49 96 48 41 62 67 30 54 18 6 2
14 99 61 64 95 36 22 9 56 10 1 33 86 57 57 81 56 80 3 92 50 3
