4 15
189 141 160 132 
0 94 94 13 12 24 31 56 49 20 86 59 28 12 48 51 84 74 73 98 44 2
1 87 94 34 37 73 71 7 14 80 68 84 19 67 40 77 5 15 1 64 26 4
2 57 56 34 27 88 97 73 68 34 72 10 91 43 17 43 45 98 88 27 10 1
3 23 13 61 68 10 14 77 69 53 18 17 9 68 72 40 75 86 22 33 8 2
4 29 22 83 73 21 15 67 66 10 17 60 7 32 14 67 12 94 61 49 95 4
5 74 72 29 26 68 73 23 27 21 25 40 22 81 75 33 24 29 61 54 32 1
6 28 35 70 62 78 88 20 15 4 41 20 70 89 67 15 83 87 45 85 97 2
7 55 46 93 84 25 23 63 61 25 78 19 89 84 45 64 33 83 32 81 5 3
8 98 99 83 74 39 40 3 7 25 56 99 31 88 76 55 99 87 16 23 3 2
9 58 48 101 95 44 49 87 96 65 91 64 38 57 67 65 36 1 73 2 68 2
10 96 94 32 40 73 79 30 25 98 62 49 61 36 31 6 38 84 94 74 17 2
11 14 17 12 20 24 30 38 41 9 41 68 60 7 97 31 14 88 37 27 80 4
12 64 70 21 21 68 63 4 14 44 27 91 99 97 92 45 8 32 15 66 59 1
13 89 86 39 33 66 71 16 18 53 31 8 15 5 59 43 47 58 24 87 43 3
14 102 99 40 33 70 60 100 94 69 92 24 38 63 42 28 13 69 84 47 92 2
