4 15
160 125 175 160 
0 43 50 75 68 86 87 1 5 94 79 4 57 22 62 56 55 67 86 96 73 4
1 93 86 11 21 66 63 105 98 73 42 75 76 14 77 37 2 56 66 36 46 1
2 36 32 1 3 83 81 47 52 89 58 30 81 95 47 54 8 22 41 25 16 4
3 26 17 64 64 21 18 72 65 73 23 72 63 65 46 48 34 51 42 5 81 3
4 75 66 21 17 67 67 13 10 18 96 23 38 79 65 43 51 62 32 44 33 3
5 61 60 8 6 63 61 10 7 3 24 20 77 30 81 6 6 81 100 72 92 2
6 97 91 18 18 47 44 68 71 93 16 53 47 37 18 89 74 75 70 67 88 2
7 1 6 37 44 77 83 28 21 30 70 31 7 67 95 38 19 50 94 68 88 4
8 61 55 17 22 94 88 66 63 18 48 75 75 78 44 81 13 91 76 91 88 2
9 13 20 77 75 20 21 84 76 15 20 40 66 12 63 40 53 17 92 63 78 2
10 75 74 24 20 52 59 1 5 100 65 19 56 68 84 77 8 71 59 1 25 3
11 61 65 75 76 79 86 93 97 56 37 60 17 95 97 95 96 72 83 66 12 4
12 58 62 7 5 62 55 90 98 30 26 17 45 75 44 50 49 31 28 6 37 1
13 50 50 87 97 27 35 77 82 12 50 91 43 90 8 23 48 17 96 99 93 3
14 76 67 85 93 36 28 45 54 83 68 39 40 27 38 73 91 67 76 30 89 2
