4 15
293 453 427 345 
0 13 16 32 34 43 53 75 71 67 11 40 83 44 16 32 34 66 85 3 83 1
1 59 56 98 91 24 25 71 68 70 46 64 78 40 87 46 6 82 13 17 76 2
2 20 18 84 89 59 59 23 30 7 91 26 82 24 43 49 25 82 27 4 29 1
3 11 19 70 66 27 20 57 67 42 27 10 19 55 86 1 37 38 16 87 39 1
4 89 96 56 47 102 97 56 48 3 12 13 75 68 41 43 64 17 42 68 88 4
5 70 78 38 32 85 79 40 33 47 85 44 19 97 62 82 22 77 36 71 20 3
6 54 53 75 80 1 6 25 33 97 72 5 21 17 4 15 94 15 63 87 98 2
7 12 16 50 54 103 93 41 31 33 5 85 20 48 1 36 53 38 95 36 24 2
8 31 29 95 96 72 62 36 37 31 92 57 61 57 43 32 59 27 52 67 50 3
9 45 54 9 9 60 63 16 10 14 4 92 28 27 39 82 50 42 50 35 71 1
10 8 12 57 50 106 97 34 35 29 22 3 6 61 82 51 81 76 11 71 25 2
11 43 35 49 46 61 56 67 67 69 91 48 21 38 21 17 26 81 93 83 94 1
12 38 28 66 71 21 21 70 64 32 97 90 60 72 45 98 27 58 68 62 49 2
13 1 4 40 43 96 89 46 36 10 91 16 54 90 51 79 27 46 48 77 36 3
14 73 73 103 99 41 34 50 60 19 45 79 92 16 18 69 70 10 86 71 55 3
