4 15
341 513 279 393 
0 42 80 19 98 95 17 72 35 54 2 36 99 66 88 71 3 81 26 91 57 4
1 31 24 39 59 56 1 64 36 19 81 47 93 26 57 52 34 77 20 91 23 4
2 12 98 13 69 21 39 22 18 97 26 13 56 94 95 8 58 14 6 44 57 4
3 16 15 93 70 77 16 54 63 83 10 5 23 27 77 31 2 2 87 97 11 2
4 50 4 26 55 95 97 63 48 80 73 91 63 49 76 61 26 99 39 23 7 3
5 1 42 10 96 18 43 19 97 33 87 43 71 55 81 72 51 95 70 74 26 1
6 2 53 50 80 7 6 55 33 61 18 12 32 97 5 48 15 35 56 58 96 1
7 52 20 84 58 25 97 65 35 16 87 16 73 85 24 2 35 82 26 18 73 1
8 43 77 95 52 48 18 8 85 34 82 88 92 37 78 1 2 100 6 43 33 2
9 67 2 27 57 96 3 56 58 22 100 9 73 46 12 27 97 32 39 69 4 2
10 3 24 96 62 80 9 73 47 55 54 10 26 96 77 52 68 34 45 94 47 2
11 43 63 8 74 80 84 45 95 43 72 42 13 89 3 32 71 19 53 65 37 4
12 47 40 8 83 68 33 29 76 89 20 20 21 96 48 61 78 29 75 70 32 2
13 6 92 47 31 87 77 28 16 53 3 29 16 19 26 74 60 82 84 9 80 1
14 27 49 100 83 64 18 37 44 9 82 2 44 81 74 27 20 7 46 47 2 4
