4 15
282 396 367 402 
0 80 70 98 88 17 7 35 25 67 89 36 63 88 81 27 3 50 3 11 24 4
1 34 24 11 1 87 77 64 54 69 100 26 29 24 69 56 12 93 68 54 81 1
2 60 50 95 85 37 27 72 62 60 43 20 86 66 89 4 71 83 33 5 31 1
3 27 17 43 33 52 42 68 58 86 66 86 60 66 57 78 74 37 35 33 16 1
4 54 44 25 15 95 85 66 56 3 68 61 48 37 84 10 38 94 34 99 40 3
5 12 2 21 11 21 11 30 20 75 52 15 7 23 30 8 32 66 29 96 41 2
6 31 21 78 68 24 14 79 69 85 37 58 58 92 97 44 57 66 78 41 50 2
7 80 70 57 47 41 31 18 8 43 69 74 60 38 22 52 51 51 86 31 63 4
8 56 46 99 89 49 39 100 90 48 68 37 4 55 33 77 34 100 68 51 52 4
9 66 56 34 24 103 93 79 69 72 28 59 13 58 46 67 24 44 23 60 55 4
10 46 36 92 82 47 37 93 83 35 95 100 42 20 85 45 50 98 16 62 65 4
11 93 83 102 92 110 100 19 9 70 15 51 74 1 8 46 58 9 39 81 19 3
12 13 3 40 30 66 56 101 91 95 74 93 95 86 26 39 13 31 71 13 75 4
13 38 28 86 76 35 25 91 81 66 60 10 83 97 91 21 90 4 54 99 8 2
14 24 14 62 52 101 91 39 29 3 14 30 91 45 27 57 52 93 69 85 58 2
