4 15
152 116 144 171 
0 30 88 7 6 91 25 68 43 71 1 77 75 92 74 4 43 54 4 74 91 1
1 47 8 55 43 72 85 80 20 92 29 16 72 83 10 1 3 97 2 40 79 2
2 76 2 77 73 85 43 86 22 44 59 9 35 29 97 65 76 1 49 95 36 4
3 88 15 73 70 49 16 26 63 16 56 56 88 59 67 41 22 25 81 66 8 1
4 62 68 38 11 7 61 75 12 27 79 99 94 30 71 98 96 73 84 11 13 2
5 77 26 86 72 94 27 95 73 85 16 46 27 99 46 61 79 99 55 64 20 2
6 78 97 26 24 75 50 23 77 92 84 12 60 92 64 15 88 96 69 71 28 4
7 60 64 100 2 33 41 73 79 94 36 2 22 4 77 3 6 80 85 26 52 3
8 83 85 43 52 96 18 48 93 31 70 6 95 73 5 20 73 4 29 33 69 3
9 87 70 47 25 16 71 84 26 72 5 82 74 49 12 46 53 20 94 12 82 4
10 79 64 64 2 56 49 41 87 18 76 34 32 75 55 2 8 63 6 15 8 3
11 27 35 100 46 72 56 37 67 94 67 63 58 98 89 7 9 17 48 68 99 3
12 19 60 80 3 40 53 1 96 61 62 73 19 85 17 4 73 92 78 16 93 4
13 46 8 87 55 27 93 76 40 69 29 28 15 72 75 56 65 66 14 96 58 4
14 71 73 36 99 8 34 81 60 77 7 59 81 17 56 80 14 13 21 31 21 2
