4 20
184 212 215 221 
0 26 80 3 98 87 17 64 35 23 71 41 79 49 65 3 76 40 4 41 26 3
1 43 28 51 71 68 5 76 40 17 14 42 91 37 64 100 25 25 5 82 11 2
2 56 46 65 17 65 95 74 66 79 30 25 69 19 41 34 85 30 83 47 82 4
3 12 19 89 66 65 20 50 67 81 54 4 76 77 50 91 89 10 45 41 94 4
4 42 32 10 75 79 25 55 76 87 50 40 88 38 97 24 90 29 95 49 82 4
5 5 74 14 28 22 75 23 29 38 44 21 49 39 82 94 40 48 39 34 63 1
6 82 17 30 44 79 70 35 97 2 81 95 5 12 20 55 71 72 22 18 98 2
7 80 72 12 10 53 49 93 87 43 92 83 94 79 53 26 73 89 27 25 10 4
8 7 17 67 84 20 58 72 25 62 94 36 75 28 99 76 80 32 57 20 50 4
9 55 98 15 53 84 99 44 54 6 9 43 100 65 98 5 32 26 65 98 41 2
10 79 40 72 86 56 25 49 71 97 31 13 34 95 98 50 34 2 57 1 34 2
11 55 7 28 18 92 28 65 39 89 48 26 98 86 35 89 86 26 35 58 67 3
12 67 84 28 27 88 77 49 20 83 78 8 61 54 5 14 71 63 45 40 13 2
13 90 12 31 51 71 97 20 44 7 58 61 53 81 82 95 61 51 78 84 53 1
14 35 81 8 15 80 42 53 76 62 96 62 2 68 71 57 36 93 24 30 2 1
15 40 25 85 47 37 70 82 84 1 86 57 98 68 9 85 82 84 5 21 87 3
16 62 85 7 72 59 58 4 37 22 39 38 32 24 20 33 36 6 67 42 56 1
17 98 56 35 51 71 37 8 32 68 33 81 51 18 50 56 61 78 16 21 80 1
18 55 33 91 56 28 70 64 93 50 95 74 55 92 30 96 88 9 77 29 99 1
19 94 18 82 93 79 59 67 34 85 100 82 53 43 94 79 92 41 26 93 48 3
