4 20
213 194 199 284 
0 28 18 46 36 65 55 83 73 55 18 30 35 16 28 24 36 33 36 68 65 1
1 46 36 23 13 99 89 84 74 16 67 79 13 11 51 77 36 74 43 51 12 4
2 64 54 107 97 41 31 84 74 96 55 97 8 83 22 92 38 23 37 56 55 4
3 39 29 47 37 64 54 72 62 28 46 63 10 4 20 41 61 34 68 36 38 1
4 74 64 45 35 23 13 94 84 87 93 25 57 40 5 46 4 1 60 100 66 1
5 100 90 101 91 101 91 110 100 29 51 1 48 48 70 90 3 67 55 17 88 1
6 31 21 78 68 32 22 79 69 93 90 23 89 60 27 33 71 22 52 100 43 3
7 104 94 81 71 65 55 42 32 68 32 42 71 42 52 87 14 48 72 56 36 1
8 64 54 15 5 57 47 108 98 8 53 100 85 17 88 82 12 9 5 12 10 3
9 22 12 98 88 67 57 35 25 15 2 9 2 44 38 94 97 72 1 76 78 1
10 82 72 28 18 83 73 29 19 66 57 78 73 78 54 100 20 8 94 63 45 4
11 57 47 58 48 66 56 75 65 95 24 96 100 90 16 32 48 43 10 58 95 4
12 97 87 24 14 50 40 77 67 73 20 51 51 50 98 6 91 80 73 46 3 2
13 22 12 70 60 19 9 75 65 22 99 96 24 11 54 80 32 40 27 14 90 3
14 92 82 30 20 69 59 107 97 84 85 40 44 68 45 13 29 96 64 25 41 4
15 88 78 20 10 61 51 93 83 9 14 42 48 15 44 65 71 98 30 79 57 3
16 89 79 64 54 30 20 97 87 61 6 31 17 56 3 84 55 69 69 82 8 4
17 39 29 91 81 44 34 104 94 83 26 14 43 26 44 57 42 34 11 54 16 2
18 54 44 109 99 55 45 110 100 24 85 18 47 10 12 4 23 45 98 10 27 3
19 75 65 35 25 104 94 64 54 75 51 20 34 64 55 65 68 93 8 11 54 1
