4 20
230 174 182 170 
0 84 58 61 76 45 95 22 13 60 32 17 60 26 91 55 88 36 70 67 14 2
1 1 74 9 9 18 51 34 86 60 28 75 64 69 13 17 55 41 28 85 8 2
2 10 84 11 63 19 33 20 4 79 79 49 95 87 14 95 35 92 45 96 47 3
3 62 21 39 68 23 14 100 69 86 8 93 56 5 100 11 80 98 44 49 97 2
4 80 50 56 1 25 51 93 94 86 89 21 24 15 23 83 76 27 26 48 80 1
5 19 68 28 14 36 69 45 15 98 92 95 32 98 43 17 94 39 84 24 32 3
6 68 91 16 18 73 44 21 71 82 85 60 80 75 45 1 55 83 84 91 85 2
7 34 2 66 40 7 79 47 17 35 12 42 64 12 81 60 12 89 89 40 96 4
8 53 95 5 62 58 28 18 3 13 85 10 11 41 34 29 49 10 6 30 36 4
9 73 84 33 39 2 93 70 40 99 49 69 42 32 85 91 72 72 23 28 19 2
10 17 30 10 76 94 15 87 61 75 60 53 26 91 10 84 26 59 11 98 85 1
11 25 89 98 100 70 10 35 21 92 71 32 68 6 79 19 42 65 24 77 21 3
12 41 26 2 77 62 19 23 70 66 1 10 81 100 17 11 88 100 31 21 68 2
13 80 94 21 33 61 79 10 26 67 87 69 94 7 21 2 50 31 78 16 17 2
14 89 15 62 41 34 76 7 10 11 72 57 45 30 35 99 32 7 26 42 64 4
15 42 79 95 1 39 24 92 46 32 69 48 67 61 33 77 1 100 57 25 39 1
16 80 63 33 50 77 36 30 23 78 51 85 61 92 7 16 1 6 89 60 82 2
17 68 38 5 33 41 27 78 22 37 37 96 6 7 70 98 60 17 73 1 21 1
18 17 3 53 18 90 40 26 63 78 1 32 38 69 11 38 41 66 20 6 50 3
19 84 88 72 55 69 29 57 96 39 100 32 71 63 94 47 31 37 56 80 78 2
