4 20
231 255 200 169 
0 69 60 88 78 99 97 10 15 35 89 26 37 60 76 92 61 57 90 37 3 2
1 65 68 20 11 38 45 93 88 27 67 22 59 96 68 33 37 92 49 77 87 1
2 85 90 62 61 24 31 1 2 80 25 91 46 5 38 22 32 25 45 12 92 2
3 24 19 62 66 19 20 70 67 79 46 21 62 4 91 14 17 18 77 71 14 1
4 78 80 32 31 70 73 16 24 67 57 17 23 76 11 62 92 86 24 99 98 3
5 29 30 76 76 31 31 78 77 76 76 72 92 16 6 37 29 92 15 13 71 3
6 59 61 80 88 22 14 43 41 98 100 54 36 79 2 27 71 86 33 18 70 3
7 15 8 53 46 85 85 31 31 90 25 72 31 43 88 95 14 62 74 12 63 2
8 18 13 74 80 51 46 23 21 58 65 17 51 82 31 57 45 36 76 67 65 1
9 81 78 32 33 88 79 39 34 54 27 82 35 37 31 100 5 48 74 57 19 1
10 48 48 84 94 25 33 82 79 11 14 22 49 26 90 84 48 8 28 98 55 1
11 41 31 34 42 59 52 73 63 37 40 88 77 84 37 40 33 97 82 46 83 3
12 79 80 36 31 83 73 19 24 58 71 64 96 81 93 84 6 80 68 43 94 4
13 59 60 101 99 36 45 86 92 100 2 62 33 94 97 60 71 48 11 19 16 1
14 32 37 62 63 100 98 22 24 72 68 18 76 16 24 77 85 91 25 94 15 1
15 61 57 85 79 9 2 17 16 89 96 45 86 7 39 62 21 19 74 8 27 2
16 60 69 66 56 36 42 21 29 12 45 44 91 94 69 6 48 89 44 93 96 2
17 92 88 84 83 74 77 79 72 65 34 20 44 25 63 43 94 3 65 18 7 4
18 76 85 97 100 26 22 55 45 88 44 85 31 75 44 4 51 47 28 45 73 4
19 102 94 62 61 43 35 3 2 56 49 63 61 61 32 91 2 3 92 18 81 2
