4 20
444 617 420 485 
0 68 2 45 20 21 39 6 57 11 86 71 29 46 54 42 28 75 56 81 89 3
1 85 82 1 25 10 59 26 2 88 28 18 14 25 77 93 60 66 33 9 13 4
2 10 8 11 79 19 49 20 28 51 93 9 27 20 3 21 73 84 22 2 9 4
3 54 17 39 72 15 18 92 65 9 83 72 83 28 85 20 35 88 34 30 76 4
4 96 6 72 57 41 7 9 50 36 82 54 74 54 54 46 86 65 81 45 40 2
5 91 80 100 34 100 81 9 35 81 39 41 46 86 4 77 90 40 13 76 85 3
6 88 35 44 62 93 88 41 15 77 75 64 8 10 82 46 49 27 86 99 23 1
7 26 42 58 80 99 19 31 57 14 78 79 97 50 74 77 90 57 8 48 41 4
8 69 39 21 14 82 80 34 47 5 31 11 10 67 70 56 56 49 19 6 14 3
9 29 12 97 59 58 13 26 68 42 75 49 58 99 7 6 39 50 85 12 93 3
10 41 50 34 96 18 35 3 81 9 85 34 27 27 52 2 80 78 94 19 26 3
11 85 33 58 44 22 54 95 65 79 72 13 33 40 28 76 25 89 83 52 86 4
12 85 42 46 85 6 27 67 78 96 74 57 61 18 100 42 97 61 95 25 87 2
13 100 30 41 69 81 15 30 54 56 83 40 63 53 27 77 68 48 56 58 16 2
14 89 47 54 81 26 8 99 42 27 18 73 99 78 80 16 65 33 83 91 12 2
15 30 71 83 93 27 16 80 30 33 51 63 5 76 18 32 93 22 75 55 87 1
16 36 99 81 86 33 72 78 59 73 27 37 8 35 79 24 39 70 59 41 38 4
17 36 74 73 61 9 55 46 50 88 40 14 42 31 80 50 67 12 33 100 37 1
18 1 63 37 86 74 8 10 23 18 45 96 15 93 99 6 74 67 73 70 42 3
19 4 56 100 31 89 97 85 64 80 38 70 84 50 97 7 80 58 86 54 5 2
