4 20
213 199 185 171 
0 96 86 1 4 26 23 37 41 99 12 56 31 24 52 13 42 40 1 21 7 1
1 14 22 53 57 108 99 26 34 84 83 3 14 71 45 32 81 70 17 26 50 4
2 99 100 76 71 38 41 23 20 65 20 35 32 71 50 73 64 82 65 52 17 2
3 21 17 80 72 16 18 75 73 11 48 46 68 54 65 37 96 14 28 60 73 4
4 94 86 40 37 86 87 32 30 35 32 40 4 87 66 54 44 49 86 81 29 2
5 33 28 80 74 35 29 74 75 52 84 18 70 58 67 9 9 6 39 2 46 2
6 59 55 88 82 9 8 30 35 27 14 19 72 47 97 21 41 34 52 29 83 4
7 54 54 84 92 24 31 62 69 4 51 60 87 7 79 32 69 100 54 88 51 2
8 36 39 13 6 69 72 41 47 96 74 92 1 73 60 49 79 67 27 99 68 1
9 67 76 23 23 74 77 38 32 56 8 21 39 83 44 39 96 24 79 76 75 4
10 73 78 30 24 71 63 7 9 40 6 84 85 65 20 14 60 17 25 28 96 2
11 84 89 90 100 2 10 16 21 47 42 66 88 30 42 54 44 97 83 96 21 4
12 92 94 49 45 96 87 32 38 49 6 37 32 61 12 75 16 12 84 12 25 3
13 92 90 34 29 69 75 11 14 84 16 84 33 81 18 8 4 59 53 39 84 2
14 25 15 34 41 72 76 1 2 81 50 67 49 36 4 22 57 54 25 76 64 3
15 68 75 105 97 29 20 32 42 20 1 51 14 5 13 70 65 62 5 14 65 2
16 37 31 9 18 13 4 98 91 90 79 64 32 29 60 27 86 2 50 66 93 2
17 15 18 7 13 1 7 102 94 8 82 14 29 15 66 60 69 22 32 71 33 1
18 10 3 18 26 47 48 68 63 67 30 87 59 67 90 60 18 100 83 97 83 3
19 20 12 88 87 61 53 29 28 10 85 46 18 58 24 78 56 47 50 27 59 4
