4 20
530 537 506 463 
0 38 72 15 90 91 9 76 27 84 73 83 3 23 13 88 68 87 90 60 45 3
1 27 44 43 87 52 21 60 64 61 92 69 83 73 22 93 13 8 61 79 57 1
2 92 42 1 13 1 91 10 62 52 18 34 6 39 35 21 31 86 95 56 90 2
3 32 19 17 66 93 20 70 67 42 71 3 47 42 41 88 35 10 12 19 10 3
4 30 68 98 19 67 69 43 12 90 71 18 59 95 88 95 79 45 62 91 77 4
5 29 98 38 44 46 99 47 45 64 12 71 92 17 98 49 62 71 91 59 91 3
6 6 73 62 100 11 26 59 53 50 53 41 89 9 10 18 94 37 84 97 23 1
7 64 28 4 66 37 5 77 43 70 73 63 90 93 43 48 36 45 71 23 2 3
8 67 17 19 84 72 50 32 25 98 29 97 64 91 73 69 21 16 46 46 50 3
9 27 30 95 85 56 31 24 86 77 15 56 65 85 31 33 30 52 40 33 81 3
10 11 8 96 46 88 93 73 31 17 98 81 81 87 5 81 69 71 16 74 93 4
11 71 35 36 46 8 56 73 67 99 10 72 45 21 77 67 13 83 12 34 71 2
12 87 64 48 7 8 57 69 100 67 13 90 19 27 67 26 34 65 68 81 26 2
13 50 88 91 35 31 73 72 20 52 55 12 53 25 8 11 21 99 58 92 96 3
14 99 65 64 91 36 26 9 52 54 96 34 45 83 2 73 15 29 19 53 86 3
15 24 81 69 3 21 18 74 40 71 11 46 32 27 70 17 63 42 47 95 96 4
16 98 97 43 84 95 70 40 57 93 61 50 81 67 78 39 81 88 38 31 44 1
17 58 32 95 19 31 13 68 8 33 82 22 43 57 22 75 28 23 12 53 19 1
18 31 49 67 72 4 94 40 9 47 79 2 85 72 12 72 48 95 14 98 64 3
19 54 50 50 17 39 91 35 58 95 7 16 58 36 49 87 80 24 15 90 96 2
