4 20
573 529 499 505 
0 16 6 34 24 53 43 71 61 4 84 12 93 28 100 45 20 32 12 42 20 1
1 106 96 91 81 67 57 44 34 23 1 66 99 45 80 90 34 57 53 8 60 2
2 96 86 31 21 65 55 108 98 68 29 5 53 27 27 32 79 39 31 30 32 4
3 15 5 23 13 40 30 48 38 27 13 99 87 65 52 51 50 58 35 43 6 4
4 22 12 93 83 63 53 34 24 46 77 73 85 2 75 87 72 10 40 13 66 3
5 100 90 101 91 109 99 110 100 81 7 56 60 63 78 25 21 73 16 44 3 2
6 31 21 78 68 32 22 79 69 43 77 38 93 28 75 25 46 28 13 100 63 3
7 96 86 73 63 57 47 34 24 5 17 26 2 30 29 4 98 84 55 32 27 4
8 76 66 19 9 69 59 20 10 13 66 96 27 9 94 12 78 19 46 51 5 2
9 54 44 22 12 99 89 67 57 56 51 19 70 84 19 80 4 23 63 40 63 3
10 14 4 60 50 15 5 61 51 55 54 54 64 28 46 84 48 42 35 51 56 4
11 93 83 102 92 102 92 11 1 66 29 55 15 26 90 15 89 27 6 55 63 4
12 85 75 12 2 38 28 65 55 83 48 83 94 30 68 23 72 5 18 85 93 1
13 62 52 110 100 67 57 15 5 87 74 47 72 68 85 13 23 54 49 71 87 1
14 72 62 110 100 57 47 95 85 38 71 75 23 53 38 71 9 77 6 10 51 1
15 64 54 104 94 45 35 77 67 10 4 82 97 12 1 80 85 97 23 25 46 3
16 85 75 60 50 26 16 93 83 65 46 10 26 56 28 5 61 43 25 89 46 4
17 71 61 23 13 76 66 36 26 3 2 26 1 57 9 32 64 40 88 95 29 1
18 102 92 57 47 103 93 58 48 28 66 92 81 83 17 68 27 18 66 41 79 4
19 87 77 55 45 16 6 84 74 75 74 94 26 5 52 38 59 73 70 55 70 4
