4 20
187 211 215 183 
0 102 92 20 10 39 29 57 47 70 84 29 40 1 87 80 16 34 28 33 76 3
1 60 50 37 27 13 3 98 88 69 51 29 8 14 16 97 94 96 19 100 30 1
2 18 8 61 51 95 85 30 20 97 86 8 77 56 92 76 87 82 50 61 12 4
3 81 71 97 87 106 96 22 12 42 4 44 84 58 10 15 23 56 72 56 8 1
4 64 54 35 25 105 95 76 66 15 100 68 42 7 93 10 69 72 16 59 66 2
5 110 100 19 9 19 9 28 18 33 83 6 4 23 57 64 7 90 28 80 86 2
6 33 23 80 70 26 16 81 71 78 71 69 48 97 49 40 5 8 98 43 46 3
7 18 8 103 93 79 69 56 46 76 100 17 62 43 17 12 99 87 24 13 68 1
8 58 48 101 91 51 41 102 92 63 18 93 80 5 99 78 14 97 48 21 20 1
9 12 2 80 70 49 39 25 15 86 40 33 14 12 66 100 28 72 86 77 71 1
10 84 74 30 20 85 75 39 29 34 61 68 40 52 66 82 7 39 55 57 55 4
11 83 73 92 82 92 82 101 91 62 29 70 27 11 80 67 55 32 30 75 54 4
12 103 93 30 20 56 46 83 73 43 25 56 94 87 87 62 83 70 60 76 67 2
13 24 14 72 62 29 19 77 67 2 18 59 85 23 96 96 97 93 71 47 74 2
14 46 36 84 74 23 13 61 51 98 32 10 46 16 2 51 6 13 31 14 32 1
15 34 24 66 56 107 97 47 37 17 64 93 39 19 77 22 21 71 48 93 64 2
16 63 53 38 28 104 94 71 61 74 41 15 47 66 73 12 60 75 33 90 6 1
17 57 47 109 99 70 60 22 12 95 17 66 95 80 15 71 23 25 30 65 71 2
18 56 46 11 1 65 55 12 2 63 31 35 64 11 71 9 100 39 50 13 43 1
19 33 23 93 83 62 52 30 20 56 68 27 62 24 83 57 52 18 21 50 20 1
