4 20
164 211 231 198 
0 50 40 68 58 87 77 105 95 66 44 44 12 26 18 97 55 96 88 15 91 4
1 88 78 65 55 41 31 26 16 92 85 11 37 77 3 61 67 28 78 30 46 3
2 26 16 61 51 103 93 38 28 7 70 48 98 39 46 2 32 57 34 25 54 4
3 81 71 89 79 106 96 14 4 58 98 37 28 48 99 80 95 17 22 29 41 1
4 36 26 107 97 77 67 56 46 54 64 17 7 45 6 58 57 84 4 97 38 4
5 46 36 55 45 55 45 64 54 54 83 75 2 10 18 79 75 51 94 100 13 4
6 29 19 84 74 30 20 77 67 65 27 2 79 97 94 10 11 97 58 5 97 4
7 54 44 31 21 107 97 92 82 91 29 29 82 37 13 36 92 28 85 59 68 1
8 38 28 89 79 39 29 82 72 35 67 10 66 5 18 51 85 72 2 87 94 1
9 84 74 52 42 21 11 97 87 65 26 83 16 82 87 69 95 84 56 91 36 3
10 88 78 42 32 89 79 43 33 5 43 26 43 45 13 21 43 39 55 31 2 4
11 35 25 44 34 52 42 61 51 100 34 10 12 33 41 16 4 5 45 8 31 3
12 15 5 42 32 68 58 95 85 10 92 31 66 30 79 44 57 88 42 42 8 2
13 28 18 84 74 33 23 81 71 10 2 28 12 9 26 52 88 83 95 15 36 3
14 62 52 100 90 39 29 77 67 98 7 43 62 67 22 69 45 39 88 70 84 4
15 34 24 66 56 107 97 39 29 14 61 78 67 68 31 4 24 65 25 63 35 1
16 19 9 86 76 52 42 19 9 88 25 4 36 46 27 54 85 75 37 72 39 3
17 93 83 53 43 106 96 58 48 89 67 33 30 80 63 2 72 18 85 8 97 2
18 68 58 23 13 69 59 24 14 17 54 99 42 45 67 29 74 2 4 62 36 3
19 49 39 17 7 78 68 46 36 78 70 76 11 61 100 53 43 48 97 69 78 3
