4 20
632 447 358 473 
0 24 98 1 16 77 35 62 53 91 61 8 70 6 47 39 17 58 10 100 62 1
1 77 90 93 33 2 67 18 10 42 31 91 65 25 79 78 23 60 49 36 8 1
2 74 60 83 31 83 1 92 72 4 3 79 42 33 66 40 59 3 11 30 45 3
3 18 17 3 72 79 18 56 65 93 52 30 69 72 97 35 12 66 35 79 68 4
4 40 74 8 25 85 75 53 26 89 54 31 52 41 17 54 62 81 18 45 93 3
5 3 96 12 42 12 97 21 43 80 87 66 87 91 69 12 80 82 67 43 81 4
6 4 67 52 94 9 20 57 47 72 62 88 61 59 44 13 18 43 94 70 81 2
7 18 66 58 4 91 51 31 89 72 9 10 49 14 90 73 99 5 39 91 54 4
8 49 43 1 10 54 76 6 43 100 60 72 45 30 36 98 69 62 33 69 75 3
9 69 28 37 75 98 29 66 84 49 49 83 52 17 82 4 79 71 48 8 100 1
10 57 38 42 76 34 23 19 61 60 91 95 8 87 87 75 69 88 41 69 52 1
11 89 93 62 4 26 14 99 25 67 32 26 55 51 11 84 46 62 55 18 87 4
12 45 78 6 21 66 71 27 14 9 36 28 85 44 96 95 86 73 14 28 68 3
13 80 18 21 65 61 3 2 50 88 80 31 2 12 67 49 72 84 58 62 98 2
14 17 43 82 69 54 4 27 30 69 21 36 50 63 59 15 25 97 77 31 94 3
15 22 99 75 21 27 36 72 58 51 100 75 67 2 50 47 37 28 69 97 36 4
16 4 59 49 46 1 32 46 19 17 24 36 87 62 60 28 49 45 49 43 5 2
17 12 54 49 49 85 43 22 38 56 47 97 82 10 26 22 73 43 82 33 48 3
18 85 75 21 98 58 12 94 35 65 46 56 71 6 55 26 22 64 35 17 68 4
19 84 68 80 43 69 9 65 84 36 95 57 58 10 72 40 26 94 61 65 27 3
