4 20
542 565 514 383 
0 82 76 59 94 35 13 20 31 12 36 85 31 81 19 5 27 85 40 35 42 1
1 35 36 43 79 60 13 68 48 13 81 16 28 79 76 24 85 56 23 67 21 3
2 28 98 29 69 37 39 38 10 54 29 71 5 43 87 73 18 83 91 6 72 2
3 76 19 53 66 29 20 6 67 77 3 42 63 78 73 16 37 25 27 28 91 3
4 86 100 54 51 23 93 99 44 74 84 60 23 59 85 37 80 90 4 74 98 4
5 17 82 26 36 34 83 35 37 20 4 25 18 46 68 68 60 24 8 9 20 2
6 90 41 46 68 95 94 43 29 76 99 25 16 62 27 45 8 73 75 71 91 3
7 72 96 12 34 45 73 85 11 89 9 48 12 51 73 35 33 86 50 5 43 1
8 87 13 39 88 100 54 52 21 97 40 33 16 39 68 75 31 15 9 25 74 4
9 87 14 55 69 24 15 84 70 73 31 11 11 11 87 57 49 54 98 59 60 1
10 95 20 80 66 72 5 57 51 62 94 46 88 93 20 49 53 32 88 98 95 1
11 59 75 32 86 4 96 69 7 46 6 78 6 72 98 33 28 68 81 21 61 4
12 27 20 88 71 48 13 9 64 13 59 7 82 28 92 88 52 37 2 63 67 2
13 70 100 11 47 51 85 92 32 36 87 61 20 91 22 22 67 25 25 41 94 4
14 71 69 36 3 8 38 81 64 29 61 44 92 65 80 47 56 5 67 44 19 4
15 32 53 77 75 29 98 82 12 88 32 47 29 83 77 36 23 16 64 3 27 4
16 30 45 75 24 27 10 72 97 65 59 97 48 50 39 11 19 75 36 78 49 3
17 82 44 19 39 55 25 92 20 89 47 5 74 62 41 35 53 8 26 79 53 2
18 47 45 83 60 20 82 56 5 37 96 44 99 29 31 21 79 90 68 87 78 2
19 74 38 70 5 59 79 55 46 21 68 26 66 40 41 35 35 38 93 36 88 2
