4 20
200 162 208 153 
0 91 90 2 8 34 27 45 45 12 26 93 60 53 58 87 10 18 39 76 80 3
1 4 14 43 49 82 83 16 26 7 46 51 31 83 92 55 83 64 71 7 58 1
2 50 56 35 27 89 97 74 68 78 8 7 95 63 3 6 48 57 85 1 40 2
3 9 17 68 72 25 18 63 73 92 5 54 70 50 57 71 20 18 99 3 45 3
4 8 18 75 69 21 11 67 62 49 3 77 49 90 12 33 48 80 84 22 33 1
5 12 12 67 66 6 13 61 67 96 10 22 83 58 61 88 87 77 16 73 9 3
6 20 23 41 50 83 76 4 3 46 54 12 79 47 8 100 38 3 34 52 35 2
7 28 22 58 60 6 7 36 45 54 31 37 79 99 9 10 97 60 42 86 71 3
8 34 35 19 10 83 76 39 43 91 39 30 10 88 51 66 16 75 98 27 72 4
9 58 60 14 7 65 61 16 16 72 13 42 31 6 17 62 86 72 21 46 86 4
10 94 98 43 36 92 83 20 21 87 77 19 13 17 69 62 72 81 30 84 13 4
11 11 21 38 32 50 42 56 53 79 83 65 22 47 51 79 26 15 9 6 71 4
12 60 58 9 1 43 51 92 94 29 12 24 66 93 14 95 83 15 66 90 23 1
13 87 94 45 41 93 87 35 26 87 3 80 20 62 63 51 53 34 58 41 25 1
14 26 19 43 53 86 80 24 14 41 3 35 29 63 4 20 37 81 2 76 99 4
15 51 55 59 69 83 92 7 14 17 50 44 40 97 61 100 76 19 86 92 71 3
16 69 79 67 58 37 44 22 31 90 96 49 52 75 59 28 75 8 94 25 75 2
17 20 30 33 25 23 19 7 6 1 1 32 60 6 57 82 84 57 81 18 60 3
18 99 99 20 14 28 36 49 51 37 91 70 68 15 44 42 2 72 51 67 38 1
19 108 100 60 67 49 41 1 8 19 15 82 18 46 1 68 15 57 22 40 83 4
