4 20
531 495 453 513 
0 68 58 86 76 105 95 23 13 17 55 79 52 89 46 32 82 70 44 43 23 4
1 86 76 63 53 39 29 16 6 44 79 91 11 51 65 100 31 52 83 85 28 4
2 88 78 23 13 65 55 100 90 13 65 60 99 54 49 17 96 33 52 30 49 3
3 15 5 31 21 40 30 56 46 94 24 91 52 17 25 40 9 65 20 7 13 1
4 50 40 21 11 91 81 62 52 21 79 92 28 74 74 31 46 76 44 48 8 1
5 64 54 73 63 73 63 82 72 82 37 5 34 70 3 95 57 73 66 68 50 1
6 27 17 82 72 28 18 83 73 14 88 82 77 22 46 28 70 94 43 61 71 3
7 60 50 45 35 21 11 98 88 34 31 35 58 3 25 34 32 25 42 100 77 1
8 88 78 39 29 81 71 32 22 67 51 29 18 22 71 42 66 24 19 62 25 2
9 82 72 50 40 27 17 95 85 60 56 5 31 69 28 23 23 6 66 100 96 1
10 110 100 56 46 11 1 57 47 32 25 59 52 21 16 73 54 40 83 44 38 1
11 33 23 42 32 50 40 59 49 10 20 37 97 31 18 42 53 70 6 26 74 2
12 65 55 92 82 18 8 45 35 52 32 2 14 81 24 94 22 17 33 30 3 2
13 58 48 106 96 55 45 11 1 63 77 77 62 33 40 26 13 25 33 49 9 1
14 64 54 102 92 41 31 79 69 6 97 55 38 12 13 42 96 70 45 45 8 2
15 72 62 104 94 45 35 77 67 97 30 43 11 46 34 69 42 26 5 62 28 1
16 37 27 12 2 78 68 45 35 1 43 30 14 22 55 42 22 47 6 4 40 1
17 27 17 87 77 40 30 92 82 82 28 60 11 79 9 87 55 78 28 97 39 3
18 98 88 45 35 99 89 46 36 68 46 62 35 48 30 63 97 96 4 16 1 4
19 71 61 31 21 100 90 68 58 96 6 70 5 31 98 87 71 18 81 33 52 2
