4 20
459 531 481 599 
0 38 28 56 46 75 65 93 83 72 65 4 20 31 92 19 89 54 21 15 85 3
1 48 38 33 23 109 99 86 76 67 76 29 32 33 72 92 76 79 16 70 77 4
2 50 40 85 75 27 17 62 52 51 37 71 23 64 2 50 86 78 38 56 70 2
3 57 47 73 63 82 72 98 88 12 89 62 50 17 96 70 50 27 45 72 81 2
4 84 74 55 45 25 15 96 86 69 99 8 66 31 10 59 61 92 54 13 1 4
5 54 44 55 45 63 53 64 54 2 14 12 79 53 26 78 81 36 74 98 99 1
6 29 19 84 74 30 20 77 67 66 5 46 58 90 6 53 27 90 75 71 1 2
7 46 36 23 13 99 89 84 74 29 48 99 94 20 67 66 30 88 54 84 20 4
8 50 40 101 91 43 33 94 84 33 57 39 76 53 60 3 51 14 62 85 42 4
9 108 98 84 74 53 43 21 11 39 39 49 67 24 91 91 79 7 20 100 6 2
10 20 10 74 64 21 11 75 65 48 62 13 97 43 22 51 49 95 8 72 20 2
11 71 61 80 70 88 78 97 87 51 81 40 88 26 6 56 93 71 45 39 89 4
12 103 93 30 20 56 46 83 73 31 31 76 11 48 21 35 42 8 73 76 97 1
13 76 66 24 14 73 63 29 19 2 95 16 12 49 37 64 11 9 43 73 68 4
14 50 40 88 78 27 17 65 55 63 63 14 60 14 20 42 69 69 75 78 80 1
15 110 100 50 40 91 81 23 13 23 64 28 21 45 24 86 98 50 75 51 30 1
16 15 5 82 72 48 38 23 13 86 81 84 46 54 14 21 51 28 25 26 100 3
17 25 15 85 75 38 28 90 80 31 9 83 52 47 85 62 68 9 77 79 83 4
18 16 6 63 53 17 7 72 62 81 42 40 70 75 37 2 22 59 97 93 20 2
19 69 59 37 27 98 88 66 56 20 32 30 29 41 60 15 13 37 90 64 71 3
