4 20
425 643 543 415 
0 42 32 60 50 79 69 97 87 27 89 93 37 8 23 43 94 83 16 63 64 3
1 100 90 77 67 53 43 30 20 79 24 81 18 22 15 4 86 36 17 29 7 1
2 42 32 77 67 19 9 54 44 78 54 69 70 69 85 86 93 9 4 30 35 4
3 65 55 81 71 90 80 106 96 62 25 29 79 32 69 89 36 13 34 40 3 2
4 32 22 103 93 73 63 52 42 97 28 41 13 75 100 22 99 77 52 14 44 1
5 82 72 91 81 91 81 92 82 69 8 21 73 11 48 82 61 66 19 16 67 4
6 29 19 84 74 30 20 77 67 95 82 44 41 15 43 52 23 46 47 36 94 1
7 82 72 59 49 35 25 20 10 39 50 40 42 14 76 36 75 16 98 1 56 3
8 82 72 33 23 75 65 26 16 54 69 59 92 52 62 85 54 29 75 33 54 3
9 64 54 40 30 109 99 85 75 52 37 89 11 48 3 33 94 4 5 45 37 2
10 12 2 58 48 13 3 59 49 19 15 29 19 36 10 32 88 50 81 12 100 3
11 59 49 68 58 76 66 85 75 63 93 53 41 53 83 15 91 87 45 29 80 3
12 71 61 98 88 24 14 51 41 95 71 58 7 74 51 50 29 31 51 84 10 2
13 60 50 108 98 65 55 13 3 64 84 82 92 53 34 10 69 66 37 69 49 1
14 18 8 56 46 95 85 33 23 44 80 61 12 65 9 23 90 16 91 72 14 3
15 18 8 58 48 91 81 31 21 84 49 68 63 37 71 51 24 29 34 91 29 3
16 11 1 86 76 52 42 19 9 5 43 50 11 29 85 68 75 51 53 37 16 3
17 53 43 105 95 58 48 18 8 48 82 51 53 70 98 66 63 26 46 34 16 1
18 100 90 47 37 101 91 56 46 87 87 20 28 62 49 33 47 31 53 8 100 4
19 29 19 97 87 58 48 26 16 97 90 56 41 24 48 13 32 25 6 13 44 3
