4 20
220 207 173 198 
0 54 28 31 46 15 65 92 83 51 57 65 11 98 83 52 84 54 13 5 80 3
1 35 36 51 71 60 13 76 48 45 68 50 2 4 46 97 56 34 42 99 15 2
2 92 26 1 97 1 67 10 38 78 53 63 12 11 37 45 25 73 78 73 95 3
3 40 15 17 70 1 16 78 71 51 44 79 74 81 79 55 30 38 38 24 29 2
4 14 12 82 63 51 13 27 56 70 95 14 80 34 41 46 66 82 28 61 60 4
5 57 78 66 32 74 79 83 33 96 56 33 31 48 99 70 42 57 34 31 13 4
6 86 29 34 56 91 82 39 9 11 44 15 38 46 19 45 68 21 34 9 11 3
7 72 80 12 26 53 65 85 3 29 79 62 41 59 19 66 64 73 52 59 21 1
8 51 65 3 32 56 6 16 73 22 69 55 21 85 41 44 78 97 82 29 79 2
9 71 10 39 57 100 11 68 58 34 65 83 22 13 97 11 33 95 41 99 47 1
10 87 80 80 26 64 65 57 11 90 67 92 38 75 94 89 36 78 84 12 52 4
11 11 91 76 2 48 12 21 23 7 63 59 21 29 49 42 84 85 15 5 2 1
12 43 56 4 99 64 49 25 92 56 40 11 18 40 59 75 80 9 30 83 74 2
13 30 52 71 99 11 45 60 84 71 42 6 6 14 92 100 35 90 24 20 50 3
14 7 25 72 59 44 86 17 20 1 11 100 84 45 25 37 80 7 4 99 10 4
15 36 89 81 11 33 34 86 48 15 58 8 77 75 24 71 2 48 15 33 92 3
16 42 61 95 48 39 34 92 21 47 21 51 75 13 21 27 46 67 28 18 52 2
17 90 96 27 91 63 85 100 80 13 49 81 45 53 79 99 11 30 38 69 10 4
18 47 89 83 4 20 26 56 49 75 71 1 15 73 15 71 7 60 10 2 90 2
19 34 82 30 49 19 15 15 90 29 56 65 56 46 27 19 17 92 41 94 40 1
