4 20
583 451 513 515 
0 94 84 12 2 31 21 49 39 24 66 16 75 66 90 2 48 9 47 78 94 3
1 72 62 49 39 25 15 102 92 10 39 44 20 81 63 63 66 69 7 34 1 2
2 34 24 77 67 11 1 54 44 10 59 98 4 40 97 5 49 81 37 11 12 3
3 73 63 81 71 98 88 106 96 47 18 48 46 48 77 38 29 41 15 19 60 2
4 60 50 31 21 101 91 72 62 22 72 14 57 55 78 18 84 6 21 16 26 1
5 46 36 55 45 55 45 64 54 67 54 18 39 75 98 4 69 8 14 70 48 3
6 33 23 80 70 26 16 81 71 5 2 60 26 12 23 16 52 88 76 36 37 3
7 46 36 31 21 107 97 84 74 72 67 10 63 60 23 39 8 83 93 37 64 3
8 94 84 45 35 95 85 38 28 57 79 36 70 70 27 74 35 47 66 24 65 4
9 92 82 68 58 37 27 13 3 10 41 29 4 16 45 78 92 14 76 5 46 1
10 108 98 54 44 109 99 55 45 49 64 94 29 90 10 97 93 61 78 51 24 1
11 107 97 16 6 24 14 25 15 64 74 84 18 9 43 57 55 78 71 9 9 2
12 59 49 86 76 12 2 39 29 59 83 43 32 12 82 25 60 79 71 45 19 2
13 56 46 104 94 53 43 101 91 9 29 60 80 9 81 57 97 7 34 59 90 2
14 102 92 40 30 79 69 25 15 56 2 83 56 65 87 98 67 42 94 31 5 1
15 18 8 58 48 99 89 31 21 69 69 36 34 3 61 55 22 63 19 45 27 3
16 63 53 30 20 104 94 71 61 38 25 38 31 29 24 14 38 66 18 72 62 4
17 109 99 69 59 22 12 74 64 97 49 56 5 43 35 2 28 73 54 65 50 1
18 88 78 43 33 97 87 44 34 59 5 34 27 13 5 36 1 59 18 30 73 1
19 13 3 73 63 42 32 102 92 94 66 74 6 68 20 82 30 2 34 57 29 2
