4 20
399 505 571 535 
0 46 36 64 54 83 73 101 91 46 97 7 65 81 33 13 98 10 64 23 77 3
1 44 34 21 11 97 87 74 64 86 5 6 77 32 64 99 39 63 85 53 14 3
2 34 24 69 59 11 1 46 36 97 85 51 45 41 91 17 43 64 44 96 19 2
3 73 63 89 79 98 88 106 96 67 26 44 50 52 37 79 89 15 97 55 50 3
4 88 78 59 49 29 19 100 90 87 66 32 80 6 68 40 24 46 91 77 73 2
5 18 8 19 9 27 17 28 18 57 90 3 76 91 8 7 26 3 7 47 54 4
6 29 19 84 74 30 20 77 67 70 18 8 64 78 69 17 87 24 1 68 51 3
7 18 8 95 85 71 61 56 46 32 9 92 18 24 62 4 69 62 33 65 51 2
8 14 4 57 47 107 97 58 48 11 26 12 31 61 16 14 64 83 33 23 16 2
9 28 18 96 86 65 55 41 31 85 97 64 70 10 3 37 75 72 49 15 70 3
10 96 86 50 40 97 87 51 41 94 94 13 57 26 35 69 87 22 39 30 93 1
11 47 37 56 46 64 54 73 63 100 32 17 89 54 18 30 86 60 16 15 45 4
12 47 37 74 64 100 90 27 17 58 28 54 5 50 11 44 54 2 81 10 92 1
13 44 34 92 82 49 39 97 87 60 94 79 47 100 62 8 32 42 100 59 47 2
14 86 76 32 22 71 61 109 99 3 32 96 83 31 68 22 23 17 49 49 75 4
15 26 16 58 48 99 89 39 29 86 89 37 3 6 58 19 30 42 73 7 21 3
16 15 5 82 72 56 46 23 13 88 10 54 62 70 88 22 46 81 78 59 41 2
17 73 63 25 15 86 76 38 28 95 93 14 31 39 11 45 1 1 28 91 5 2
18 84 74 31 21 85 75 40 30 86 3 39 44 69 72 59 14 65 30 76 79 3
19 89 79 57 47 18 8 86 76 49 87 88 59 90 33 41 3 39 98 24 93 4
