4 20
234 202 166 188 
0 106 96 24 14 43 33 61 51 29 13 85 67 54 25 88 70 54 58 8 79 1
1 104 94 81 71 57 47 42 32 61 62 52 83 40 19 72 32 62 30 66 69 4
2 110 100 53 43 87 77 22 12 75 62 11 12 30 39 47 65 34 37 37 58 2
3 89 79 105 95 14 4 30 20 90 69 50 3 82 49 52 88 61 9 93 98 2
4 12 2 91 81 61 51 32 22 34 93 9 14 83 45 91 59 1 67 62 28 3
5 46 36 47 37 55 45 56 46 36 75 86 69 45 75 12 27 9 36 30 21 2
6 33 23 80 70 26 16 81 71 74 40 23 46 92 31 81 69 15 83 7 46 1
7 54 44 39 29 15 5 92 82 65 26 14 66 61 4 41 93 39 98 3 59 2
8 82 72 33 23 83 73 34 24 6 92 81 60 95 29 61 73 21 58 36 36 2
9 68 58 36 26 13 3 81 71 26 54 52 97 9 80 79 29 52 89 42 39 3
10 76 66 22 12 77 67 23 13 51 82 17 39 27 85 53 68 73 1 99 46 2
11 71 61 80 70 80 70 89 79 87 95 78 63 9 24 58 91 56 79 80 11 2
12 71 61 98 88 24 14 51 41 91 69 92 33 21 6 72 37 72 100 17 99 2
13 108 98 64 54 13 3 61 51 1 11 12 72 75 87 57 41 59 57 25 92 3
14 22 12 60 50 99 89 37 27 2 44 4 72 41 22 17 31 70 54 43 53 4
15 42 32 74 64 15 5 47 37 10 31 78 16 9 18 17 94 96 33 31 34 2
16 67 57 34 24 108 98 75 65 96 57 69 43 7 9 78 74 64 53 13 41 3
17 77 67 37 27 90 80 42 32 70 21 94 25 72 21 44 14 8 50 11 95 2
18 40 30 95 85 49 39 96 86 83 26 38 28 83 67 34 26 32 8 20 30 4
19 93 83 61 51 22 12 90 80 15 51 91 57 31 75 55 4 12 43 8 72 3
