4 20
504 527 442 545 
0 61 56 80 74 91 93 2 11 17 92 43 24 75 71 33 84 45 96 14 37 4
1 83 76 9 19 48 53 103 96 98 71 66 80 85 50 33 95 72 3 64 100 3
2 26 34 11 5 73 83 58 54 84 83 27 58 61 11 18 8 9 56 90 32 1
3 15 19 66 66 10 20 61 67 7 50 36 18 62 31 62 31 10 68 23 73 3
4 43 48 89 99 43 49 102 92 44 32 70 27 3 46 20 88 90 10 66 86 1
5 42 38 89 84 44 39 91 85 9 28 67 68 13 17 81 39 89 39 51 79 3
6 98 93 27 20 48 46 69 73 22 71 78 87 42 14 54 59 75 59 24 25 2
7 41 40 79 78 19 17 49 55 47 56 53 29 100 9 20 43 40 89 23 42 2
8 12 9 68 76 53 50 9 17 12 28 2 25 10 15 33 88 82 14 13 43 4
9 90 94 54 49 97 95 48 50 53 14 13 1 22 74 7 47 24 25 33 51 2
10 27 28 76 74 4 13 53 59 16 30 4 42 97 49 55 79 7 35 81 16 2
11 85 91 1 2 3 12 17 23 11 79 27 12 28 33 51 12 54 23 83 80 4
12 19 24 68 67 23 17 51 60 76 62 61 61 85 45 74 81 61 74 90 21 1
13 56 48 85 95 33 33 83 80 2 69 10 24 2 7 82 42 43 5 9 43 2
14 23 25 61 59 91 86 21 20 90 64 41 6 29 9 44 62 30 77 18 9 1
15 86 85 10 7 34 30 42 44 11 72 20 52 48 74 85 94 21 63 8 11 1
16 36 29 21 16 12 2 97 89 77 45 90 20 86 15 74 47 79 93 19 86 4
17 79 76 71 71 61 65 45 52 7 44 97 33 66 14 48 66 73 70 7 8 4
18 79 89 8 12 37 34 58 49 11 7 24 93 91 75 39 50 12 11 72 20 3
19 14 6 82 81 42 47 15 14 12 60 90 8 43 96 21 8 58 54 49 5 1
