4 20
464 425 540 551 
0 88 82 107 100 18 19 29 37 1 54 61 8 82 34 67 69 66 72 72 50 1
1 24 30 63 65 1 7 36 42 1 70 33 84 9 47 13 53 51 45 2 16 3
2 48 52 33 23 87 93 72 64 80 21 49 29 20 92 72 35 63 21 82 54 2
3 12 17 71 72 28 18 66 73 42 77 31 94 31 30 3 8 21 84 24 46 2
4 59 54 5 5 51 55 5 6 79 65 90 40 21 46 64 62 71 5 91 1 3
5 46 36 72 82 27 37 87 83 86 2 67 50 52 47 45 9 70 88 28 100 2
6 77 79 1 6 27 32 77 67 88 84 91 61 49 87 77 54 29 78 86 27 4
7 72 78 18 24 71 63 9 1 93 72 81 56 36 20 9 85 96 74 25 62 2
8 43 35 7 2 71 76 48 43 48 90 69 73 55 99 76 84 35 2 58 76 3
9 97 92 32 39 83 93 39 40 84 62 72 80 43 66 97 85 53 17 78 87 3
10 52 58 1 4 50 43 99 89 68 62 25 51 2 47 13 51 73 16 49 58 3
11 49 49 63 60 67 70 81 81 28 14 94 84 85 8 79 15 77 65 45 11 3
12 32 38 81 81 36 31 64 74 12 93 66 31 13 79 29 39 63 32 66 92 1
13 68 78 10 17 66 63 16 10 60 87 95 74 59 10 43 41 70 86 1 15 2
14 1 3 25 29 63 64 85 90 90 65 59 3 98 82 16 4 31 83 57 58 4
15 1 3 17 25 54 48 70 62 80 2 60 48 100 33 38 100 91 84 96 85 2
16 92 91 85 78 68 64 45 43 46 89 95 94 60 81 7 28 44 83 74 23 1
17 2 6 1 1 97 87 89 82 88 81 66 80 15 68 87 36 29 62 99 47 3
18 21 15 29 38 50 52 79 75 68 80 7 99 88 22 34 63 64 75 52 56 3
19 40 32 100 99 73 65 41 40 37 15 20 50 19 65 68 59 100 51 68 33 3
