4 20
442 433 548 413 
0 45 48 56 66 75 85 7 3 30 13 91 91 84 7 32 11 79 37 9 90 2
1 90 100 29 35 76 69 2 12 34 15 15 40 35 84 72 78 99 14 86 26 4
2 24 30 9 1 63 71 56 50 31 85 41 55 100 43 98 29 22 16 14 12 1
3 18 19 69 66 13 20 64 67 25 63 96 54 5 79 75 74 50 50 62 72 2
4 102 92 40 35 94 85 40 36 22 39 43 16 57 87 5 49 93 57 64 88 3
5 55 62 2 8 57 63 4 9 49 77 22 16 52 44 96 10 3 64 5 100 3
6 42 49 84 76 5 2 34 29 87 27 93 44 68 87 85 67 56 80 53 96 3
7 93 96 31 34 63 73 1 11 75 44 46 99 28 4 42 57 60 15 56 85 4
8 1 9 77 76 33 42 26 17 5 100 49 49 81 30 77 55 13 6 18 2 3
9 29 26 72 81 36 27 79 82 1 63 38 98 35 5 45 31 63 51 93 64 2
10 106 96 34 34 83 81 11 19 10 44 50 61 77 40 47 62 25 79 81 73 3
11 10 19 37 30 49 40 55 51 100 78 64 68 69 75 78 85 3 20 94 10 1
12 12 4 40 47 95 97 44 40 66 60 48 51 23 26 76 34 83 97 61 23 2
13 37 32 79 71 27 17 56 56 6 36 62 94 77 31 49 9 8 8 10 37 2
14 13 9 43 35 60 70 90 96 1 57 1 24 44 39 50 65 56 79 66 100 2
15 44 41 52 55 76 78 100 100 43 5 77 62 59 90 42 60 17 19 29 56 1
16 46 49 23 28 14 14 1 1 17 92 56 5 2 57 96 97 83 18 9 8 4
17 61 52 53 47 35 33 27 28 9 18 99 91 53 84 52 90 92 13 75 15 3
18 22 13 30 36 51 50 80 73 54 75 98 47 53 17 11 66 46 49 80 33 4
19 33 38 14 5 74 79 55 46 54 75 12 76 51 3 75 11 76 50 82 25 1
