4 20
216 181 222 190 
0 56 10 41 28 17 47 94 65 100 95 38 39 20 47 64 97 60 71 54 55 2
1 1 66 9 9 26 43 34 86 34 69 71 78 55 63 91 3 91 55 22 78 4
2 74 12 83 83 83 53 84 32 26 16 35 37 11 57 24 72 62 90 33 25 2
3 26 17 11 72 87 18 64 65 76 50 41 63 54 27 20 98 43 48 54 90 4
4 8 70 84 13 53 63 21 14 4 17 81 86 36 99 16 49 61 3 21 23 3
5 67 64 68 10 76 65 85 11 45 42 82 77 3 68 100 51 55 6 96 56 4
6 64 79 12 6 61 32 17 59 1 39 97 9 50 37 38 21 62 12 78 78 3
7 34 86 74 24 7 63 47 1 64 58 30 32 42 70 74 79 48 38 21 73 3
8 17 47 69 14 22 80 74 47 76 3 22 60 66 30 2 6 45 94 63 73 3
9 49 80 17 35 86 81 46 36 15 33 93 43 12 56 48 14 85 7 2 69 2
10 17 90 2 36 86 75 79 21 46 32 39 57 3 28 6 29 33 33 72 74 4
11 77 5 42 16 14 26 87 37 83 65 8 55 32 82 17 72 35 40 79 48 1
12 65 62 26 5 86 55 47 98 5 43 75 18 20 44 60 47 7 17 68 80 3
13 40 46 81 93 29 31 70 78 91 70 24 26 82 97 21 66 4 41 67 85 2
14 25 71 98 97 70 32 43 58 83 73 40 52 67 85 16 82 4 31 69 5 1
15 46 15 91 37 43 60 96 82 15 18 33 51 95 87 76 33 55 5 74 1 3
16 100 87 45 74 97 60 42 39 96 18 72 70 55 36 83 71 27 60 86 30 2
17 76 98 13 93 49 79 86 74 92 33 29 7 87 29 44 96 5 89 75 3 2
18 25 47 61 62 98 84 34 7 73 61 83 28 46 95 91 49 62 13 21 65 3
19 44 32 32 99 29 65 17 40 47 75 15 9 40 58 87 97 27 86 27 18 2
