4 20
196 202 184 252 
0 64 64 75 82 7 1 18 19 25 89 3 67 32 3 21 67 33 97 92 54 2
1 55 60 10 3 28 37 83 80 94 82 35 86 60 97 17 31 30 39 45 46 3
2 28 38 13 9 96 87 60 58 21 20 13 37 70 63 19 44 16 60 28 9 3
3 12 19 71 66 28 20 58 67 56 50 12 8 45 33 95 19 9 75 78 19 2
4 13 12 59 55 5 5 51 56 29 77 78 80 32 82 16 78 33 9 36 91 1
5 8 14 63 68 10 15 65 69 73 85 6 29 100 56 19 18 38 19 79 34 1
6 33 29 54 56 75 82 4 9 95 3 53 13 21 24 22 14 55 99 10 98 2
7 76 84 27 22 67 61 105 99 44 92 34 100 47 39 97 84 71 92 44 10 4
8 16 9 80 84 44 50 21 17 99 99 26 30 6 52 66 93 69 69 100 88 3
9 72 62 23 17 58 63 9 18 44 26 79 58 94 61 45 5 73 41 24 62 2
10 69 68 1 6 46 53 95 91 23 50 19 11 61 44 18 77 91 18 73 5 4
11 68 63 82 74 86 84 100 95 77 43 100 65 98 3 2 93 21 71 11 1 3
12 47 44 96 87 30 37 71 80 11 15 72 13 34 25 84 64 64 68 22 81 4
13 62 72 12 11 60 57 102 96 24 70 21 76 94 21 99 58 34 29 97 58 2
14 33 41 71 75 1 2 31 36 87 50 97 8 25 4 59 73 11 47 57 94 3
15 36 29 60 51 76 74 100 96 17 22 33 41 53 3 43 92 29 89 27 24 1
16 13 17 1 4 81 82 66 69 22 69 88 96 66 24 80 65 42 23 26 85 3
17 97 100 89 95 79 89 92 84 75 64 79 71 17 70 34 61 77 72 17 28 1
18 78 73 86 96 7 10 36 33 60 14 29 9 47 28 5 78 21 82 37 79 4
19 90 82 42 49 23 15 91 90 37 58 54 61 4 73 25 75 25 21 30 55 1
