4 20
411 521 437 593 
0 64 54 82 72 101 91 19 9 46 56 24 29 85 67 69 55 4 100 16 1 3
1 34 24 19 9 95 85 72 62 59 90 9 83 68 99 38 71 6 90 47 40 2
2 96 86 31 21 73 63 108 98 21 28 78 27 64 55 78 37 87 51 36 8 3
3 15 5 23 13 32 22 48 38 97 2 45 98 37 7 82 57 18 100 11 58 2
4 94 84 65 55 35 25 106 96 74 55 94 71 54 32 21 35 66 57 55 80 1
5 36 26 37 27 45 35 46 36 41 79 3 49 17 97 66 44 67 1 64 19 1
6 27 17 82 72 28 18 83 73 59 29 87 58 34 72 28 1 77 89 44 86 3
7 24 14 109 99 85 75 62 52 91 60 15 95 38 90 23 30 81 77 49 74 3
8 56 46 107 97 57 47 100 90 54 16 16 43 8 62 55 100 28 46 86 17 1
9 26 16 94 84 71 61 39 29 53 77 96 59 41 86 46 83 84 66 2 8 4
10 18 8 64 54 19 9 73 63 61 23 3 51 21 70 77 51 39 16 1 24 4
11 45 35 54 44 62 52 71 61 84 33 93 17 3 89 80 88 61 68 91 22 4
12 97 87 24 14 50 40 77 67 44 5 72 67 30 52 37 17 50 59 93 57 2
13 66 56 22 12 71 61 19 9 22 53 73 21 79 40 76 50 58 66 44 19 3
14 88 78 26 16 65 55 103 93 18 26 79 27 49 94 93 23 93 75 100 73 3
15 64 54 104 94 37 27 77 67 12 66 57 10 50 10 10 88 88 54 1 89 3
16 41 31 108 98 74 64 49 39 66 76 86 6 59 96 29 15 89 25 41 32 4
17 107 97 59 49 20 10 72 62 4 67 97 29 5 33 5 89 70 10 17 32 3
18 14 4 61 51 15 5 62 52 19 20 64 19 47 40 38 43 69 83 14 69 3
19 11 1 71 61 40 30 100 90 34 25 93 32 5 32 65 40 51 51 79 22 4
