4 20
182 168 214 197 
0 40 54 17 72 1 91 78 9 69 55 62 57 78 51 60 30 91 27 94 71 2
1 93 82 1 17 18 59 26 94 2 97 19 94 47 70 11 65 33 35 55 98 2
2 74 36 83 7 83 77 92 48 98 72 67 27 87 38 61 73 1 60 1 90 3
3 26 21 3 68 79 14 64 69 10 51 80 84 41 67 97 70 4 8 98 30 4
4 24 26 100 69 69 19 37 70 94 50 47 92 78 90 25 34 51 26 51 46 3
5 31 76 40 30 48 77 57 31 49 14 19 100 61 60 82 39 97 30 54 44 3
6 84 23 32 50 81 76 37 3 30 57 94 74 14 12 99 4 68 72 5 41 4
7 26 26 66 64 99 3 39 41 93 81 53 5 61 8 30 83 92 69 24 66 1
8 33 91 85 58 38 32 90 99 48 22 75 68 12 51 72 18 34 48 85 15 2
9 13 100 73 55 42 9 2 56 78 98 79 52 89 23 26 6 80 97 32 89 4
10 33 10 26 56 10 95 3 41 57 18 86 85 97 52 20 65 9 51 58 82 4
11 37 49 2 60 74 70 39 81 18 20 34 35 90 99 62 28 25 21 93 89 1
12 9 70 70 13 30 63 91 6 88 17 58 57 69 85 94 40 97 71 4 41 1
13 60 82 1 29 41 67 90 14 55 78 8 46 52 77 46 89 19 12 11 90 4
14 17 3 90 37 62 64 35 98 86 23 57 65 95 6 2 65 52 93 89 41 1
15 34 7 87 29 31 52 84 66 84 71 23 54 47 18 4 47 43 38 18 46 1
16 48 23 1 10 45 96 98 83 2 100 31 65 20 31 100 97 98 82 89 3 1
17 44 26 81 21 17 15 54 2 47 45 12 28 24 91 19 26 80 22 9 26 2
18 1 7 37 30 74 52 10 67 52 44 85 35 91 54 10 98 97 39 56 62 3
19 64 100 52 67 49 41 45 8 26 21 82 37 94 95 96 75 55 54 4 46 2
