4 20
208 236 197 243 
0 42 34 61 52 72 71 83 89 68 49 71 35 20 59 53 61 33 46 52 47 3
1 32 22 66 65 105 99 31 34 45 20 54 48 84 55 42 70 83 22 13 80 1
2 63 72 40 43 31 21 87 92 7 31 11 32 2 61 66 85 15 19 55 78 2
3 27 21 65 68 22 22 73 69 12 74 21 46 81 78 43 60 41 52 64 18 1
4 70 74 16 25 75 67 8 18 43 93 23 34 33 89 100 64 4 44 66 9 1
5 25 32 72 78 27 33 74 79 59 83 32 66 59 58 94 56 32 99 71 46 3
6 72 67 93 94 14 20 43 47 68 95 27 80 16 47 47 57 92 61 59 29 3
7 63 70 1 8 41 47 92 85 15 67 62 89 99 49 63 53 40 80 91 74 4
8 79 87 56 54 20 20 105 95 37 46 22 69 96 40 81 49 8 2 61 4 3
9 74 80 25 35 81 81 32 36 87 82 65 42 17 18 47 36 17 25 91 27 4
10 23 18 72 64 1 3 49 49 43 1 14 100 51 89 77 89 77 35 36 79 4
11 77 73 91 84 103 94 101 97 13 97 33 10 50 73 61 82 46 81 10 91 2
12 66 66 23 17 49 59 19 10 18 55 15 16 81 26 43 99 82 12 28 97 4
13 26 30 76 77 24 15 53 62 80 18 88 76 27 58 58 41 41 89 32 61 1
14 60 59 90 85 28 20 50 46 53 60 81 53 12 43 50 92 56 58 75 78 4
15 41 39 57 61 81 84 97 98 75 70 63 93 29 1 6 86 63 18 74 48 1
16 12 15 89 94 72 80 65 67 58 37 10 50 8 17 89 32 19 64 86 58 2
17 61 58 53 53 43 47 35 42 84 3 28 96 49 67 80 46 23 44 65 100 1
18 55 59 84 82 105 96 13 19 97 40 74 97 17 14 71 78 23 18 19 13 4
19 76 68 44 43 17 9 85 84 70 78 7 36 10 31 78 24 59 73 95 3 1
