4 20
203 208 227 177 
0 98 88 16 6 35 25 53 43 9 59 15 73 68 85 13 64 50 6 41 95 2
1 16 6 93 83 69 59 46 36 18 93 84 40 12 36 32 23 95 38 86 69 2
2 26 16 69 59 103 93 46 36 100 16 91 99 91 38 15 70 37 93 76 10 2
3 81 71 89 79 98 88 14 4 68 51 36 25 60 8 89 54 8 16 55 38 4
4 108 98 87 77 57 47 28 18 28 84 69 1 64 5 74 97 78 97 41 92 3
5 82 72 83 73 91 81 92 82 45 67 22 12 88 46 22 92 12 73 57 19 1
6 33 23 80 70 26 16 81 71 96 88 9 89 81 34 10 84 81 41 83 55 2
7 82 72 67 57 43 33 20 10 51 75 23 53 34 25 79 61 7 43 42 70 1
8 26 16 77 67 19 9 70 60 91 87 89 44 14 11 81 63 76 58 8 16 4
9 56 46 24 14 93 83 69 59 57 74 57 21 30 1 48 27 65 84 1 62 4
10 92 82 46 36 93 83 47 37 78 83 67 23 54 68 96 91 81 40 58 54 4
11 95 85 104 94 12 2 13 3 45 52 60 60 93 32 45 75 3 34 96 39 3
12 27 17 54 44 80 70 15 5 28 51 75 95 43 74 39 89 24 55 88 67 1
13 40 30 88 78 37 27 93 83 18 18 77 85 19 34 28 29 29 64 55 73 1
14 78 68 16 6 55 45 93 83 5 46 60 92 71 49 87 54 25 53 51 14 1
15 26 16 66 56 99 89 39 29 73 42 78 96 82 37 64 76 68 96 24 22 2
16 67 57 34 24 100 90 75 65 94 89 65 41 70 17 27 37 3 14 16 56 4
17 37 27 89 79 42 32 102 92 54 92 39 26 75 3 8 15 64 21 10 98 4
18 72 62 27 17 81 71 28 18 28 34 78 3 18 16 66 47 26 42 68 57 3
19 73 63 33 23 102 92 62 52 17 91 51 13 90 97 42 94 5 9 3 57 2
