4 20
163 184 172 254 
0 24 14 42 32 61 51 79 69 2 29 8 20 70 47 21 67 12 81 81 94 4
1 102 92 79 69 55 45 32 22 18 65 13 88 3 70 50 42 55 39 51 11 4
2 72 62 15 5 49 39 92 82 60 7 23 20 1 53 81 87 70 39 27 56 1
3 31 21 39 29 56 46 64 54 56 8 67 59 21 42 13 35 44 76 24 17 1
4 26 16 97 87 67 57 38 28 22 67 73 5 59 53 16 77 74 100 65 45 2
5 64 54 65 55 73 63 74 64 5 43 36 70 22 21 78 72 73 49 78 51 4
6 31 21 78 68 32 22 79 69 96 95 91 77 20 83 14 38 48 72 16 22 4
7 68 58 45 35 29 19 106 96 47 65 2 78 61 44 69 39 52 33 100 9 2
8 32 22 83 73 33 23 76 66 60 20 90 47 3 17 84 84 2 33 36 31 1
9 66 56 34 24 11 1 79 69 20 53 88 36 86 8 53 44 40 67 25 5 1
10 90 80 44 34 91 81 45 35 27 54 17 29 57 78 7 16 7 97 5 38 1
11 69 59 70 60 78 68 87 77 34 24 81 76 44 32 70 65 100 43 96 88 1
12 21 11 48 38 74 64 101 91 46 83 40 45 64 32 25 46 38 53 34 66 1
13 38 28 86 76 35 25 83 73 21 38 47 97 74 52 46 10 73 60 61 89 4
14 16 6 54 44 101 91 39 29 39 12 13 91 79 63 41 77 49 76 61 53 1
15 80 70 12 2 53 43 93 83 12 16 8 95 48 84 14 7 72 72 61 31 2
16 93 83 60 50 26 16 101 91 99 63 2 15 76 4 86 20 62 23 32 46 3
17 11 1 71 61 24 14 76 66 89 10 18 50 5 16 33 88 100 44 17 97 1
18 70 60 25 15 71 61 26 16 43 21 90 45 51 18 36 71 83 5 49 32 4
19 15 5 75 65 44 34 104 94 32 92 42 61 87 55 90 75 79 35 67 8 1
