4 20
538 549 502 521 
0 99 100 10 18 29 37 61 55 62 93 22 80 52 95 35 13 1 15 17 63 1
1 98 92 24 27 71 69 1 4 25 8 49 3 80 88 98 89 62 11 80 92 4
2 60 58 24 29 99 99 63 70 75 21 56 34 56 59 40 56 56 47 57 8 4
3 20 23 71 70 20 16 79 71 18 98 5 37 40 95 90 29 39 38 89 17 4
4 5 4 51 55 5 5 43 48 84 19 51 90 29 67 31 49 11 10 11 4 3
5 55 50 10 4 49 51 4 5 97 78 16 8 71 34 100 86 43 30 96 90 2
6 29 37 58 64 100 90 21 17 79 44 38 8 77 32 91 5 82 88 23 18 2
7 76 80 14 18 67 57 105 95 28 90 12 52 71 57 59 8 24 2 83 57 1
8 57 61 34 28 90 94 75 69 31 86 43 36 77 64 49 19 49 23 66 43 1
9 14 22 78 69 21 23 64 70 38 56 80 6 76 61 67 93 32 14 50 48 1
10 56 56 84 94 33 41 82 79 55 70 24 31 7 12 12 80 96 49 16 64 2
11 30 35 44 46 48 56 62 67 29 94 32 77 10 43 64 77 85 12 26 95 2
12 25 32 74 75 29 25 78 68 77 20 4 16 95 50 25 17 92 55 24 51 3
13 74 84 24 31 64 69 22 16 33 37 1 74 32 90 33 58 21 14 62 91 3
14 49 57 87 91 17 18 55 52 89 20 19 20 21 70 23 88 21 30 71 2 1
15 71 77 108 99 24 14 27 36 91 68 49 86 80 40 34 87 6 33 53 49 4
16 71 65 43 52 47 38 19 25 6 47 44 20 40 68 28 77 63 74 92 24 3
17 1 4 91 99 102 93 94 88 43 26 33 51 91 91 9 87 22 91 93 6 1
18 56 57 85 80 85 94 14 17 6 56 18 60 26 67 84 87 40 99 67 24 1
19 77 82 50 49 10 15 91 90 48 45 26 75 31 94 32 53 84 42 80 73 4
