4 20
180 208 148 234 
0 18 16 29 34 61 53 72 71 8 9 49 61 45 98 30 57 81 61 3 4 2
1 58 60 97 95 31 37 70 72 95 24 20 42 54 20 98 97 12 15 62 93 3
2 72 66 28 37 3 7 88 78 8 88 89 45 82 1 70 8 88 69 85 100 2
3 6 15 65 70 14 16 81 71 72 21 30 40 98 5 72 71 2 30 43 81 4
4 16 24 70 75 16 25 75 68 93 40 36 3 96 50 75 86 71 9 7 37 1
5 16 10 63 64 10 11 65 65 25 19 96 9 29 23 21 55 99 78 40 13 4
6 20 17 49 44 70 70 91 97 100 64 3 81 10 95 100 95 8 1 24 92 3
7 59 68 1 6 50 45 88 83 64 59 11 68 41 83 40 33 88 18 67 59 3
8 52 61 37 36 1 2 78 69 14 5 48 66 86 35 20 53 33 19 45 50 2
9 65 58 1 5 51 59 7 6 85 69 69 21 26 24 85 59 99 24 8 73 3
10 19 28 68 66 17 13 45 51 57 28 29 91 39 68 28 89 55 87 68 27 1
11 96 87 81 90 93 100 20 11 57 22 4 41 80 21 60 38 3 91 35 40 2
12 73 72 30 23 56 65 5 8 77 30 43 60 76 2 72 7 10 83 3 25 2
13 20 24 78 71 18 9 47 56 17 53 64 12 15 52 59 30 80 34 33 67 3
14 98 97 36 31 58 58 96 92 99 46 55 16 69 47 12 4 17 67 93 25 3
15 71 73 87 87 3 10 27 32 34 22 73 18 77 28 34 77 72 3 22 65 2
16 38 33 10 20 14 6 86 93 29 73 88 40 9 89 33 28 18 15 22 40 1
17 64 60 56 55 38 41 30 36 32 88 47 87 29 81 92 68 50 6 91 7 4
18 12 17 41 40 62 54 70 77 94 1 3 21 46 66 79 39 54 17 9 3 2
19 26 18 86 93 67 59 27 34 41 37 71 7 66 43 11 24 64 18 32 10 3
