4 30
804 867 643 698 
0 74 66 85 84 4 3 15 21 80 13 66 76 64 60 8 34 44 7 88 83 1
1 63 66 18 9 36 43 75 78 71 13 21 58 3 93 67 89 59 92 15 20 3
2 96 92 73 63 35 33 12 4 27 31 50 51 62 73 41 59 57 56 6 26 2
3 13 21 72 76 29 22 59 69 42 77 25 83 19 49 81 7 67 39 22 14 3
4 54 62 21 13 67 63 13 6 89 51 80 45 54 94 20 49 33 73 70 98 3
5 10 8 57 54 12 9 59 55 80 24 31 79 17 86 3 92 1 29 98 9 2
6 60 63 81 90 23 16 52 43 39 30 58 64 33 13 8 50 56 9 1 1 3
7 44 50 82 88 35 27 73 65 31 76 31 89 82 79 51 7 14 25 26 81 2
8 69 67 25 34 10 8 74 75 79 65 71 34 92 66 20 43 5 74 33 63 4
9 58 52 101 99 44 53 16 8 53 11 92 81 79 46 49 1 43 29 66 2 1
10 1 2 57 48 77 87 34 33 58 42 4 81 7 61 69 61 76 90 24 42 2
11 65 57 58 68 83 78 97 89 23 13 69 92 16 15 12 27 64 72 15 56 2
12 40 42 89 85 44 35 72 78 95 39 99 84 66 76 70 20 74 91 23 13 3
13 65 58 107 97 34 43 92 90 45 32 27 9 48 46 78 52 81 68 61 86 4
14 100 95 30 21 47 56 77 82 69 20 77 57 45 99 96 71 81 34 86 55 4
15 87 91 3 13 27 36 43 50 49 51 53 50 23 15 29 25 72 31 14 4 3
16 91 95 68 74 59 60 44 47 31 90 34 88 86 47 29 84 74 39 75 5 4
17 46 38 38 33 28 27 12 14 40 20 62 52 75 80 37 35 32 92 99 82 1
18 21 31 42 46 71 68 100 91 70 50 78 82 60 71 2 54 74 72 72 14 4
19 18 12 78 87 59 53 19 28 93 2 89 99 92 2 7 54 26 34 53 31 3
20 69 59 61 66 74 72 87 79 84 60 30 44 72 8 1 22 86 36 94 54 4
21 18 10 67 76 45 43 1 1 40 34 42 56 63 23 76 86 13 77 65 21 3
22 81 74 39 33 87 83 37 42 8 29 32 70 99 40 91 7 32 84 7 43 3
23 78 69 58 51 30 26 2 8 58 25 63 97 59 88 65 37 35 97 26 55 2
24 77 67 94 85 11 4 28 22 84 45 83 42 67 32 97 32 5 34 59 92 4
25 75 66 88 81 93 95 14 18 12 93 85 92 17 6 29 12 81 89 89 6 3
26 27 20 63 55 105 97 33 32 64 75 74 59 56 92 52 41 64 92 80 32 3
27 33 26 72 64 1 3 39 33 50 67 46 57 7 18 25 29 50 48 71 30 4
28 100 96 15 18 51 41 66 63 11 36 95 37 40 29 56 82 56 29 42 53 1
29 57 53 34 24 11 2 80 73 88 80 49 7 38 21 81 88 9 95 28 57 2
