4 30
880 747 813 714 
0 78 68 96 86 15 5 33 23 43 56 86 49 56 33 97 22 44 4 16 12 4
1 72 62 57 47 33 23 110 100 41 91 52 75 71 70 36 2 4 4 36 82 1
2 78 68 13 3 55 45 90 80 87 61 73 16 37 69 75 93 80 74 53 8 2
3 53 43 61 51 78 68 86 76 59 61 90 4 68 4 80 30 92 40 15 69 2
4 100 90 71 61 41 31 12 2 76 22 86 51 22 18 55 34 44 30 47 10 2
5 70 60 71 61 79 69 80 70 15 99 71 32 74 90 2 25 56 98 87 24 2
6 29 19 84 74 30 20 85 75 92 60 96 12 70 44 57 77 14 100 11 64 4
7 98 88 75 65 51 41 28 18 5 4 89 83 73 79 31 63 65 90 46 97 3
8 102 92 53 43 95 85 46 36 96 20 30 97 35 83 5 5 41 2 55 89 2
9 60 50 28 18 97 87 73 63 61 28 55 3 26 34 80 87 23 91 42 80 3
10 80 70 26 16 81 71 27 17 73 70 10 11 74 89 58 84 96 88 45 95 2
11 59 49 68 58 76 66 77 67 11 63 53 95 100 59 53 19 98 99 100 30 1
12 35 25 70 60 96 86 23 13 62 49 13 65 15 48 57 45 42 32 73 34 1
13 84 74 40 30 89 79 37 27 86 7 25 85 71 15 36 24 23 39 65 48 3
14 66 56 104 94 51 41 89 79 27 34 46 40 73 88 28 78 56 60 94 46 2
15 22 12 62 52 103 93 35 25 12 48 45 57 56 62 23 32 32 21 43 85 1
16 95 85 70 60 36 26 103 93 82 40 4 47 19 83 78 40 60 44 43 95 2
17 93 83 45 35 98 88 58 48 30 44 59 42 1 56 91 70 75 59 32 92 4
18 56 46 103 93 57 47 104 94 18 40 30 73 50 90 7 26 79 56 85 46 4
19 53 43 21 11 82 72 50 40 99 52 58 55 4 15 99 57 65 96 27 87 1
20 30 20 76 66 15 5 61 51 54 76 27 40 14 88 73 66 100 75 15 83 1
21 89 79 74 64 66 56 51 41 15 86 89 81 61 39 69 19 71 21 65 83 4
22 109 99 20 10 22 12 33 23 67 99 89 91 77 54 18 75 15 2 97 7 2
23 17 7 90 80 54 44 27 17 79 36 96 38 61 76 11 62 39 87 87 71 4
24 106 96 49 39 99 89 42 32 55 62 81 52 52 48 33 41 68 86 46 17 4
25 97 87 58 48 18 8 79 69 1 73 29 40 61 4 41 63 51 32 66 59 2
26 34 24 73 63 19 9 66 56 97 55 20 53 59 22 72 40 91 16 10 1 3
27 108 98 49 39 97 87 38 28 52 84 15 35 52 75 84 82 12 62 68 85 1
28 27 17 53 43 88 78 14 4 10 53 6 42 76 24 58 41 38 5 75 21 3
29 61 51 34 24 106 96 71 61 40 51 57 31 31 79 88 91 46 50 71 48 1
