4 30
678 803 705 730 
0 15 22 34 40 66 59 77 77 83 71 74 50 34 22 82 3 82 49 57 81 2
1 40 50 95 93 34 27 68 70 16 34 64 9 97 34 54 67 10 94 88 78 3
2 75 68 39 39 14 9 78 80 83 75 34 90 2 63 98 86 5 87 21 68 3
3 24 25 75 72 24 18 70 73 3 40 79 23 78 93 3 13 81 26 42 53 2
4 13 6 59 57 13 7 51 50 91 84 15 11 62 4 40 78 84 12 63 67 2
5 97 88 44 42 91 89 46 43 57 69 50 95 41 62 74 93 64 38 66 41 4
6 29 19 50 46 71 72 100 99 81 27 17 32 82 65 95 100 39 27 43 89 3
7 1 2 39 40 79 87 17 25 2 82 83 2 13 80 39 27 17 75 93 1 3
8 32 23 88 90 65 56 29 23 35 63 70 64 67 95 55 43 33 72 46 46 4
9 34 24 77 79 28 33 84 80 7 69 87 47 11 74 10 10 30 21 40 56 1
10 92 82 28 28 69 67 5 13 28 3 9 9 60 59 50 91 85 86 41 13 4
11 12 5 26 16 17 26 44 37 2 70 42 83 20 56 32 97 51 66 86 52 2
12 34 34 83 77 17 27 66 70 17 53 69 68 10 9 41 46 37 96 73 24 3
13 26 22 76 69 3 7 53 54 51 55 8 82 84 86 97 49 1 63 50 65 4
14 45 55 83 89 13 16 43 50 81 45 43 75 94 100 77 40 30 67 61 27 3
15 102 99 26 21 50 44 66 66 96 54 12 30 88 92 60 13 75 34 50 45 2
16 69 59 33 38 16 24 9 11 45 34 90 92 71 73 75 59 74 74 29 87 3
17 5 10 89 97 100 91 92 86 14 88 24 56 25 86 13 98 52 62 55 32 4
18 65 63 94 86 94 100 23 23 96 22 86 87 88 52 81 4 94 14 27 77 3
19 42 44 2 11 83 85 43 52 17 80 6 81 34 14 66 66 3 60 99 69 2
20 20 19 25 18 17 24 30 31 3 60 60 6 94 73 47 15 46 67 84 61 3
21 76 78 54 44 3 3 73 69 12 61 30 65 76 93 31 98 42 79 2 46 3
22 76 66 34 25 74 75 32 34 5 77 82 20 96 54 82 90 87 82 97 70 4
23 76 77 48 51 28 34 13 8 25 79 88 28 77 37 70 86 87 5 59 19 2
24 16 7 33 25 50 44 67 62 85 60 33 65 51 83 22 63 26 69 25 32 2
25 93 94 14 17 27 31 53 46 27 7 86 64 81 22 52 22 38 48 10 81 4
26 92 96 36 39 83 73 6 16 90 3 71 55 24 93 78 49 49 44 83 61 3
27 64 58 103 96 23 27 70 65 80 16 10 28 79 17 51 13 46 82 96 16 3
28 54 48 61 70 97 93 12 15 55 63 84 65 65 56 2 94 49 13 62 42 1
29 7 13 92 92 61 62 30 33 92 80 63 68 98 89 95 11 14 42 73 40 3
