4 30
241 302 327 294 
0 20 10 38 28 57 47 75 65 96 93 44 67 61 19 64 21 8 51 37 15 3
1 42 32 19 9 95 85 80 70 21 96 91 82 7 45 42 48 90 18 82 15 4
2 92 82 27 17 69 59 104 94 98 16 70 92 89 46 2 94 16 75 16 43 4
3 35 25 43 33 60 50 68 58 1 54 91 95 22 43 33 51 82 25 38 14 1
4 18 8 97 87 67 57 38 28 46 4 95 43 13 31 31 41 80 2 45 60 4
5 80 70 81 71 89 79 90 80 18 66 92 83 64 51 89 75 92 84 81 62 1
6 35 25 82 72 28 18 83 73 67 89 80 83 93 98 41 68 19 10 21 63 2
7 28 18 105 95 81 71 58 48 63 51 40 57 40 49 70 13 59 21 32 84 4
8 28 18 79 69 29 19 72 62 23 92 62 72 55 97 32 1 8 38 79 79 3
9 102 92 70 60 39 29 15 5 87 29 98 50 82 53 3 33 18 94 61 12 4
10 30 20 84 74 31 21 85 75 90 24 90 78 49 14 75 48 91 41 11 48 1
11 85 75 86 76 94 84 103 93 33 96 85 48 30 20 35 90 90 55 80 29 4
12 17 7 44 34 70 60 97 87 75 94 52 92 21 60 76 43 36 22 6 97 1
13 26 16 74 64 31 21 79 69 97 94 6 90 67 81 43 75 86 16 31 34 2
14 100 90 38 28 77 67 15 5 39 40 61 32 61 45 25 5 78 81 84 30 2
15 100 90 40 30 73 63 13 3 33 9 79 62 43 8 56 93 4 93 67 10 1
16 29 19 96 86 62 52 37 27 76 75 67 64 77 52 99 86 72 54 76 83 1
17 63 53 15 5 68 58 28 18 56 89 69 62 34 91 69 55 84 68 96 66 4
18 82 72 37 27 91 81 38 28 95 64 12 62 5 98 27 39 84 51 86 96 3
19 35 25 103 93 72 62 32 22 8 50 40 58 55 79 34 41 69 82 79 56 1
20 40 30 78 68 25 15 63 53 5 91 63 63 84 79 4 67 16 93 71 18 4
21 79 69 64 54 56 46 41 31 46 75 59 76 83 8 46 1 57 41 26 98 1
22 11 1 22 12 32 22 43 33 31 2 4 47 26 80 35 77 99 21 99 3 3
23 19 9 92 82 56 46 29 19 34 98 49 6 15 98 70 71 26 17 14 85 3
24 60 50 11 1 53 43 104 94 39 36 40 38 99 59 8 95 30 2 95 69 3
25 15 5 76 66 36 26 97 87 52 21 49 83 12 1 85 3 75 31 87 87 2
26 104 94 43 33 89 79 28 18 30 96 75 42 76 30 41 1 12 93 92 63 4
27 26 16 67 57 107 97 48 38 96 51 64 94 89 63 12 70 66 75 12 10 1
28 37 27 71 61 98 88 32 22 64 97 27 36 50 19 47 96 56 40 14 47 1
29 67 57 32 22 104 94 77 67 76 5 28 33 59 73 31 82 96 36 95 25 3
