4 30
716 791 697 772 
0 92 42 69 60 53 79 30 97 6 18 15 63 91 14 28 89 73 51 36 52 4
1 81 10 89 53 6 87 14 30 35 100 36 58 85 17 42 21 65 51 1 20 4
2 26 24 35 3 35 73 44 44 42 94 97 93 29 19 67 98 39 76 56 75 4
3 6 17 83 72 67 18 44 73 21 4 47 61 65 16 96 50 65 43 95 10 3
4 40 58 16 9 85 51 61 2 21 69 97 84 48 57 89 92 6 100 22 91 1
5 71 40 80 86 88 41 97 87 79 77 48 85 98 38 33 72 70 87 76 71 3
6 4 75 52 2 1 28 57 55 68 51 79 43 91 60 64 39 95 86 33 72 4
7 38 66 70 4 11 43 51 81 62 60 16 77 26 52 72 85 91 15 79 39 1
8 29 27 89 94 42 60 94 35 21 86 33 96 65 77 37 85 61 94 2 62 1
9 13 52 81 99 50 53 10 100 35 49 78 76 41 20 54 5 79 11 87 3 2
10 57 74 42 20 34 59 19 5 97 6 48 49 3 10 99 84 19 21 37 90 2
11 69 89 34 100 6 10 71 21 12 41 99 14 12 46 23 25 39 24 87 43 4
12 9 30 70 81 30 23 91 74 47 34 92 82 4 75 39 43 36 44 14 98 4
13 84 74 25 21 65 59 6 6 95 55 48 1 65 39 30 39 37 70 8 44 2
14 25 7 90 33 62 68 35 94 93 27 16 16 100 39 94 79 28 31 59 17 2
15 34 67 79 89 31 12 76 26 41 6 92 72 36 36 100 64 51 22 46 45 1
16 56 67 9 54 53 40 6 19 41 25 42 61 30 79 69 27 90 44 83 77 3
17 32 70 69 65 5 59 42 54 19 38 1 20 6 4 15 51 26 15 97 8 4
18 85 11 21 34 58 56 94 71 34 58 38 23 53 68 57 39 62 5 42 9 2
19 36 68 32 43 21 9 17 84 18 45 38 100 28 8 18 93 66 19 52 95 4
20 88 39 84 46 81 52 77 59 96 41 44 19 28 63 96 43 49 73 72 83 2
21 93 66 54 24 14 91 67 57 95 52 36 81 41 74 14 17 25 62 48 22 2
22 50 6 3 65 55 15 100 74 93 51 69 78 75 30 4 55 68 56 91 35 2
23 86 49 79 31 63 6 56 88 37 97 23 52 75 94 39 84 6 6 60 95 3
24 91 87 36 5 80 24 25 42 84 90 50 91 90 93 76 30 36 1 42 53 1
25 5 62 77 77 42 91 14 6 99 82 7 81 13 80 55 81 99 18 63 50 2
26 50 32 79 67 7 9 28 44 42 22 83 16 25 9 6 1 78 62 7 32 4
27 90 62 58 92 27 31 87 69 35 41 20 46 97 14 47 16 28 90 73 80 2
28 72 40 85 62 97 85 10 7 88 26 29 49 19 66 72 72 66 97 30 21 3
29 31 21 47 92 56 62 72 41 25 44 73 68 18 45 33 41 10 6 48 73 3
