4 30
690 815 725 754 
0 20 90 97 8 73 27 58 45 29 4 19 41 12 50 80 83 64 18 82 37 4
1 73 18 89 53 98 95 14 30 96 63 94 99 65 14 32 69 35 22 13 17 2
2 62 4 63 75 71 45 72 16 74 16 83 36 41 71 56 33 66 41 18 52 3
3 42 21 19 68 95 22 80 69 85 3 13 71 5 58 43 70 79 84 35 7 3
4 12 46 88 89 57 39 33 90 36 66 35 94 62 88 61 80 83 44 79 66 4
5 31 44 40 98 40 45 49 99 5 12 37 86 77 95 57 29 65 81 31 6 4
6 8 87 56 14 13 40 61 67 41 18 42 57 14 67 66 93 71 5 71 96 4
7 30 74 70 20 11 59 43 97 96 66 95 46 90 99 48 86 20 32 92 58 1
8 73 75 25 42 78 16 30 83 39 21 85 100 22 80 95 48 61 57 30 12 1
9 37 56 97 11 66 57 34 12 78 52 55 7 83 51 11 54 21 27 81 70 1
10 57 14 50 60 34 99 27 45 81 80 10 46 75 14 54 34 55 4 50 51 1
11 17 73 90 84 54 94 27 5 100 27 72 47 25 30 69 17 76 92 71 63 3
12 93 2 54 53 14 95 75 46 45 100 88 61 60 70 4 24 60 60 64 33 3
13 24 22 65 61 5 7 46 46 79 36 42 83 83 26 21 66 29 11 99 19 4
14 89 51 54 85 26 12 99 46 92 71 59 40 76 87 100 78 8 69 94 97 2
15 30 31 75 53 27 76 80 90 78 27 70 79 13 16 34 35 37 34 74 80 3
16 44 43 89 30 41 16 86 3 14 19 40 25 21 29 99 52 29 91 30 2 3
17 24 18 61 13 89 99 26 94 8 14 57 43 18 19 21 99 66 38 61 45 3
18 77 67 13 90 50 12 86 27 2 53 29 41 18 92 92 45 14 48 18 74 4
19 76 32 72 99 61 65 57 40 87 82 80 72 76 26 52 7 67 59 96 54 1
20 60 91 56 98 53 4 49 11 93 62 59 22 73 100 25 60 52 80 99 4 2
21 61 74 14 40 74 99 35 65 2 13 85 35 20 25 31 81 20 31 42 26 2
22 46 42 99 1 51 51 96 10 25 57 36 64 32 36 6 84 43 45 1 41 4
23 10 85 95 59 87 42 80 24 64 88 71 86 14 18 65 56 9 29 63 39 2
24 55 35 100 53 44 72 89 90 6 79 93 11 53 45 93 7 38 99 32 32 1
25 61 86 25 1 98 15 62 30 16 8 19 98 83 10 53 41 72 96 17 58 4
26 62 32 83 75 11 9 40 52 86 21 90 13 7 30 41 91 76 27 60 39 2
27 14 46 82 84 43 23 11 61 77 80 3 93 49 48 21 11 74 28 97 52 1
28 64 20 77 42 89 73 2 95 33 82 7 63 90 17 87 55 71 25 44 21 2
29 31 1 47 72 56 42 64 21 61 20 88 55 61 92 52 6 77 98 55 16 4
