4 30
518 885 689 760 
0 82 72 100 90 19 9 37 27 61 8 56 44 91 72 28 86 71 41 65 6 2
1 24 14 101 91 77 67 54 44 99 31 86 97 97 10 90 83 59 54 2 16 1
2 70 60 105 95 39 29 82 72 51 35 32 93 3 18 89 36 85 69 59 57 4
3 61 51 69 59 86 76 94 84 82 43 91 33 45 28 21 94 18 77 19 19 4
4 48 38 27 17 97 87 68 58 67 18 71 99 16 30 15 5 35 51 28 18 1
5 98 88 107 97 107 97 16 6 23 8 11 61 82 45 73 33 67 53 42 88 1
6 29 19 84 74 30 20 85 75 57 75 23 89 54 87 2 59 8 8 42 53 4
7 34 24 11 1 87 77 72 62 35 77 44 93 54 76 43 39 47 17 37 14 3
8 34 24 77 67 27 17 78 68 9 69 82 58 64 57 88 27 7 25 17 23 4
9 16 6 84 74 53 43 29 19 10 33 61 93 98 13 94 86 50 67 61 33 3
10 64 54 18 8 65 55 19 9 27 93 20 7 42 56 5 13 35 89 2 49 4
11 47 37 56 46 64 54 65 55 82 43 50 78 38 52 75 2 69 47 7 50 4
12 11 1 38 28 64 54 91 81 19 93 36 39 30 6 33 42 4 62 27 60 1
13 68 58 24 14 73 63 21 11 50 27 78 56 62 2 69 15 49 18 55 79 3
14 42 32 80 70 19 9 57 47 92 45 96 84 12 17 86 29 54 88 5 6 3
15 30 20 70 60 103 93 43 33 62 67 55 65 72 98 72 53 86 5 58 100 3
16 99 89 66 56 32 22 107 97 24 76 29 9 61 3 91 54 96 45 65 41 3
17 13 3 65 55 26 16 78 68 99 10 6 47 5 57 50 48 34 97 33 77 3
18 40 30 87 77 41 31 88 78 42 71 26 22 62 20 96 35 12 10 57 93 2
19 13 3 81 71 42 32 110 100 23 80 58 31 54 69 54 80 49 32 76 6 3
20 50 40 96 86 35 25 81 71 35 6 2 43 60 62 3 84 62 16 16 7 3
21 73 63 58 48 50 40 35 25 6 39 96 98 89 100 37 58 15 65 62 65 1
22 41 31 52 42 62 52 73 63 55 57 89 1 27 81 6 42 9 66 23 92 2
23 13 3 78 68 50 40 15 5 42 59 67 59 82 95 61 10 23 26 93 46 3
24 62 52 13 3 55 45 106 96 20 2 11 60 17 6 10 48 51 56 80 3 1
25 37 27 98 88 58 48 19 9 67 16 77 77 81 30 63 71 4 13 37 60 2
26 46 36 85 75 31 21 70 60 21 91 4 26 41 90 48 13 9 12 81 76 1
27 28 18 69 59 17 7 58 48 1 89 14 29 88 94 96 62 57 52 77 9 2
28 31 21 65 55 92 82 26 16 58 30 84 37 61 7 81 57 43 80 38 65 2
29 33 23 106 96 78 68 43 33 35 5 15 8 91 60 93 11 23 25 22 40 2
