4 30
610 689 847 722 
0 56 46 74 64 93 83 11 1 3 12 76 3 86 58 25 45 36 1 20 53 3
1 30 20 15 5 91 81 68 58 23 59 63 44 60 85 44 62 7 50 67 58 4
2 16 6 59 49 93 83 36 26 20 28 45 36 53 100 43 82 47 22 37 3 4
3 11 1 19 9 36 26 44 34 98 91 89 51 45 94 56 11 57 7 12 82 4
4 38 28 109 99 79 69 58 48 56 4 49 33 74 7 33 88 80 13 1 6 3
5 16 6 25 15 25 15 26 16 29 41 46 41 98 93 11 42 25 24 43 4 1
6 31 21 86 76 32 22 87 77 88 85 76 52 58 91 30 23 32 51 81 50 2
7 48 38 25 15 101 91 86 76 29 6 24 57 86 30 90 84 97 26 40 29 3
8 20 10 71 61 21 11 72 62 43 12 4 33 39 84 50 65 95 88 51 37 3
9 98 88 74 64 43 33 11 1 93 76 47 25 30 56 92 53 15 37 83 67 4
10 66 56 20 10 67 57 21 11 46 78 58 27 32 41 95 77 59 16 84 87 4
11 73 63 82 72 90 80 99 89 21 100 68 84 28 52 82 72 72 20 85 5 1
12 17 7 44 34 70 60 97 87 36 71 47 21 15 57 88 14 53 30 58 42 2
13 78 68 26 16 75 65 31 21 80 68 89 20 65 1 86 69 15 32 64 5 1
14 96 86 34 24 73 63 19 9 20 75 44 13 49 26 43 54 2 65 77 5 3
15 84 74 16 6 57 47 89 79 69 3 85 71 90 75 74 16 96 71 100 99 4
16 73 63 40 30 14 4 81 71 14 43 69 63 93 32 50 46 18 26 2 31 2
17 31 21 83 73 44 34 96 86 89 71 74 6 50 17 81 87 53 75 28 70 3
18 42 32 89 79 43 33 90 80 64 66 38 87 82 8 77 36 69 56 67 73 2
19 71 61 39 29 108 98 68 58 19 58 13 70 58 37 24 79 21 92 3 55 2
20 20 10 66 56 105 95 51 41 65 56 42 25 85 20 38 73 49 10 18 90 4
21 27 17 12 2 104 94 89 79 75 28 93 18 20 47 48 54 21 48 38 26 1
22 83 73 94 84 104 94 15 5 42 63 63 21 40 14 19 94 34 53 19 83 4
23 87 77 60 50 24 14 97 87 41 95 83 77 59 78 23 79 55 46 50 99 3
24 48 38 99 89 41 31 92 82 29 14 57 78 23 27 38 73 60 2 67 75 3
25 79 69 40 30 100 90 61 51 25 34 12 55 94 68 91 98 27 58 37 26 3
26 16 6 63 53 101 91 48 38 9 99 54 30 8 60 38 47 24 56 62 80 2
27 98 88 39 29 87 77 28 18 29 39 76 61 13 9 8 28 62 87 88 59 3
28 53 43 87 77 14 4 48 38 2 3 41 30 99 42 12 56 50 56 95 25 3
29 15 5 88 78 60 50 25 15 39 21 51 37 68 52 81 31 80 80 38 27 3
