4 30
301 281 266 354 
0 68 58 86 76 105 95 23 13 60 76 19 77 78 28 84 45 18 34 22 74 3
1 70 60 47 37 23 13 108 98 62 57 40 54 21 92 26 11 27 41 10 74 4
2 92 82 35 25 69 59 12 2 45 23 21 50 77 20 56 12 66 54 65 85 3
3 27 17 43 33 52 42 68 58 30 72 97 9 24 34 77 24 55 76 99 77 2
4 98 88 69 59 39 29 110 100 90 29 74 14 30 29 95 73 26 41 38 4 3
5 16 6 17 7 25 15 26 16 80 5 98 53 79 79 27 90 11 86 55 91 1
6 31 21 86 76 32 22 79 69 15 11 58 58 23 33 76 5 37 45 39 52 2
7 56 46 33 23 17 7 94 84 16 18 62 43 24 50 99 89 40 94 52 73 2
8 16 6 59 49 109 99 60 50 71 1 29 24 4 90 40 68 17 79 24 96 3
9 74 64 42 32 11 1 87 77 70 96 30 23 58 86 21 95 61 91 32 38 4
10 34 24 88 78 35 25 89 79 4 55 58 8 35 63 16 30 57 50 66 59 1
11 37 27 46 36 54 44 63 53 22 68 66 36 40 35 86 55 68 24 6 21 1
12 29 19 56 46 82 72 109 99 14 64 88 79 89 11 12 62 79 97 59 85 4
13 30 20 86 76 35 25 83 73 34 46 11 50 49 87 30 39 54 33 86 83 3
14 16 6 54 44 93 83 31 21 82 35 40 83 62 68 84 33 79 61 26 72 3
15 100 90 32 22 73 63 105 95 56 15 96 63 66 47 61 11 68 16 63 26 1
16 77 67 44 34 110 100 85 75 53 29 58 41 23 69 23 38 25 58 60 17 1
17 99 89 51 41 12 2 64 54 11 96 75 26 18 45 12 37 13 9 53 68 4
18 94 84 41 31 95 85 50 40 24 18 76 75 41 48 51 76 32 81 32 43 4
19 59 49 19 9 88 78 56 46 53 88 23 16 63 57 20 48 26 28 74 75 4
20 80 70 18 8 65 55 103 93 34 91 77 1 23 91 80 63 7 65 24 40 2
21 87 77 72 62 64 54 49 39 91 64 45 15 10 30 37 48 62 76 99 45 3
22 95 85 106 96 108 98 19 9 57 77 8 50 88 70 4 12 23 96 47 55 3
23 75 65 40 30 12 2 77 67 96 62 53 12 37 19 34 93 13 80 79 40 1
24 32 22 75 65 25 15 68 58 7 44 40 50 72 32 88 76 46 15 91 66 2
25 91 81 52 42 12 2 73 63 98 51 54 18 34 98 66 88 8 86 6 80 1
26 44 34 91 81 29 19 76 66 45 3 34 64 27 72 85 10 98 12 63 39 4
27 66 56 107 97 47 37 88 78 2 65 30 84 52 89 61 21 86 80 23 92 4
28 81 71 15 5 42 32 76 66 28 41 99 28 78 82 73 72 61 47 4 75 1
29 31 21 96 86 68 58 41 31 55 45 86 27 93 96 57 43 60 89 83 48 2
