4 30
688 759 811 882 
0 76 86 53 4 29 23 14 41 99 66 18 80 31 6 56 59 11 37 93 88 3
1 73 26 81 61 90 3 6 38 15 35 78 96 83 12 1 17 21 17 41 40 3
2 26 48 35 19 35 97 44 68 100 57 37 25 24 33 69 95 49 18 91 17 3
3 6 21 83 68 59 22 36 69 55 37 71 65 62 62 38 25 35 5 38 73 4
4 56 14 32 65 1 7 69 58 53 12 80 74 32 64 22 11 84 19 6 90 4
5 43 52 52 6 60 53 61 7 47 91 86 54 45 70 48 40 15 81 57 56 3
6 24 19 72 46 29 72 77 99 40 21 94 54 44 70 69 54 46 40 30 32 1
7 30 6 62 44 3 83 43 21 40 26 94 62 49 9 37 99 97 10 83 17 2
8 45 71 5 46 58 12 10 79 80 40 82 21 88 76 17 71 82 33 62 58 1
9 77 72 37 27 6 73 66 28 65 97 86 64 98 8 83 63 24 24 88 37 3
10 73 94 66 40 50 79 43 25 70 47 3 53 77 38 44 18 35 17 25 81 3
11 21 33 94 44 66 54 31 65 39 61 37 59 25 73 6 18 51 57 93 21 3
12 53 46 14 89 74 39 35 82 16 12 45 70 49 48 27 39 98 48 10 11 2
13 4 10 45 49 85 95 26 42 4 18 81 55 65 9 27 76 22 16 66 100 3
14 17 39 82 73 54 100 27 34 26 71 44 16 90 40 62 97 84 89 36 5 1
15 22 59 67 81 19 96 72 18 5 69 34 79 95 85 97 45 23 30 16 61 4
16 12 3 57 90 9 76 54 55 42 9 6 100 48 80 12 13 76 85 55 43 3
17 100 6 37 93 73 87 10 82 88 100 32 22 61 28 57 1 26 17 17 77 1
18 69 79 5 2 42 16 78 39 81 32 23 30 34 68 5 69 49 85 49 38 1
19 56 44 52 11 41 85 37 52 62 48 19 58 97 65 39 51 11 42 24 26 4
20 4 87 100 94 97 100 93 99 99 17 17 17 49 93 62 95 80 30 92 2 1
21 89 98 42 64 2 23 63 89 53 55 29 7 59 69 48 100 50 10 100 94 1
22 46 14 91 73 43 23 96 82 42 22 41 79 29 69 99 78 88 83 47 3 3
23 50 49 43 23 35 6 20 88 86 77 58 78 35 85 96 5 63 45 63 20 1
24 75 39 20 57 64 76 9 94 19 3 80 87 50 75 69 18 11 45 3 55 1
25 65 34 29 49 2 63 66 78 14 7 49 78 80 21 52 14 7 49 32 22 3
26 78 48 99 91 27 25 56 68 100 49 9 14 31 69 74 77 71 62 69 29 1
27 54 30 22 68 91 99 51 37 5 88 60 94 52 81 2 85 71 56 37 45 1
28 48 88 61 10 73 33 86 55 88 68 91 73 34 14 27 42 92 84 21 45 4
29 23 61 39 32 48 2 64 73 10 81 38 40 43 62 75 80 42 22 14 20 2
