4 30
319 282 284 332 
0 94 84 12 2 31 21 49 39 29 43 34 21 13 24 12 33 96 95 28 69 4
1 56 46 33 23 109 99 94 84 67 21 83 53 95 88 96 36 8 91 56 67 4
2 38 28 81 71 15 5 58 48 34 29 74 1 94 12 86 32 30 71 20 30 3
3 85 75 93 83 102 92 18 8 45 75 47 97 36 19 28 68 79 76 55 88 4
4 108 98 79 69 49 39 20 10 91 80 51 37 47 5 24 78 71 35 25 70 4
5 98 88 99 89 107 97 108 98 79 5 85 12 57 74 57 8 12 69 11 95 4
6 29 19 84 74 30 20 85 75 3 24 17 100 71 58 43 19 79 88 19 78 4
7 42 32 19 9 95 85 80 70 42 56 88 55 64 24 81 29 81 84 69 51 1
8 22 12 73 63 15 5 66 56 22 76 68 67 91 11 27 52 89 87 89 93 3
9 84 74 52 42 29 19 97 87 12 70 100 12 81 36 49 79 18 79 81 93 2
10 32 22 86 76 33 23 87 77 94 50 94 49 1 48 60 90 2 3 27 72 4
11 11 1 20 10 28 18 29 19 27 16 15 24 54 94 55 37 37 72 69 27 4
12 23 13 50 40 76 66 103 93 9 49 43 63 54 88 14 22 68 90 91 98 3
13 28 18 76 66 33 23 81 71 35 93 69 75 2 23 43 2 87 20 67 4 2
14 54 44 92 82 31 21 77 67 81 83 48 93 38 21 73 77 64 59 1 81 4
15 46 36 86 76 27 17 59 49 31 14 53 49 2 29 96 85 72 28 69 43 3
16 103 93 70 60 36 26 11 1 15 16 28 75 53 99 7 27 90 74 8 61 4
17 81 71 33 23 86 76 46 36 31 57 35 84 8 62 38 7 70 51 92 30 2
18 92 82 39 29 93 83 40 30 70 30 11 59 26 53 18 85 73 53 30 70 4
19 101 91 61 51 30 20 90 80 38 93 32 69 37 33 59 34 3 97 8 50 4
20 110 100 48 38 95 85 33 23 89 86 81 4 37 85 28 45 44 89 11 28 2
21 33 23 18 8 110 100 95 85 82 13 96 52 61 38 29 99 81 12 82 97 1
22 53 43 64 54 74 64 85 75 48 73 97 97 23 43 65 12 54 90 23 87 4
23 93 83 66 56 30 20 103 93 43 7 41 84 97 44 84 6 7 39 94 5 4
24 46 36 97 87 39 29 82 72 11 87 76 59 41 34 71 31 83 43 52 57 4
25 57 47 18 8 78 68 31 21 59 18 89 31 42 35 34 26 19 23 31 78 2
26 74 64 21 11 59 49 106 96 63 84 4 60 16 87 57 84 45 65 4 85 2
27 96 86 37 27 77 67 18 8 42 15 12 10 51 46 99 73 4 77 7 76 1
28 59 49 93 83 20 10 54 44 28 36 94 24 9 71 20 91 40 6 59 58 4
29 49 39 14 4 86 76 59 49 38 73 38 28 77 59 93 1 25 75 56 65 1
