4 30
760 693 789 756 
0 108 98 26 16 45 35 63 53 29 22 47 64 28 32 26 62 56 3 99 16 3
1 110 100 87 77 63 53 40 30 16 47 7 64 44 78 48 75 13 77 66 93 2
2 16 6 51 41 93 83 28 18 29 14 85 20 64 70 20 12 11 93 82 36 4
3 11 1 27 17 36 26 44 34 18 53 56 12 97 91 66 88 69 26 56 57 1
4 66 56 37 27 107 97 78 68 42 95 42 9 52 49 97 53 31 89 81 23 4
5 80 70 89 79 89 79 98 88 54 70 59 53 18 85 75 4 43 82 9 16 1
6 35 25 82 72 36 26 83 73 3 64 69 96 68 62 98 64 91 80 42 80 2
7 12 2 97 87 73 63 50 40 58 57 43 96 67 48 67 51 88 32 97 52 2
8 40 30 91 81 33 23 84 74 27 96 79 8 18 84 24 31 33 4 22 24 2
9 26 16 102 92 71 61 39 29 30 9 82 61 73 2 80 22 62 71 1 80 1
10 62 52 16 6 63 53 17 7 90 89 55 32 36 29 96 48 23 65 55 78 3
11 21 11 30 20 30 20 39 29 88 56 1 63 51 25 3 95 97 32 31 44 2
12 105 95 32 22 58 48 85 75 94 85 66 93 23 88 16 66 60 76 75 25 3
13 66 56 22 12 71 61 19 9 30 54 18 62 86 37 26 31 99 12 100 32 4
14 80 70 26 16 65 55 103 93 86 47 64 52 95 88 46 79 51 20 40 13 1
15 84 74 16 6 57 47 97 87 79 52 33 100 47 57 76 5 7 42 74 21 1
16 25 15 92 82 58 48 33 23 89 54 97 36 94 76 19 3 22 9 53 62 1
17 95 85 47 37 100 90 60 50 57 12 5 50 89 42 9 21 72 88 37 58 1
18 30 20 85 75 31 21 86 76 52 90 1 97 48 11 49 96 2 91 40 32 4
19 55 45 23 13 84 74 52 42 30 19 61 32 8 83 33 75 24 66 63 84 2
20 80 70 26 16 65 55 11 1 11 8 49 33 92 70 94 23 23 46 27 91 2
21 19 9 104 94 96 86 81 71 17 95 57 14 6 73 16 77 17 23 58 73 4
22 99 89 110 100 20 10 31 21 69 40 41 38 98 47 64 92 82 18 34 48 1
23 31 21 104 94 76 66 41 31 34 22 46 25 59 32 75 69 64 94 97 99 2
24 84 74 27 17 77 67 20 10 3 7 92 13 10 26 74 67 42 26 16 91 3
25 95 85 56 46 16 6 77 67 67 37 44 52 61 24 76 42 99 90 9 64 1
26 68 58 15 5 61 51 100 90 99 26 49 60 49 17 82 12 1 62 17 68 4
27 58 48 99 89 47 37 88 78 47 34 12 36 98 58 55 73 73 75 5 4 2
28 109 99 43 33 70 60 104 94 52 37 2 29 46 57 26 73 68 85 47 44 4
29 51 41 24 14 88 78 61 51 4 66 72 92 77 65 80 5 94 16 13 6 4
