4 30
300 311 218 281 
0 8 98 85 16 69 35 46 53 82 79 83 17 84 3 5 89 82 95 9 54 2
1 89 2 5 37 14 79 30 14 67 10 33 83 2 27 52 100 58 10 91 9 3
2 26 8 27 79 35 49 36 20 47 8 84 5 18 15 31 84 66 45 79 60 1
3 14 21 91 68 67 22 52 69 58 6 27 33 38 54 95 56 23 31 51 22 3
4 32 2 100 53 69 3 45 46 63 85 99 24 73 70 28 55 32 62 19 71 4
5 7 20 16 74 16 21 25 75 70 71 15 92 54 14 55 5 14 68 33 38 3
6 84 31 32 58 81 84 37 11 2 96 15 6 3 99 70 58 30 53 2 37 1
7 46 18 86 64 19 3 59 41 34 40 81 19 69 45 75 69 35 84 83 48 2
8 13 75 65 50 26 16 78 83 95 13 81 65 42 78 44 6 20 93 43 11 3
9 57 24 25 79 86 25 54 80 65 57 59 89 30 84 42 62 63 18 87 39 1
10 33 54 18 92 10 39 95 77 98 39 89 51 99 67 5 66 3 5 81 48 4
11 9 45 74 56 46 66 19 77 33 57 98 6 81 21 38 69 2 10 42 90 4
12 65 22 26 73 86 15 47 66 65 55 6 32 86 38 96 99 37 18 87 68 1
13 64 38 5 85 45 23 94 70 100 64 63 99 18 27 13 45 93 29 69 70 4
14 25 67 98 1 70 28 43 62 78 26 47 52 94 99 35 73 99 3 82 88 2
15 38 83 91 97 43 20 88 42 76 95 69 22 85 4 19 79 3 73 50 73 3
16 8 31 53 18 5 4 50 83 43 48 65 87 43 7 32 48 60 11 2 26 3
17 64 42 1 37 37 31 74 18 9 33 56 85 13 27 14 74 80 47 37 8 1
18 9 51 45 66 82 88 18 11 89 27 68 81 77 68 48 69 85 46 29 50 2
19 16 100 4 67 1 41 89 8 21 91 77 11 65 49 67 11 98 8 98 89 2
20 80 99 76 6 73 12 69 19 79 89 15 94 68 47 81 67 16 47 2 21 2
21 5 26 66 92 18 59 79 17 67 73 23 12 25 28 83 4 36 94 63 63 2
22 62 98 15 57 59 7 12 66 16 89 77 32 8 65 36 51 87 83 33 1 2
23 22 57 15 31 99 14 92 88 21 88 92 21 6 34 73 63 31 3 61 69 1
24 7 27 52 45 96 64 41 82 83 17 69 100 10 27 17 98 55 72 63 51 3
25 45 90 17 5 90 19 54 42 82 44 15 50 31 64 15 16 33 60 88 52 2
26 30 8 59 51 87 85 8 20 50 86 14 54 17 6 18 99 32 84 98 53 2
27 34 86 94 24 63 63 23 1 14 94 46 60 53 18 29 12 57 9 96 41 4
28 96 100 9 22 21 45 34 67 22 34 73 38 34 47 9 11 26 17 93 70 4
29 39 81 55 52 64 30 80 1 89 54 63 5 44 63 45 77 88 18 1 67 2
