4 30
632 841 809 784 
0 6 16 83 34 59 53 44 71 84 34 43 10 70 14 53 95 60 73 86 55 3
1 31 64 39 99 56 41 64 76 41 19 6 26 22 36 29 55 69 81 95 77 3
2 44 14 45 85 53 55 54 34 61 90 23 84 88 60 53 98 47 24 29 27 2
3 20 19 5 74 81 20 58 75 93 93 79 46 57 14 7 7 53 4 41 52 3
4 30 52 98 3 75 45 43 96 58 22 5 8 74 28 41 96 2 25 32 4 4
5 5 42 6 88 14 43 23 89 94 51 67 27 8 55 14 33 24 85 3 88 3
6 6 81 54 8 11 34 59 61 94 22 99 100 13 12 2 82 69 92 84 75 2
7 84 20 24 58 57 97 97 35 21 66 46 16 58 3 7 51 54 3 58 86 3
8 47 1 7 68 60 34 12 9 75 37 67 51 13 72 45 55 83 21 78 25 4
9 79 54 39 1 8 55 68 2 76 68 11 76 9 38 66 52 25 42 46 75 2
10 11 44 96 90 80 29 73 75 56 51 45 17 71 7 46 4 71 82 71 12 3
11 43 31 16 42 80 52 53 63 98 44 63 83 48 80 57 85 77 36 51 6 2
12 51 16 12 67 72 9 33 60 4 4 4 18 31 19 77 37 74 64 26 87 2
13 54 44 95 91 35 29 76 76 78 49 96 77 29 76 75 43 33 43 29 27 2
14 7 29 72 55 44 90 17 24 9 58 18 43 88 1 28 35 28 94 6 58 2
15 28 49 81 71 25 94 78 8 13 3 20 70 67 9 81 48 12 98 90 12 4
16 50 5 95 92 47 78 92 65 32 96 41 76 66 73 4 1 93 85 33 96 2
17 78 48 15 35 51 29 88 24 82 16 58 40 34 83 72 59 95 60 35 5 3
18 31 93 67 8 4 30 40 53 27 90 95 42 84 95 77 3 49 97 8 34 2
19 6 50 2 17 91 91 87 58 46 18 62 65 59 55 60 69 53 73 49 31 1
20 74 65 70 72 67 78 63 85 56 73 64 2 28 25 36 66 8 47 30 1 1
21 27 16 88 82 40 49 1 7 100 70 7 60 10 24 58 23 92 10 18 51 1
22 52 24 5 83 49 33 2 92 15 25 63 92 27 55 35 99 28 15 33 77 4
23 48 71 41 45 25 28 18 2 70 55 11 10 55 35 60 74 22 1 75 57 1
24 69 61 22 79 66 98 11 16 66 63 20 37 49 22 92 53 8 27 69 62 2
25 79 28 51 43 16 57 88 72 35 27 22 38 71 88 19 33 8 37 18 3 2
26 56 86 85 21 5 63 34 98 54 58 17 98 46 54 82 88 60 48 2 35 2
27 56 100 16 38 85 77 53 15 46 39 84 70 85 87 74 11 19 95 13 22 2
28 22 30 27 52 39 75 52 97 3 18 25 52 78 22 69 40 21 51 61 29 2
29 81 11 97 82 6 52 22 31 97 15 42 98 42 81 69 99 89 84 33 29 2
