4 30
814 973 593 752 
0 86 76 104 94 23 13 41 31 69 75 20 3 38 96 81 48 71 58 91 3 3
1 68 58 45 35 21 11 98 88 79 32 27 30 18 22 26 79 80 87 40 48 4
2 62 52 97 87 31 21 74 64 15 11 76 83 59 44 88 90 10 72 52 19 1
3 69 59 77 67 94 84 102 92 86 84 65 28 71 83 48 39 4 4 17 24 2
4 104 94 75 65 45 35 16 6 68 62 60 2 90 9 87 98 95 32 25 66 1
5 34 24 35 25 43 33 44 34 72 23 67 25 29 29 6 7 45 41 25 93 3
6 29 19 84 74 30 20 85 75 97 98 96 67 59 61 77 47 30 41 23 100 1
7 70 60 47 37 23 13 108 98 34 67 81 30 80 4 23 76 15 56 17 17 3
8 58 48 109 99 59 49 110 100 54 44 59 93 6 39 72 25 54 13 82 62 3
9 72 62 40 30 17 7 85 75 6 28 1 15 81 75 17 99 35 83 46 88 1
10 56 46 102 92 57 47 11 1 47 48 27 1 36 12 72 32 34 33 56 30 4
11 35 25 44 34 52 42 53 43 18 27 10 96 17 29 94 57 12 35 94 21 3
12 79 69 106 96 32 22 59 49 44 93 72 69 100 39 74 96 53 34 65 73 4
13 60 50 108 98 57 47 13 3 19 30 7 64 27 10 83 96 92 52 68 41 2
14 110 100 48 38 95 85 33 23 35 97 69 99 29 51 38 82 41 27 51 66 1
15 38 28 78 68 11 1 51 41 95 21 91 7 5 80 85 88 99 93 43 42 1
16 103 93 70 60 36 26 103 93 13 17 88 36 23 90 29 16 97 37 83 65 1
17 33 23 93 83 46 36 98 88 60 2 6 48 52 69 11 90 72 36 91 81 3
18 24 14 71 61 25 15 72 62 92 7 49 4 97 26 77 13 48 4 3 15 1
19 73 63 41 31 110 100 70 60 50 12 28 94 11 59 30 29 46 17 37 12 2
20 70 60 108 98 55 45 93 83 2 10 76 68 63 94 64 53 77 4 21 67 1
21 57 47 50 40 34 24 27 17 80 27 2 79 10 10 50 46 86 34 55 60 4
22 81 71 92 82 102 92 13 3 90 70 46 60 79 61 61 71 81 54 89 76 2
23 109 99 74 64 46 36 11 1 13 40 75 98 94 88 66 54 76 78 92 96 2
24 26 16 69 59 19 9 62 52 20 75 71 59 92 68 9 91 10 19 19 46 4
25 77 67 38 28 98 88 59 49 88 21 43 10 99 72 49 27 49 36 63 41 3
26 50 40 97 87 43 33 82 72 30 33 11 89 86 46 47 56 16 77 99 23 2
27 48 38 97 87 37 27 78 68 70 92 64 30 33 98 95 18 6 93 86 65 3
28 43 33 69 59 104 94 38 28 75 83 71 98 88 94 66 46 70 74 89 20 2
29 105 95 78 68 42 32 15 5 76 85 34 23 81 56 13 75 99 40 5 56 2
