4 30
208 315 258 352 
0 66 76 51 94 27 13 4 31 57 69 16 7 36 7 68 81 3 75 5 6 2
1 47 40 55 83 72 17 80 60 75 89 28 47 100 22 91 10 46 43 63 64 1
2 72 46 81 17 81 87 90 58 83 57 71 78 27 71 74 34 82 97 77 5 1
3 64 23 41 70 25 24 2 71 77 72 32 81 25 76 96 77 34 13 29 10 2
4 70 28 46 71 15 21 83 72 38 48 10 85 65 72 35 65 77 82 47 14 4
5 21 14 30 68 38 15 39 69 73 47 69 27 96 66 29 16 81 44 47 91 1
6 70 5 18 32 75 58 23 85 91 40 98 83 63 29 2 77 17 25 46 75 2
7 100 48 40 86 73 25 13 71 32 94 6 91 57 59 38 57 59 28 70 82 4
8 59 53 11 20 64 94 24 61 54 94 15 84 72 13 26 65 71 38 25 69 3
9 75 10 43 65 12 11 72 66 76 8 3 17 5 7 53 76 64 35 25 60 4
10 71 44 64 82 48 29 41 67 92 64 71 15 63 42 85 96 44 68 51 64 1
11 79 19 52 30 16 40 89 51 8 91 12 21 10 93 87 86 5 73 94 26 1
12 47 72 8 15 68 65 29 8 35 73 20 94 39 71 32 59 39 88 90 54 2
13 54 20 95 67 43 5 84 52 57 50 91 64 19 95 65 6 15 44 2 34 4
14 79 1 52 35 24 62 89 96 88 39 39 91 3 11 99 41 31 5 35 32 3
15 48 37 93 51 45 74 98 96 50 63 37 63 81 58 75 69 99 18 30 79 3
16 26 9 79 96 23 82 76 69 18 53 76 80 63 20 55 70 75 61 7 76 3
17 26 24 63 19 99 13 36 8 68 85 21 8 53 29 71 7 31 87 34 45 2
18 71 21 7 36 44 58 80 73 73 90 67 18 36 52 82 84 47 68 23 69 2
19 98 62 94 37 83 3 79 78 88 65 74 30 5 9 52 89 22 89 57 46 3
20 22 29 18 36 15 42 11 49 42 57 89 88 71 71 15 73 17 48 24 48 2
21 11 60 64 26 24 85 85 51 65 64 79 29 44 32 58 59 54 11 48 41 2
22 72 44 17 3 69 53 14 12 28 50 4 73 37 70 63 90 65 89 87 82 3
23 36 7 29 81 21 64 6 46 47 6 53 43 1 40 53 54 70 94 82 83 4
24 65 97 10 15 54 34 99 52 89 45 43 89 91 42 19 4 62 28 87 70 4
25 23 8 87 23 60 37 24 52 79 94 5 100 5 22 49 78 30 59 4 99 3
26 20 46 49 89 77 23 98 66 16 12 57 9 84 36 99 33 52 89 16 57 1
27 52 56 12 94 81 25 41 63 43 31 93 81 43 89 73 55 10 64 3 91 1
28 62 30 75 52 87 75 100 97 16 3 82 9 60 76 55 36 46 61 22 13 3
29 97 11 5 82 22 60 30 31 34 42 99 60 42 80 1 39 34 29 10 22 3
