4 30
299 303 310 273 
0 66 56 77 74 88 93 20 11 91 45 89 56 99 43 16 4 25 40 76 45 4
1 82 88 29 23 55 65 102 100 45 97 65 59 92 2 53 4 40 7 40 47 2
2 78 82 55 53 25 31 2 2 83 48 56 54 16 97 66 66 61 44 58 35 1
3 18 23 69 70 26 24 64 71 60 90 46 72 23 35 11 53 34 68 46 71 2
4 78 76 24 27 62 69 16 20 50 27 9 76 49 14 7 91 96 90 61 40 2
5 67 70 14 16 69 71 16 17 5 61 39 63 74 89 30 77 12 16 41 84 1
6 43 49 93 84 1 10 43 37 63 69 94 41 8 4 98 83 72 28 63 23 2
7 88 92 26 30 66 69 17 7 90 54 50 73 69 47 46 69 77 74 13 24 4
8 54 49 10 16 74 82 59 57 84 74 34 48 62 24 100 3 27 48 6 15 3
9 81 90 45 45 88 91 52 46 27 3 39 100 59 16 7 99 95 49 49 27 3
10 46 52 87 90 44 37 85 75 32 45 36 7 66 67 21 67 98 88 40 54 3
11 46 43 52 54 64 64 70 67 21 41 32 2 76 58 45 71 54 33 46 46 2
12 75 68 3 11 58 61 7 4 37 24 79 55 29 26 36 88 71 31 41 3 3
13 78 68 15 15 55 53 105 100 92 35 21 4 52 100 96 98 76 65 9 100 2
14 56 57 86 83 16 18 46 44 89 84 99 90 27 48 81 5 66 88 98 12 3
15 67 69 75 83 1 6 36 28 50 40 59 3 41 21 28 86 42 27 14 52 1
16 2 1 87 88 70 74 55 53 88 2 27 44 82 29 92 83 76 62 93 67 3
17 67 64 59 59 41 45 33 40 81 43 80 47 6 49 63 29 44 84 66 79 3
18 56 65 85 88 6 2 35 25 31 78 5 45 53 10 91 28 99 7 13 36 4
19 36 38 9 5 77 79 50 46 16 4 7 68 4 20 69 86 49 73 13 84 4
20 7 1 1 8 12 14 25 21 7 36 3 35 63 38 64 6 15 52 53 23 3
21 88 80 37 38 15 5 72 71 42 8 44 1 16 13 13 2 86 57 85 21 3
22 4 4 62 63 10 13 81 72 25 96 19 11 70 94 18 89 73 2 15 61 3
23 28 27 8 9 80 84 60 66 55 39 53 88 73 45 89 85 71 56 31 69 3
24 22 25 39 43 56 62 73 80 75 27 88 87 63 24 64 17 27 7 18 67 3
25 32 40 45 55 71 69 92 92 25 76 79 34 65 16 29 45 12 18 44 32 4
26 8 18 44 53 99 95 35 30 83 63 81 7 8 97 23 88 95 70 57 24 4
27 46 52 93 90 34 29 52 59 62 44 75 87 6 55 98 2 75 88 40 41 3
28 31 38 67 60 82 83 1 5 93 26 53 35 50 7 94 92 2 66 98 5 4
29 15 11 84 82 61 52 30 23 98 93 56 45 17 63 92 61 88 53 71 17 2
