4 30
826 655 561 770 
0 62 12 39 30 15 49 100 67 81 32 21 44 23 76 38 65 2 36 82 26 4
1 23 72 31 7 48 49 56 84 49 93 20 96 55 4 90 58 23 58 66 45 3
2 8 66 17 37 17 7 26 78 43 44 65 70 4 31 29 20 27 16 50 46 2
3 84 19 69 74 45 20 22 75 91 35 51 63 16 22 76 6 45 90 1 8 1
4 74 20 42 71 19 21 87 64 56 68 99 62 21 30 93 27 49 54 30 23 1
5 17 50 18 4 26 51 35 5 98 4 17 26 44 55 41 60 69 100 62 43 3
6 22 13 70 40 19 66 75 93 71 2 21 54 34 13 49 47 63 73 56 88 4
7 76 52 16 90 57 29 89 67 66 99 33 19 46 76 19 22 45 17 63 68 1
8 27 97 79 72 40 38 92 5 22 64 77 34 80 76 73 34 89 7 4 32 2
9 19 70 79 17 48 71 8 18 66 94 93 73 97 41 43 58 23 62 63 68 1
10 19 24 12 70 96 9 89 55 8 74 24 1 40 63 3 95 39 25 98 1 2
11 47 91 20 2 84 12 57 23 29 22 17 28 36 18 57 36 49 50 7 66 3
12 11 60 72 3 32 53 93 96 100 16 60 32 57 73 31 64 20 94 23 15 1
13 34 40 75 79 15 25 56 64 64 7 94 14 71 88 10 91 26 91 64 67 2
14 35 17 100 51 72 78 45 12 67 14 14 35 32 60 6 83 52 98 17 96 1
15 20 77 73 99 25 22 70 36 17 64 69 17 9 3 54 75 63 72 68 57 1
16 18 65 71 52 15 30 60 17 34 86 22 23 62 89 74 24 61 66 41 65 2
17 54 28 91 23 27 17 64 12 54 51 20 88 32 86 88 42 34 53 9 27 3
18 23 5 59 20 96 42 32 57 38 72 83 63 18 65 32 66 67 73 15 30 4
19 86 62 82 37 71 3 67 78 14 89 28 39 90 61 72 9 77 56 76 44 2
20 18 61 14 68 11 74 7 81 58 49 1 31 42 53 46 11 23 75 52 41 3
21 55 40 16 6 68 73 29 31 81 77 74 94 22 40 85 19 59 75 2 48 4
22 44 96 97 55 41 5 94 64 49 76 42 11 53 96 33 2 22 92 47 22 2
23 88 35 81 9 73 92 58 66 61 91 100 35 66 66 52 11 13 6 38 85 3
24 97 65 42 83 86 2 31 20 6 57 13 22 53 49 77 16 47 25 87 53 4
25 83 68 55 91 28 5 92 20 71 74 28 33 21 57 81 21 22 72 59 20 4
26 72 94 1 37 21 71 50 14 91 59 14 36 43 71 95 94 45 81 76 12 3
27 96 84 64 22 25 53 93 91 12 12 16 76 30 2 56 81 38 45 81 73 2
28 6 98 11 20 23 43 36 65 83 49 88 61 45 19 41 13 4 71 5 39 4
29 81 71 89 42 6 12 14 83 17 14 28 25 35 61 60 36 64 53 12 67 2
