4 30
754 625 785 848 
0 47 40 58 58 77 77 88 95 100 26 80 62 45 25 75 42 86 17 23 100 1
1 30 20 48 55 103 97 42 32 24 69 64 98 47 60 50 42 23 1 98 38 1
2 74 74 51 45 21 23 98 94 37 53 44 12 67 55 38 53 80 52 85 12 4
3 16 23 75 70 32 24 62 71 80 62 18 45 11 7 54 41 62 60 32 5 1
4 59 56 13 7 51 49 97 100 22 13 19 24 86 80 94 69 75 29 84 26 4
5 6 10 53 56 8 11 55 57 90 48 50 23 58 97 30 22 99 54 8 2 2
6 73 69 94 96 23 22 44 49 50 35 12 83 74 7 35 58 82 16 27 30 3
7 5 4 43 42 83 81 13 19 62 82 86 1 68 73 45 1 81 48 50 45 3
8 51 41 15 16 92 82 56 49 95 13 42 42 74 30 60 20 69 48 76 25 2
9 51 54 2 9 58 55 9 10 10 5 21 48 55 18 70 40 75 75 78 40 4
10 75 72 24 18 52 57 1 3 63 4 99 84 17 62 77 66 68 2 95 62 1
11 101 91 7 2 19 12 25 23 95 79 67 9 14 60 62 68 9 2 47 12 1
12 27 28 76 71 31 21 59 64 10 16 72 68 77 78 37 57 13 91 99 96 1
13 32 28 82 75 22 13 59 60 5 47 33 74 73 88 68 63 53 55 58 28 2
14 7 17 37 43 75 78 5 4 74 20 45 80 96 26 29 56 22 59 86 63 2
15 80 73 104 95 12 10 36 32 93 10 45 11 71 83 3 85 95 85 40 70 4
16 35 33 20 20 103 98 88 85 94 59 79 59 53 57 54 72 52 86 55 49 1
17 2 8 1 3 105 97 97 92 5 72 60 65 54 76 35 16 5 67 54 98 3
18 1 5 29 28 50 42 58 65 91 18 25 90 95 1 15 28 24 11 2 25 2
19 100 94 52 61 41 35 1 2 32 27 81 19 95 56 35 49 15 88 28 3 1
20 71 77 84 84 97 90 89 97 5 89 36 36 78 24 9 25 33 27 82 49 1
21 64 68 42 34 91 93 61 59 3 35 15 49 38 89 76 87 100 88 35 95 2
22 85 92 43 51 4 1 62 60 21 96 82 60 57 17 36 75 56 51 25 93 2
23 74 83 75 65 55 48 19 22 92 100 80 89 31 89 48 42 70 47 79 2 1
24 45 41 62 59 79 78 96 96 24 74 100 77 62 36 52 22 26 26 38 88 4
25 40 32 53 47 58 61 71 76 21 66 9 2 25 6 73 76 10 88 74 27 3
26 75 74 11 9 45 51 81 86 17 11 19 36 83 59 20 29 33 9 59 33 4
27 80 72 6 10 39 41 86 79 95 15 90 92 48 64 71 63 1 57 25 38 2
28 81 86 17 8 32 31 60 53 6 5 7 20 37 10 27 29 28 6 88 91 1
29 36 43 5 14 90 92 59 63 30 89 85 20 7 56 51 63 76 31 75 71 2
