4 30
288 282 283 292 
0 72 62 90 80 109 99 27 17 70 31 45 77 91 37 83 30 54 85 80 96 1
1 14 4 91 81 75 65 52 42 69 28 89 87 72 99 99 84 19 6 81 65 1
2 84 74 27 17 61 51 96 86 1 1 2 52 24 95 36 65 21 13 89 32 2
3 35 25 51 41 60 50 76 66 79 54 23 19 47 77 43 47 58 89 18 70 3
4 46 36 17 7 87 77 66 56 3 93 92 20 97 63 92 78 54 32 64 36 1
5 44 34 53 43 53 43 62 52 87 88 74 56 16 2 2 5 75 83 8 34 3
6 31 21 86 76 32 22 79 69 80 44 36 13 42 62 79 43 19 93 53 39 1
7 92 82 69 59 53 43 30 20 93 52 99 76 22 82 84 34 3 42 90 69 2
8 40 30 91 81 41 31 92 82 91 61 14 36 5 62 44 3 7 15 56 83 1
9 30 20 98 88 67 57 43 33 33 62 62 83 54 66 98 2 42 5 7 83 1
10 26 16 80 70 27 17 81 71 98 83 44 51 30 56 24 36 71 11 91 62 2
11 25 15 34 24 42 32 51 41 94 51 71 87 69 27 29 35 7 6 96 43 4
12 97 87 32 22 58 48 85 75 82 4 71 38 72 51 47 22 71 22 60 83 1
13 22 12 70 60 19 9 67 57 35 82 77 84 90 49 19 64 17 6 48 100 1
14 84 74 22 12 61 51 99 89 57 36 69 60 9 45 28 8 46 75 31 16 1
15 100 90 40 30 81 71 13 3 49 22 8 74 16 12 81 61 50 62 13 75 3
16 81 71 48 38 14 4 81 71 74 54 3 75 29 53 56 39 93 47 6 27 3
17 19 9 79 69 32 22 84 74 9 98 55 36 56 75 26 22 78 85 99 68 4
18 78 68 25 15 79 69 34 24 60 88 15 70 91 31 80 17 33 6 13 75 1
19 19 9 87 77 48 38 16 6 73 21 28 31 25 84 87 66 34 88 69 81 3
20 92 82 38 28 77 67 23 13 87 18 11 96 75 65 28 89 22 71 80 23 2
21 71 61 56 46 48 38 33 23 30 63 13 3 14 85 50 70 56 84 37 70 1
22 27 17 38 28 48 38 59 49 53 96 16 81 3 8 8 68 77 78 59 29 1
23 63 53 36 26 108 98 73 63 23 31 49 31 86 50 78 87 92 60 64 28 4
24 88 78 39 29 81 71 32 22 99 87 37 31 97 10 47 66 99 12 90 59 2
25 31 21 92 82 52 42 13 3 19 87 58 76 70 26 92 47 11 27 4 71 2
26 56 46 103 93 41 31 88 78 27 61 11 87 45 6 94 54 49 1 50 76 3
27 86 76 27 17 67 57 108 98 29 69 9 92 32 61 38 31 22 79 35 26 4
28 93 83 27 17 54 44 88 78 83 28 48 18 53 3 67 63 90 46 40 39 1
29 95 85 68 58 40 30 13 3 50 53 68 48 83 27 99 1 55 20 79 59 1
