4 30
321 309 312 317 
0 38 28 56 46 75 65 93 83 93 21 32 53 36 85 100 46 1 17 61 5 2
1 40 30 17 7 93 83 70 60 94 29 90 48 94 77 12 68 93 4 98 71 4
2 54 44 89 79 31 21 66 56 47 9 31 89 59 7 19 65 99 50 24 74 2
3 69 59 85 75 94 84 110 100 93 13 54 26 91 52 12 51 23 22 51 10 1
4 32 22 103 93 73 63 44 34 20 76 84 50 3 23 14 66 18 31 87 7 3
5 98 88 99 89 107 97 108 98 37 26 14 34 21 97 25 62 6 46 91 30 3
6 33 23 80 70 34 24 81 71 55 39 4 14 76 93 83 13 86 87 30 36 2
7 34 24 19 9 95 85 72 62 16 25 36 97 54 64 49 42 52 40 64 15 3
8 78 68 21 11 71 61 22 12 41 81 15 97 83 43 72 59 18 54 39 17 3
9 100 90 68 58 45 35 13 3 21 9 7 8 44 47 100 45 74 51 12 11 2
10 52 42 98 88 53 43 99 89 14 53 27 49 48 82 40 45 71 32 28 72 1
11 75 65 84 74 92 82 101 91 97 46 56 33 95 28 40 56 38 88 83 21 1
12 67 57 94 84 20 10 47 37 86 44 16 62 84 86 85 26 54 11 32 44 4
13 48 38 104 94 53 43 101 91 17 89 80 68 9 29 35 38 5 84 54 46 1
14 102 92 40 30 79 69 17 7 22 8 8 71 10 31 9 3 22 45 36 32 4
15 38 28 78 68 11 1 51 41 57 97 85 93 44 3 27 79 83 52 82 23 1
16 47 37 22 12 88 78 55 45 70 51 24 42 9 31 84 61 96 81 20 4 1
17 97 87 49 39 110 100 62 52 73 19 100 86 57 36 21 9 89 69 60 68 2
18 12 2 67 57 13 3 68 58 60 59 32 49 54 19 24 33 99 83 65 58 3
19 57 47 25 15 86 76 54 44 74 79 92 91 13 14 41 84 44 51 15 69 2
20 30 20 68 58 15 5 53 43 32 44 44 89 61 13 67 76 88 61 47 48 1
21 49 39 42 32 26 16 19 9 59 93 42 71 93 7 37 15 95 32 34 30 4
22 97 87 108 98 18 8 29 19 66 78 85 98 6 42 75 51 21 52 44 61 3
23 53 43 26 16 90 80 63 53 81 46 25 35 73 2 28 37 10 47 79 14 3
24 54 44 105 95 47 37 98 88 12 19 85 15 44 12 84 46 64 93 24 2 1
25 93 83 54 44 14 4 75 65 19 75 81 45 88 7 5 72 42 24 27 83 3
26 110 100 49 39 95 85 42 32 4 96 31 100 29 67 88 7 54 98 7 54 4
27 108 98 57 47 97 87 38 28 79 20 49 30 66 24 35 27 62 2 27 13 1
28 99 89 25 15 60 50 86 76 78 79 59 65 15 29 23 3 46 21 9 29 4
29 41 31 14 4 78 68 51 41 61 5 90 35 57 41 22 43 30 30 59 44 2
