4 30
738 601 681 744 
0 101 92 12 10 31 29 42 47 98 28 94 17 91 46 72 63 88 94 34 76 1
1 17 12 51 55 90 89 24 32 48 73 82 38 61 94 10 29 8 38 63 13 4
2 10 2 66 73 49 43 5 14 83 37 3 95 21 9 38 28 70 55 44 82 4
3 10 19 69 74 26 20 85 75 28 19 10 22 54 41 51 29 78 30 5 100 1
4 62 68 16 19 62 69 29 20 11 38 85 49 84 4 22 89 26 16 25 95 4
5 14 6 61 52 8 7 55 53 67 62 60 83 48 29 99 92 67 30 94 94 1
6 47 57 89 84 10 10 39 37 39 50 66 46 54 80 68 32 83 75 3 14 3
7 96 88 26 26 66 65 12 11 34 44 83 24 7 74 74 66 99 70 86 37 3
8 87 93 64 60 28 34 5 1 81 53 94 54 99 41 40 2 94 83 57 15 3
9 44 50 100 97 51 51 94 98 93 40 87 64 34 27 23 41 59 57 69 91 3
10 25 32 82 78 23 17 59 63 90 37 14 48 2 70 34 12 21 15 14 25 3
11 8 15 22 26 26 36 40 47 35 36 38 93 39 82 21 21 1 90 3 87 1
12 53 56 10 7 57 49 93 100 16 70 75 39 86 2 80 58 80 55 58 31 4
13 98 88 19 27 67 73 17 12 18 97 45 47 59 8 49 8 9 36 39 35 2
14 72 73 102 99 40 34 70 60 79 60 82 40 7 91 27 81 49 35 54 59 2
15 7 9 31 31 47 54 63 68 15 26 95 43 41 38 4 79 40 30 83 53 3
16 39 49 32 36 15 22 1 9 75 16 44 23 86 43 22 98 71 23 10 7 3
17 69 68 53 55 43 49 35 44 92 1 39 54 61 2 4 71 89 36 79 44 3
18 55 49 63 72 92 94 13 9 74 81 43 27 66 100 3 10 42 24 13 100 4
19 44 38 1 5 85 79 37 46 67 74 82 19 29 85 48 32 82 38 69 20 4
20 38 33 30 40 43 46 56 53 5 63 70 98 76 86 58 66 93 29 36 85 3
21 51 60 21 18 91 85 48 51 71 97 58 67 21 77 30 38 66 53 77 87 2
22 64 56 14 15 62 65 20 24 8 64 27 48 11 62 30 18 75 91 31 96 3
23 61 55 41 37 13 12 93 94 34 33 76 2 9 72 9 18 35 21 19 34 1
24 93 85 10 3 35 30 52 48 79 11 35 9 48 78 69 44 15 7 5 87 2
25 18 8 23 23 36 37 62 52 12 26 12 51 42 18 70 47 46 18 86 22 1
26 58 66 1 1 36 43 72 78 7 52 79 41 64 55 9 21 43 22 8 31 3
27 78 80 25 18 53 57 84 87 2 43 79 35 17 67 32 24 14 80 95 61 2
28 6 6 21 28 57 51 72 73 93 68 59 36 95 32 20 78 75 23 71 73 2
29 57 63 34 34 11 12 88 83 35 87 84 88 14 60 13 25 59 74 8 93 3
