4 30
664 785 685 756 
0 60 50 78 68 97 87 15 5 14 16 65 24 41 66 68 35 78 55 64 8 4
1 82 72 59 49 35 25 12 2 23 57 3 52 22 20 80 17 70 83 77 56 1
2 108 98 51 41 85 75 28 18 63 76 82 39 77 27 100 43 100 40 3 59 4
3 19 9 27 17 36 26 52 42 5 96 31 46 85 20 70 89 95 29 82 68 3
4 94 84 65 55 35 25 106 96 75 32 39 27 93 81 31 93 74 20 8 24 3
5 52 42 53 43 61 51 62 52 77 40 58 12 80 48 15 98 23 43 21 5 1
6 31 21 86 76 32 22 79 69 51 87 3 76 38 82 31 36 84 60 73 81 3
7 84 74 61 51 45 35 22 12 60 29 47 18 52 33 60 44 95 58 47 87 2
8 52 42 103 93 53 43 96 86 18 41 44 1 2 51 65 25 36 43 87 21 3
9 54 44 30 20 99 89 67 57 13 68 3 90 30 79 52 84 59 80 69 14 3
10 58 48 12 2 59 49 13 3 82 33 18 3 5 71 57 51 93 24 75 29 4
11 61 51 70 60 78 68 87 77 99 55 26 68 9 93 86 30 61 83 57 58 1
12 85 75 12 2 38 28 73 63 53 70 2 39 47 69 55 81 55 38 96 60 2
13 62 52 110 100 59 49 15 5 87 26 49 66 92 6 54 50 95 49 77 93 3
14 72 62 110 100 49 39 87 77 69 52 80 85 71 50 48 81 39 16 48 1 2
15 84 74 24 14 57 47 97 87 7 28 19 66 34 82 74 47 36 91 91 73 1
16 77 67 44 34 110 100 77 67 16 31 57 65 61 71 96 77 23 95 2 45 1
17 51 41 11 1 64 54 16 6 18 90 85 47 78 74 31 88 66 75 59 43 1
18 26 16 73 63 27 17 82 72 16 7 78 31 30 27 25 5 90 13 1 82 2
19 39 29 99 89 68 58 28 18 11 72 97 82 19 8 12 56 26 33 32 50 4
20 40 30 86 76 25 15 71 61 13 53 29 12 73 13 70 64 76 98 7 24 2
21 11 1 104 94 88 78 81 71 30 3 35 83 40 21 62 49 58 27 89 33 1
22 15 5 26 16 36 26 47 37 56 56 56 75 79 19 74 4 90 84 79 80 2
23 83 73 48 38 20 10 93 83 9 94 82 95 96 62 80 57 40 95 27 56 1
24 12 2 55 45 105 95 48 38 57 62 33 52 80 32 75 57 72 87 42 4 2
25 19 9 80 70 40 30 101 91 88 68 13 54 97 17 13 30 18 87 84 46 3
26 28 18 67 57 13 3 52 42 6 83 43 87 62 77 1 77 46 59 78 47 4
27 18 8 67 57 107 97 48 38 15 52 32 57 60 6 23 7 34 55 4 58 3
28 65 55 99 89 26 16 60 50 99 19 90 82 90 35 89 83 38 50 68 58 1
29 87 77 60 50 24 14 97 87 28 29 61 8 23 6 30 94 45 31 52 42 3
