4 30
266 290 358 347 
0 78 68 55 86 39 5 16 23 71 84 92 99 63 85 68 64 57 18 35 75 4
1 31 56 47 99 56 33 64 76 81 64 98 80 58 88 67 67 71 73 42 51 2
2 8 42 17 13 17 83 26 54 77 12 47 7 66 48 40 63 46 28 90 72 2
3 92 23 69 70 53 24 30 71 44 37 87 56 44 63 93 21 81 27 90 35 1
4 58 64 26 15 3 65 71 8 40 77 44 70 82 21 34 29 39 14 13 21 4
5 45 38 54 84 62 39 71 85 41 96 35 92 6 67 79 75 39 71 41 71 1
6 2 69 50 96 99 22 55 49 58 98 59 10 13 37 25 13 52 80 98 19 2
7 92 4 24 42 65 89 97 27 1 91 39 85 98 88 81 7 14 18 46 73 2
8 11 53 63 20 24 86 76 61 85 51 65 18 9 11 32 54 12 12 93 42 2
9 55 42 23 97 84 43 52 98 80 92 63 92 92 22 46 16 8 47 94 92 4
10 3 4 88 50 80 89 65 35 18 14 46 86 43 84 14 35 71 70 12 26 4
11 87 47 60 58 24 68 97 79 61 95 9 23 22 94 23 53 38 96 84 20 1
12 67 52 28 95 88 45 49 88 58 23 72 62 81 59 45 93 52 47 63 9 3
13 14 4 55 43 95 89 36 28 56 66 60 9 36 2 43 37 73 18 41 98 3
14 35 85 8 11 80 46 53 72 43 57 36 71 6 35 23 70 53 53 54 63 3
15 32 85 85 7 29 30 82 52 38 97 31 43 49 93 61 1 79 25 77 55 3
16 70 29 15 16 59 94 12 81 72 6 80 62 11 5 51 77 43 95 8 52 1
17 86 100 23 95 59 89 96 84 82 6 22 98 95 54 2 58 49 65 25 97 2
18 39 37 75 60 12 74 48 97 73 42 73 37 12 63 67 41 2 38 37 42 3
19 66 94 54 61 51 35 39 2 37 21 16 47 3 6 78 38 69 31 35 35 4
20 2 21 98 28 95 34 91 41 51 91 30 68 41 48 85 51 3 22 4 98 2
21 67 8 20 66 80 33 41 99 96 51 76 4 63 22 8 25 56 99 100 33 2
22 56 88 1 47 53 97 6 56 56 9 98 97 76 54 97 70 100 18 46 95 3
23 24 35 17 17 9 92 94 74 79 64 15 7 84 89 100 64 36 79 15 87 3
24 13 5 58 23 2 50 47 68 38 58 71 8 6 46 24 86 58 28 67 41 2
25 31 4 95 19 68 33 32 48 73 95 19 95 1 95 28 99 10 90 43 69 3
26 52 78 73 13 1 55 30 90 55 18 24 87 14 5 6 49 86 44 37 76 1
27 32 16 100 46 61 85 29 23 86 100 81 43 11 51 48 3 43 96 54 1 2
28 30 50 43 72 47 95 60 17 60 24 23 48 99 15 96 69 35 44 43 89 3
29 89 31 97 2 14 72 22 51 84 12 95 62 45 17 50 99 72 37 73 23 1
