4 30
768 689 667 806 
0 104 94 22 12 41 31 59 49 96 62 7 44 59 41 39 100 5 87 20 59 2
1 58 48 43 33 19 9 96 86 62 13 37 52 64 59 75 71 90 75 68 63 4
2 24 14 59 49 101 91 36 26 51 96 14 56 10 53 78 46 5 57 59 53 2
3 103 93 19 9 28 18 44 34 41 14 70 60 40 32 55 85 1 59 90 82 4
4 110 100 81 71 59 49 30 20 21 26 30 52 18 20 18 77 9 39 97 2 1
5 52 42 53 43 61 51 62 52 84 33 76 3 19 42 17 42 49 67 57 72 3
6 35 25 82 72 36 26 83 73 19 64 19 49 83 78 6 51 66 59 63 94 2
7 76 66 61 51 37 27 14 4 41 75 12 8 68 94 34 34 86 23 64 33 4
8 108 98 59 49 109 99 52 42 80 36 75 21 53 54 8 58 1 90 97 22 1
9 70 60 38 28 15 5 83 73 23 37 64 71 73 31 5 79 22 23 16 18 4
10 70 60 24 14 79 69 25 15 77 85 25 27 16 89 90 69 21 74 55 37 1
11 33 23 42 32 42 32 51 41 84 46 37 67 67 4 94 43 44 84 81 4 1
12 29 19 56 46 82 72 109 99 72 48 84 78 75 14 35 21 41 46 37 14 4
13 82 72 30 20 87 77 35 25 37 88 98 30 34 5 39 27 25 99 47 3 3
14 12 2 50 40 89 79 27 17 58 8 75 13 85 22 91 96 53 32 37 51 4
15 76 66 16 6 49 39 89 79 87 44 59 32 39 93 100 64 46 33 56 8 1
16 21 11 88 78 62 52 29 19 62 14 22 74 39 75 100 22 96 57 66 70 4
17 67 57 27 17 80 70 32 22 81 54 49 3 47 42 66 55 29 50 88 85 4
18 46 36 101 91 47 37 102 92 92 85 36 49 19 46 51 15 38 83 78 81 4
19 95 85 55 45 24 14 92 82 18 8 72 2 41 18 3 19 68 56 100 49 4
20 60 50 106 96 45 35 91 81 82 84 8 32 68 85 24 8 36 73 26 55 4
21 35 25 20 10 12 2 97 87 6 19 5 20 86 4 97 53 31 61 9 35 1
22 67 57 78 68 88 78 99 89 95 43 53 23 15 78 92 39 3 16 7 23 1
23 43 33 108 98 80 70 45 35 78 79 92 88 45 63 32 30 81 29 57 21 2
24 20 10 71 61 13 3 56 46 27 37 52 92 9 100 56 20 77 83 88 9 1
25 63 53 24 14 84 74 37 27 2 23 95 66 41 38 9 71 92 34 21 64 2
26 64 54 103 93 49 39 88 78 12 85 60 58 66 77 6 71 13 41 29 29 1
27 38 28 79 69 27 17 68 58 86 17 14 32 68 75 2 88 68 62 78 17 2
28 97 87 31 21 66 56 92 82 34 8 98 25 16 45 82 90 82 46 12 94 4
29 79 69 52 42 24 14 89 79 21 26 5 22 69 86 20 44 100 78 68 45 4
