4 30
333 259 246 291 
0 58 52 69 70 80 89 12 7 81 1 91 13 10 82 90 38 78 71 6 39 4
1 100 96 39 31 65 73 12 8 14 2 70 98 29 74 31 23 89 16 17 39 1
2 27 34 12 5 66 75 51 46 97 86 28 87 93 79 30 32 100 67 63 20 1
3 30 23 60 70 17 24 76 71 50 9 59 81 39 29 73 57 39 3 76 36 3
4 43 44 89 95 35 45 81 88 51 31 55 76 70 29 44 37 86 48 12 26 2
5 80 78 35 32 82 79 37 33 58 16 82 28 22 38 19 93 68 46 12 23 2
6 90 81 11 8 32 34 61 61 86 57 25 42 62 37 24 95 26 66 67 98 4
7 14 16 52 62 1 1 43 39 92 51 22 55 47 50 6 7 45 80 73 28 2
8 48 45 4 12 89 86 53 53 3 90 98 58 30 98 19 29 78 49 35 55 1
9 11 6 54 61 1 7 61 62 99 59 92 53 96 31 69 84 73 41 85 10 1
10 25 32 66 70 23 17 64 55 54 40 92 43 9 92 63 73 10 74 56 67 3
11 11 3 4 14 29 24 43 35 45 5 93 24 6 73 93 56 84 12 23 83 1
12 7 4 64 55 90 97 47 48 14 53 30 50 45 17 33 85 67 51 41 98 2
13 62 64 4 3 39 49 81 88 93 3 39 28 77 55 32 58 24 22 96 73 1
14 47 45 85 79 15 6 45 40 51 5 21 56 4 25 23 53 12 9 95 37 1
15 92 97 21 11 24 34 48 56 58 63 37 36 32 46 8 71 5 86 92 48 1
16 57 61 34 40 17 26 10 13 39 48 45 25 25 60 27 47 51 60 57 66 2
17 62 52 46 39 36 33 28 28 63 91 95 61 80 58 52 52 57 57 88 38 2
18 67 77 96 100 17 14 46 37 36 93 36 62 89 87 49 23 85 36 89 24 3
19 48 50 8 17 89 91 49 58 33 91 95 12 94 82 78 43 21 90 29 9 3
20 102 97 1 4 7 10 20 17 77 45 86 94 36 42 50 5 45 52 2 16 2
21 101 96 58 62 36 29 77 87 20 41 90 86 11 48 12 49 100 18 66 90 2
22 67 76 25 35 94 85 44 44 65 6 42 58 60 44 95 81 37 53 68 30 1
23 83 91 63 73 48 48 28 30 94 98 96 74 40 20 62 65 94 50 41 77 2
24 31 29 48 47 65 66 82 84 32 1 1 81 95 23 37 39 98 74 1 24 1
25 84 88 1 3 23 17 36 32 53 10 15 5 83 6 48 98 69 10 86 15 4
26 34 34 62 69 4 11 40 46 89 100 62 2 7 31 4 76 15 9 45 72 1
27 42 36 60 66 1 5 48 43 85 62 52 61 20 62 54 79 18 75 53 11 3
28 102 98 17 20 53 43 68 65 32 49 96 70 33 50 63 27 40 64 88 99 3
29 57 63 34 42 11 12 80 83 67 34 38 56 44 43 99 4 82 88 30 79 2
