4 30
248 335 302 329 
0 42 48 61 66 93 85 4 3 52 34 57 42 57 71 35 19 25 37 20 88 2
1 10 4 49 39 83 81 22 16 84 44 32 84 77 51 45 46 94 16 99 4 3
2 76 78 53 49 23 27 100 98 18 59 49 80 98 28 63 27 74 92 40 24 2
3 21 23 72 70 29 24 80 71 82 30 96 47 27 98 68 60 94 31 71 68 1
4 29 20 54 63 21 13 54 64 44 47 21 19 97 61 64 71 2 50 50 35 1
5 93 86 48 40 95 87 50 41 96 4 73 86 54 37 63 7 11 14 51 24 4
6 8 13 37 40 58 66 100 93 49 56 27 47 55 97 56 26 9 87 29 95 4
7 40 48 78 86 31 25 69 63 47 11 70 99 54 20 88 78 92 76 61 58 2
8 42 49 6 16 83 82 39 49 67 47 56 92 13 75 10 72 79 67 75 6 3
9 20 22 84 77 27 23 70 78 5 17 74 35 32 19 13 20 48 21 90 63 4
10 17 12 45 50 94 97 43 35 7 68 7 40 73 27 83 54 66 99 79 34 3
11 63 71 69 74 94 84 87 95 63 3 50 11 9 3 59 50 63 39 94 32 2
12 47 48 96 91 51 41 79 84 46 20 9 13 88 52 52 12 90 42 37 24 2
13 59 52 101 91 36 37 78 76 94 53 90 40 87 78 26 80 49 65 67 94 4
14 38 33 76 67 85 94 36 28 41 48 88 89 5 74 71 95 19 85 68 95 2
15 9 17 46 39 70 62 94 84 61 43 92 50 42 80 72 9 77 71 34 45 3
16 4 13 110 100 80 86 65 73 85 91 99 38 40 86 34 64 2 94 20 26 4
17 41 32 33 27 23 21 15 16 12 37 9 86 39 91 42 3 31 40 95 38 3
18 99 89 7 4 36 26 44 49 33 3 8 5 30 55 33 12 2 50 13 12 2
19 60 62 28 37 1 3 69 78 89 59 24 79 16 86 63 76 22 55 34 53 4
20 89 93 102 100 15 6 7 13 62 66 43 49 7 59 10 58 27 17 84 31 2
21 22 20 79 86 57 53 19 11 20 80 97 76 17 67 28 17 77 3 22 76 4
22 38 48 9 7 57 57 15 16 70 26 16 30 29 6 90 68 88 34 64 12 1
23 51 55 31 37 3 12 96 94 30 71 20 82 20 44 31 45 19 57 80 31 1
24 40 33 57 51 74 70 78 88 19 64 68 11 9 100 80 15 13 2 64 50 4
25 36 36 49 51 75 65 88 80 58 24 10 37 10 41 50 38 22 96 34 83 3
26 44 42 88 85 22 19 58 62 1 9 53 68 47 81 79 71 37 93 28 3 4
27 17 12 56 50 84 89 15 19 100 72 41 53 84 71 32 12 92 18 19 49 1
28 52 58 88 80 3 3 18 25 8 4 44 43 88 52 63 96 3 7 68 62 4
29 28 23 1 2 82 72 38 43 67 44 54 49 18 19 16 58 79 70 22 47 2
