4 30
670 683 851 810 
0 18 8 95 26 71 45 48 63 48 10 80 78 28 9 16 81 83 63 99 96 4
1 15 80 23 23 40 57 48 92 90 2 24 97 71 57 11 63 37 82 7 27 4
2 80 10 81 81 89 51 90 30 56 42 18 81 72 63 37 56 18 53 6 64 4
3 48 19 33 74 9 20 86 75 100 60 2 86 75 98 80 84 41 17 50 75 3
4 18 88 86 39 55 89 31 32 76 87 33 10 41 9 71 21 2 100 23 54 2
5 29 66 30 12 38 67 47 13 3 93 51 30 8 34 73 8 10 25 49 48 3
6 38 37 86 64 35 90 83 17 64 88 88 100 67 21 15 51 2 16 36 20 1
7 76 76 8 14 49 53 81 91 100 94 66 35 57 59 1 20 98 41 86 21 3
8 7 1 59 68 12 34 72 1 71 43 68 83 72 17 12 21 58 98 17 2 2
9 51 86 19 33 80 87 48 34 75 77 48 65 6 62 36 76 97 48 51 68 1
10 35 4 28 50 12 97 97 35 53 24 57 60 84 90 83 91 77 82 13 18 1
11 51 59 24 70 88 80 61 91 84 14 58 68 32 12 18 53 39 77 47 76 2
12 71 96 32 47 92 89 53 40 7 69 52 76 65 83 6 41 46 4 99 81 3
13 6 28 55 67 95 13 36 52 77 21 63 90 50 58 24 20 30 67 67 30 1
14 63 13 36 39 100 74 73 100 78 96 49 39 59 50 16 43 2 93 66 4 3
15 12 5 65 27 17 42 62 64 62 99 93 100 41 57 17 15 9 98 90 5 3
16 86 25 39 4 83 90 28 77 64 14 80 33 92 75 78 82 11 46 58 92 4
17 38 16 75 11 11 5 40 100 51 13 25 53 27 32 31 82 83 65 50 29 2
18 7 9 43 32 80 54 16 69 69 35 68 12 61 55 28 45 3 37 47 46 1
19 74 82 62 49 59 15 47 90 88 62 44 80 25 61 85 80 78 39 47 48 3
20 62 57 58 64 55 70 51 77 35 14 20 42 36 96 81 63 20 6 28 12 1
21 83 64 44 30 96 89 57 55 92 49 33 83 55 27 9 32 72 75 4 58 3
22 36 68 89 27 33 77 86 36 1 7 53 94 30 91 47 37 12 50 7 9 1
23 36 99 21 73 13 56 6 30 52 83 25 77 71 92 93 12 84 83 25 75 1
24 17 69 62 87 6 6 51 24 67 12 21 86 10 51 74 27 26 12 70 41 3
25 87 16 59 31 32 53 96 68 15 73 71 35 9 43 27 43 92 68 67 82 4
26 88 10 9 45 37 87 66 22 60 36 84 44 93 34 88 20 73 72 64 91 1
27 36 60 4 98 73 37 33 75 39 39 96 18 45 12 98 2 6 15 80 40 1
28 82 58 95 80 7 3 20 25 16 7 83 49 8 72 80 30 51 44 17 39 4
29 73 31 81 2 98 72 6 43 83 94 44 4 88 48 34 66 82 41 55 85 3
