4 30
844 869 817 696 
0 88 96 7 14 39 33 50 51 55 35 71 39 7 80 12 16 24 64 2 41 3
1 7 4 41 47 80 81 14 24 72 23 84 69 73 57 50 96 9 98 19 6 1
2 61 58 25 29 100 99 64 70 31 62 99 17 62 32 28 22 81 54 72 35 3
3 19 19 78 74 14 20 73 75 99 73 26 69 89 2 12 55 23 59 84 7 3
4 97 100 51 51 1 1 35 44 69 32 47 73 73 97 24 35 89 77 60 49 4
5 93 90 48 44 87 91 42 45 35 87 35 100 49 11 84 34 23 34 35 45 4
6 21 25 42 52 84 78 13 5 15 52 14 33 4 80 90 5 38 11 46 22 2
7 57 64 8 2 48 41 78 79 29 15 88 38 41 19 78 50 63 47 50 65 2
8 93 97 70 64 26 30 1 5 33 38 39 44 69 17 35 63 71 73 44 92 1
9 35 34 78 81 42 35 85 82 38 94 16 87 81 12 7 58 75 75 94 69 4
10 46 52 103 98 44 37 80 83 41 100 2 100 72 70 29 21 90 6 58 22 4
11 56 47 62 58 74 68 80 79 63 71 25 80 40 94 4 71 37 98 7 40 2
12 21 20 70 63 4 13 53 56 46 53 86 88 56 8 64 50 59 4 61 12 1
13 93 92 43 39 91 85 20 24 96 52 58 19 76 96 44 13 65 38 19 95 3
14 73 77 11 11 41 38 71 72 74 72 41 72 48 20 67 37 100 96 47 54 3
15 82 81 6 3 22 26 38 40 20 7 27 68 47 20 55 20 85 44 81 40 1
16 92 97 85 84 60 62 45 49 55 21 30 31 31 76 29 61 41 40 43 37 4
17 82 80 74 75 56 61 48 56 20 1 44 10 69 16 67 38 43 62 89 39 2
18 52 45 52 60 81 82 102 97 7 34 33 80 64 84 81 24 5 78 14 34 4
19 24 26 84 93 57 59 25 34 97 23 79 49 51 16 51 30 14 70 88 80 3
20 43 37 35 44 48 50 61 57 13 15 78 60 2 87 77 10 35 38 93 89 1
21 30 36 100 94 70 61 27 27 14 78 49 81 33 78 66 14 5 12 90 95 2
22 80 84 51 43 99 93 57 52 90 75 1 75 21 85 2 77 6 51 45 55 3
23 93 91 65 65 58 48 38 30 75 71 4 34 91 61 12 73 18 14 34 26 1
24 84 81 101 99 18 18 43 44 85 44 76 29 15 8 77 91 6 60 29 24 4
25 66 60 71 75 84 89 10 4 77 63 34 100 34 7 76 97 25 65 24 56 1
26 40 50 97 93 31 27 75 70 56 69 6 19 64 37 12 26 37 56 64 98 3
27 11 4 37 42 70 73 17 11 85 40 7 46 25 57 53 44 27 93 25 87 3
28 48 38 63 60 78 83 14 5 29 47 92 61 57 21 95 76 50 83 2 100 1
29 7 3 84 82 61 52 30 23 61 95 14 96 5 23 99 26 32 16 23 87 1
