4 30
236 381 306 348 
0 46 36 64 54 83 73 101 91 88 8 89 71 92 66 29 8 95 59 81 19 2
1 28 18 105 95 81 71 66 56 2 6 55 51 84 47 37 89 52 2 65 47 1
2 38 28 73 63 15 5 50 40 9 4 74 55 40 54 63 84 12 71 15 92 4
3 85 75 93 83 110 100 18 8 58 96 79 89 66 13 13 80 77 34 64 65 1
4 36 26 107 97 77 67 48 38 51 42 76 64 5 53 76 47 63 3 41 45 3
5 62 52 71 61 71 61 72 62 52 19 88 76 4 51 66 89 74 53 44 90 3
6 33 23 80 70 34 24 81 71 78 34 29 78 75 45 7 61 13 49 14 83 4
7 106 96 91 81 67 57 44 34 61 36 27 50 57 11 32 38 72 49 14 83 2
8 34 24 85 75 35 25 78 68 6 84 34 49 35 32 38 75 12 84 31 61 4
9 12 2 80 70 57 47 25 15 90 31 100 32 94 37 73 11 18 43 37 82 1
10 28 18 82 72 29 19 83 73 32 70 7 40 64 80 68 39 26 98 96 14 4
11 51 41 60 50 68 58 77 67 73 72 64 6 67 63 14 28 14 68 97 78 3
12 11 1 38 28 64 54 91 81 27 80 19 52 73 2 17 42 49 15 19 44 3
13 24 14 72 62 21 11 77 67 52 89 14 6 13 19 28 55 28 58 5 60 2
14 46 36 84 74 23 13 61 51 31 39 56 70 76 76 4 82 27 74 7 100 3
15 54 44 86 76 27 17 59 49 6 90 26 74 4 79 18 47 67 18 12 44 3
16 55 45 22 12 88 78 55 45 45 67 11 76 81 53 44 53 28 60 12 9 3
17 45 35 97 87 50 40 102 92 25 28 46 20 82 61 8 36 17 42 61 74 4
18 80 70 35 25 81 71 36 26 51 85 29 83 30 48 79 73 91 76 96 4 2
19 77 67 45 35 106 96 74 64 36 74 12 14 61 93 43 45 53 36 91 41 3
20 62 52 108 98 55 45 93 83 35 58 81 2 100 9 60 64 91 69 40 88 1
21 25 15 110 100 102 92 87 77 93 30 4 81 5 27 85 77 70 82 8 84 4
22 69 59 80 70 90 80 101 91 56 8 35 44 9 99 50 46 64 12 74 54 3
23 45 35 110 100 82 72 47 37 75 59 23 97 66 11 98 73 18 7 31 58 2
24 74 64 25 15 67 57 18 8 40 89 61 16 87 39 26 29 99 66 5 17 3
25 73 63 34 24 94 84 55 45 47 46 2 43 12 42 4 46 97 66 74 80 4
26 26 16 73 63 19 9 58 48 72 43 21 21 88 74 70 41 49 61 33 91 3
27 56 46 97 87 37 27 78 68 82 67 100 25 7 55 49 49 36 69 26 51 1
28 15 5 49 39 76 66 110 100 27 70 84 38 41 84 65 79 60 42 1 99 1
29 85 75 50 40 22 12 95 85 8 5 57 37 55 96 7 21 56 98 37 89 3
