4 40
1088 1108 1032 832 
0 72 78 49 96 25 15 10 33 7 44 93 51 51 4 2 41 3 62 77 40 4
1 69 46 77 89 94 23 2 58 4 77 85 44 90 38 65 10 13 3 41 7 4
2 14 92 15 63 23 41 24 12 72 37 91 5 18 10 16 14 12 95 62 9 1
3 22 25 99 72 83 26 60 73 92 33 26 99 31 51 69 14 9 15 37 59 3
4 36 78 4 29 73 79 49 22 62 32 100 40 73 71 100 58 85 61 79 37 3
5 71 8 80 54 88 9 89 55 13 48 95 62 93 66 84 91 1 30 100 27 2
6 28 39 76 66 33 92 81 19 19 45 56 5 58 27 68 72 7 58 1 13 3
7 42 14 82 52 15 91 55 29 3 24 52 49 54 94 16 7 64 32 47 93 1
8 69 11 29 78 82 44 34 11 16 12 75 33 67 76 22 5 35 47 74 24 2
9 37 100 5 55 74 1 34 56 85 15 18 51 54 97 17 8 48 10 80 69 2
10 81 78 66 24 58 63 43 9 91 73 13 71 4 47 63 61 41 15 93 46 4
11 49 13 22 24 86 34 59 37 35 76 90 74 100 36 66 78 50 6 95 86 3
12 93 70 54 13 14 63 75 6 19 47 78 63 4 53 78 93 15 12 89 99 4
13 48 6 89 53 29 99 70 38 9 91 63 25 2 35 42 14 28 20 55 87 1
14 89 55 54 81 26 16 99 42 87 52 94 75 94 8 50 65 37 30 68 65 2
15 22 91 75 13 19 36 72 50 86 16 42 97 55 100 86 48 80 66 97 64 2
16 52 87 97 74 41 60 94 47 32 34 38 63 11 10 86 16 51 45 6 16 3
17 4 62 41 57 77 51 14 38 40 88 61 41 59 63 44 83 57 57 90 15 3
18 61 71 97 94 34 16 70 31 91 56 25 34 91 29 8 4 61 2 36 88 3
19 48 100 44 67 33 41 29 8 17 40 39 9 93 34 42 72 69 25 98 19 3
20 68 59 64 58 61 64 57 71 34 30 11 57 63 90 42 35 81 45 12 11 3
21 41 34 94 100 54 59 15 25 99 64 38 3 88 89 34 52 58 90 69 57 1
22 46 58 91 17 43 67 96 26 88 35 37 90 51 92 83 81 3 27 80 97 2
23 82 81 75 63 59 38 52 20 17 95 27 94 27 45 49 22 16 25 52 51 4
24 51 59 96 77 40 96 85 14 79 81 78 81 53 38 77 23 80 11 81 18 2
25 77 14 49 29 14 43 86 58 25 18 46 40 50 44 13 9 80 27 99 66 1
26 74 48 3 91 23 25 52 68 66 2 79 91 64 54 44 46 95 43 43 24 4
27 70 34 38 72 99 11 67 41 55 41 19 100 56 64 95 90 29 58 51 13 3
28 100 32 13 54 25 77 38 99 16 83 74 62 41 6 51 49 32 24 52 48 4
29 51 65 59 36 76 14 84 85 40 51 13 43 1 98 12 42 4 11 28 45 3
30 3 28 76 58 40 89 13 19 78 36 94 28 57 12 32 83 90 29 73 8 3
31 74 62 7 40 31 27 64 13 40 34 9 17 11 52 64 68 41 91 62 76 3
32 42 58 71 88 99 19 36 49 77 73 95 5 100 54 22 50 21 47 89 8 3
33 37 55 74 46 18 28 63 19 13 90 90 48 45 80 24 51 95 43 65 59 3
34 14 98 70 97 19 95 75 94 91 20 22 45 25 32 91 27 69 46 28 91 1
35 27 99 96 34 56 60 17 95 21 44 92 34 16 33 22 91 77 15 54 41 1
36 43 42 72 17 8 99 37 82 66 61 93 30 7 48 1 35 75 33 96 83 4
37 97 35 58 1 10 68 63 34 44 16 85 35 6 55 47 29 64 56 6 34 3
38 29 14 81 49 26 91 78 26 62 31 19 99 20 95 75 31 64 68 29 85 1
39 34 77 98 35 63 94 27 52 87 22 69 4 14 95 7 94 5 67 40 65 2
