4 40
354 448 388 416 
0 2 8 79 26 63 45 40 63 18 40 94 6 25 9 41 95 31 19 85 16 4
1 27 84 35 27 52 61 60 4 1 35 9 53 47 70 59 65 41 96 41 9 4
2 24 58 33 29 33 99 42 78 49 19 86 48 22 33 27 14 38 30 81 60 3
3 44 23 21 70 97 24 82 71 91 18 88 17 69 84 99 81 17 56 77 54 1
4 2 16 78 67 47 9 15 60 62 100 65 73 1 89 9 15 94 99 46 64 2
5 33 90 34 44 42 91 51 45 32 3 55 64 37 55 83 48 33 57 16 74 3
6 10 1 58 28 15 54 63 81 10 75 23 10 33 48 78 17 90 16 96 65 1
7 4 28 36 66 77 5 9 43 19 2 85 77 54 2 15 25 97 96 74 92 1
8 71 33 31 100 84 74 36 41 8 24 67 15 39 16 61 2 95 10 9 31 4
9 39 82 7 37 68 83 36 38 66 100 96 49 78 1 82 38 15 63 11 9 3
10 11 28 4 66 88 13 81 51 22 69 35 73 84 77 14 30 10 64 81 93 2
11 71 3 36 14 8 24 81 35 15 69 22 33 88 23 44 89 74 79 28 33 1
12 91 48 52 91 12 41 73 84 76 18 92 55 35 44 36 67 40 40 58 66 4
13 98 48 39 87 79 33 20 80 61 60 9 87 3 65 26 18 20 99 13 94 4
14 71 37 44 71 16 98 89 32 1 73 60 22 75 17 94 78 34 4 64 91 2
15 28 81 81 3 33 26 78 48 17 4 14 63 90 53 88 60 34 19 72 7 4
16 90 89 35 76 87 62 32 49 71 66 88 17 51 85 20 89 50 92 87 2 4
17 82 4 19 99 55 93 92 80 94 36 42 16 80 90 10 55 26 9 82 28 2
18 31 85 67 8 4 22 40 45 78 43 65 70 94 28 58 16 79 52 43 36 1
19 98 6 86 81 83 47 71 14 96 8 16 85 42 57 5 97 16 82 5 98 3
20 46 37 42 44 39 50 35 57 91 82 84 37 66 92 19 10 98 90 69 30 3
21 79 52 40 18 92 85 53 43 77 48 53 13 99 80 80 5 86 34 99 57 4
22 52 68 5 27 49 77 2 36 50 23 22 35 53 66 6 93 4 19 38 66 1
23 80 3 65 85 57 60 50 42 42 36 33 31 39 69 45 18 21 84 36 31 2
24 45 81 90 99 34 18 87 36 2 36 5 47 12 95 64 63 51 29 92 94 3
25 99 8 63 23 36 37 8 52 62 52 61 63 74 37 49 50 10 20 62 65 1
26 60 78 81 21 9 55 38 98 75 74 26 67 91 87 82 22 99 26 54 3 3
27 64 12 32 50 93 81 61 19 15 67 13 51 6 66 84 83 53 79 14 36 3
28 74 74 87 96 99 19 12 41 56 96 55 92 75 12 61 40 20 58 65 78 3
29 9 15 17 94 26 64 42 35 72 91 15 19 11 53 40 96 17 45 98 34 1
30 25 42 98 72 62 95 35 25 88 33 48 27 47 19 7 15 26 42 39 54 3
31 80 80 5 66 37 45 70 31 23 62 95 19 11 69 4 94 83 23 72 53 2
32 100 48 37 78 65 9 94 39 75 11 70 50 98 21 41 99 75 80 42 90 4
33 95 17 32 100 76 90 21 73 48 52 5 15 28 11 97 95 44 97 25 78 2
34 8 20 64 19 21 17 77 16 80 54 92 35 26 22 69 58 6 27 6 69 2
35 53 81 14 8 82 42 43 69 85 67 95 82 40 96 19 59 8 20 25 30 1
36 93 48 22 31 58 13 87 88 45 41 68 70 6 38 29 92 81 36 2 35 4
37 75 97 36 63 88 30 41 96 22 55 87 8 8 95 79 27 63 38 32 100 3
38 43 28 95 71 48 5 92 48 34 62 82 26 99 70 83 88 54 25 90 16 2
39 60 31 24 89 81 48 45 98 40 86 25 37 69 32 3 79 50 2 34 13 3
