4 40
1141 1134 1021 1022 
0 18 8 36 26 55 45 73 63 43 68 72 77 92 62 7 58 17 42 6 20 3
1 96 86 81 71 57 47 34 24 44 11 38 35 29 65 21 98 29 55 27 99 3
2 98 88 41 31 75 65 18 8 67 67 23 32 23 55 24 92 35 74 55 72 1
3 49 39 57 47 74 64 82 72 30 52 3 71 62 2 77 62 97 14 27 14 2
4 16 6 87 77 65 55 36 26 23 78 15 26 13 28 98 94 46 79 67 61 1
5 86 76 87 77 95 85 96 86 96 90 74 71 71 78 5 4 26 64 41 100 3
6 37 27 84 74 38 28 85 75 4 94 46 98 67 95 100 24 97 16 17 12 1
7 42 32 27 17 103 93 80 70 68 69 22 24 97 62 8 38 40 53 70 60 3
8 54 44 97 87 47 37 98 88 29 81 92 11 20 25 1 55 86 42 82 96 2
9 104 94 72 62 49 39 17 7 54 31 21 38 23 71 20 39 78 88 83 19 2
10 32 22 86 76 33 23 87 77 89 25 40 35 52 14 18 45 87 86 24 76 2
11 47 37 48 38 56 46 65 55 60 20 51 96 86 43 86 17 84 5 30 54 3
12 75 65 102 92 28 18 55 45 50 86 69 12 17 17 15 41 76 55 4 8 4
13 100 90 48 38 97 87 53 43 72 68 20 67 39 78 1 69 37 78 69 87 4
14 90 80 28 18 67 57 13 3 26 90 50 20 64 42 97 66 83 43 47 5 4
15 42 32 74 64 15 5 47 37 41 37 39 99 34 12 94 22 86 4 63 45 4
16 83 73 50 40 16 6 91 81 66 92 32 76 83 30 19 22 61 55 30 62 3
17 53 43 105 95 66 56 18 8 11 60 52 23 6 26 15 81 99 66 83 83 4
18 88 78 43 33 89 79 44 34 84 88 32 36 16 45 7 81 53 78 24 64 1
19 37 27 105 95 66 56 34 24 75 93 14 60 5 20 92 52 43 73 63 47 1
20 54 44 100 90 39 29 85 75 47 81 90 82 91 71 21 22 88 43 100 22 1
21 97 87 90 80 74 64 67 57 87 41 9 48 39 56 7 7 56 18 57 52 3
22 65 55 76 66 86 76 97 87 89 42 94 42 50 24 43 21 96 71 63 55 4
23 93 83 66 56 38 28 103 93 57 65 13 58 68 63 18 73 65 30 41 75 4
24 102 92 45 35 95 85 38 28 76 91 3 87 87 26 6 22 82 16 83 22 2
25 21 11 82 72 42 32 103 93 77 83 91 28 85 12 88 15 4 21 38 36 1
26 78 68 25 15 63 53 110 100 15 48 83 92 13 94 25 86 77 65 93 65 2
27 92 82 33 23 73 63 22 12 98 10 42 73 87 100 86 52 57 78 10 99 3
28 79 69 13 3 40 30 74 64 49 93 81 51 22 67 36 58 89 60 39 74 3
29 97 87 70 60 42 32 107 97 32 19 74 47 33 24 40 1 41 76 11 36 3
30 75 65 97 87 20 10 34 24 97 65 6 66 66 14 83 21 62 22 53 36 3
31 54 44 107 97 59 49 104 94 86 51 98 88 13 52 22 80 68 95 22 92 1
32 71 61 58 48 44 34 31 21 94 91 39 95 54 2 77 22 41 98 44 54 1
33 104 94 49 39 93 83 46 36 40 47 4 19 63 69 73 91 13 4 74 46 4
34 102 92 89 79 83 73 78 68 52 75 46 33 49 8 89 48 34 79 89 81 2
35 36 26 73 63 109 99 46 36 6 51 28 10 29 44 22 88 1 52 61 70 1
36 71 61 94 84 108 98 31 21 97 18 27 21 72 8 77 12 86 87 26 14 2
37 65 55 101 91 38 28 74 64 79 15 36 15 44 94 53 49 89 3 3 76 2
38 48 38 15 5 89 79 56 46 72 64 28 66 94 67 61 84 47 2 15 14 3
39 32 22 28 18 17 7 13 3 4 95 46 84 93 99 50 24 47 75 90 77 3
