4 40
841 1184 975 1006 
0 70 60 88 78 107 97 25 15 48 13 47 26 29 53 35 40 78 19 84 15 1
1 68 58 53 43 29 19 106 96 46 42 79 53 89 89 33 93 30 9 43 71 1
2 98 88 33 23 75 65 110 100 67 88 81 42 9 52 2 24 82 23 75 89 4
3 49 39 65 55 74 64 82 72 55 31 53 71 18 56 14 31 71 23 92 34 1
4 44 34 15 5 85 75 64 54 64 93 20 4 2 93 48 85 47 56 70 54 2
5 50 40 59 49 59 49 60 50 64 36 4 1 56 3 87 10 63 83 83 32 4
6 33 23 88 78 34 24 89 79 40 89 57 97 43 53 8 27 30 71 40 9 4
7 14 4 91 81 75 65 52 42 87 7 81 30 68 11 92 63 54 44 15 50 4
8 66 56 17 7 67 57 110 100 41 43 78 42 68 41 73 69 50 10 18 41 1
9 32 22 100 90 77 67 45 35 75 69 19 57 79 5 99 39 59 77 85 35 3
10 28 18 74 64 29 19 83 73 3 16 31 81 5 85 55 74 99 9 3 18 4
11 87 77 96 86 104 94 13 3 1 13 24 86 57 74 84 58 43 75 12 12 3
12 63 53 90 80 16 6 43 33 80 79 63 74 98 34 13 11 66 97 86 87 1
13 88 78 44 34 93 83 41 31 60 33 93 78 20 51 46 25 96 85 60 30 1
14 82 72 20 10 59 49 97 87 13 96 37 33 23 53 16 24 32 19 15 51 1
15 42 32 82 72 15 5 55 45 32 11 72 78 75 60 62 62 41 72 50 85 2
16 35 25 102 92 68 58 35 25 87 3 12 80 23 2 25 69 19 56 72 25 3
17 17 7 69 59 22 12 74 64 43 41 18 85 52 69 6 12 81 64 67 91 1
18 84 74 31 21 85 75 32 22 75 81 61 95 94 88 11 37 2 13 77 8 4
19 21 11 81 71 50 40 18 8 53 7 29 87 2 67 61 35 40 6 53 92 1
20 14 4 52 42 99 89 37 27 23 62 96 43 82 71 19 41 65 40 13 47 4
21 89 79 82 72 66 56 59 49 5 62 60 28 19 79 69 24 75 9 40 58 2
22 81 71 92 82 102 92 13 3 28 41 39 1 45 77 63 36 85 21 36 95 4
23 45 35 110 100 82 72 55 45 42 1 23 86 22 96 28 81 9 7 21 54 1
24 30 20 81 71 23 13 74 64 34 65 71 36 54 19 75 96 84 88 91 21 4
25 45 35 106 96 66 56 27 17 70 48 33 40 31 45 7 9 45 39 14 70 2
26 38 28 77 67 23 13 62 52 93 86 35 100 63 68 47 85 66 23 69 93 2
27 52 42 93 83 41 31 82 72 4 80 28 53 47 19 66 43 77 99 32 60 2
28 35 25 61 51 96 86 22 12 74 55 8 74 93 64 98 53 65 41 97 36 3
29 33 23 106 96 78 68 43 33 34 7 15 13 79 65 51 13 51 100 2 40 3
30 11 1 33 23 56 46 70 60 14 81 76 31 74 99 43 84 91 92 93 53 1
31 58 48 11 1 63 53 108 98 61 85 89 1 1 17 7 4 14 90 1 44 4
32 95 85 82 72 60 50 47 37 20 12 30 80 53 61 33 67 1 47 21 79 3
33 16 6 61 51 13 3 58 48 58 5 82 8 38 34 18 46 81 41 79 51 4
34 54 44 49 39 43 33 38 28 33 38 98 3 25 88 78 21 28 94 67 41 4
35 44 34 81 71 17 7 54 44 55 59 97 73 17 70 62 27 37 14 57 55 4
36 15 5 38 28 52 42 75 65 87 51 82 18 68 84 58 25 73 35 79 23 4
37 73 63 109 99 46 36 82 72 74 6 61 37 72 82 23 42 15 28 30 7 4
38 92 82 59 49 25 15 100 90 1 79 15 55 45 74 52 92 68 87 70 3 3
39 92 82 88 78 77 67 73 63 60 64 73 19 10 5 16 42 32 74 70 56 4
