4 40
852 1010 1046 1024 
0 44 30 21 48 97 67 82 85 85 67 71 38 32 79 90 9 19 63 99 31 1
1 69 46 85 81 94 15 2 58 21 96 36 61 41 31 30 23 9 63 81 8 4
2 78 20 79 91 87 61 88 40 19 50 21 7 57 30 84 80 15 54 34 46 3
3 94 21 71 76 47 22 24 77 72 80 21 95 97 9 34 14 66 83 85 28 2
4 64 98 32 41 1 91 77 42 23 56 10 65 2 29 32 8 42 58 98 98 2
5 11 4 20 50 28 5 37 51 36 4 35 24 35 59 98 8 22 5 65 59 1
6 24 27 72 54 21 80 77 7 21 57 41 95 42 26 75 82 71 45 26 25 3
7 50 98 82 36 23 83 55 21 52 35 80 81 46 7 71 98 47 71 48 42 3
8 33 55 85 30 38 96 98 63 6 23 87 33 15 69 64 1 7 96 69 100 2
9 21 96 89 43 50 97 18 44 8 91 19 73 78 1 43 22 67 32 89 96 2
10 73 38 58 76 50 23 35 61 10 28 85 17 67 32 64 11 76 97 3 95 4
11 1 29 66 40 38 50 3 61 81 48 81 47 27 25 34 92 50 80 65 75 2
12 17 98 78 49 38 91 99 42 68 66 30 77 85 81 95 28 81 87 71 61 3
13 8 66 49 5 89 51 30 98 88 90 62 7 32 78 9 61 95 84 53 97 2
14 25 11 90 37 62 72 35 98 60 64 69 15 96 79 26 44 54 12 11 95 3
15 26 27 79 49 23 72 76 94 21 99 25 96 19 14 19 42 61 9 67 59 4
16 64 11 17 98 61 84 6 63 55 19 81 6 65 7 92 16 95 19 63 36 3
17 12 22 49 9 85 3 22 98 96 70 16 31 97 4 14 86 92 44 86 35 1
18 69 15 5 38 42 60 78 75 27 76 38 37 29 71 13 1 44 37 33 56 1
19 8 44 4 11 93 85 89 52 13 35 81 57 53 48 19 44 66 36 65 96 1
20 96 7 92 14 89 20 85 27 31 44 8 57 69 14 85 7 28 32 13 99 4
21 73 26 34 84 94 51 47 17 67 24 7 41 15 93 12 92 20 78 92 15 2
22 50 22 95 81 47 31 100 90 47 91 25 65 92 77 61 86 99 52 79 85 2
23 58 53 51 27 43 10 28 92 29 30 14 45 50 8 42 47 11 12 14 38 1
24 87 3 32 21 76 48 29 66 42 41 77 74 16 56 88 72 54 9 25 100 4
25 29 90 93 5 66 19 30 34 10 61 75 5 11 26 93 43 95 55 85 66 4
26 70 40 91 83 19 17 48 60 34 16 45 70 68 91 5 34 62 65 4 28 4
27 46 42 14 80 75 19 43 57 15 63 15 76 98 87 99 48 47 52 99 65 1
28 8 44 21 66 33 97 46 19 82 41 42 32 86 68 43 60 48 86 35 98 3
29 51 85 67 64 76 34 84 5 19 53 28 2 42 20 86 30 43 41 22 62 4
30 55 92 20 22 92 53 57 83 99 35 71 49 99 89 3 14 1 37 5 26 3
31 38 86 63 72 95 51 28 37 58 1 47 14 91 55 83 78 92 87 82 70 3
32 82 14 19 44 47 75 76 5 65 100 37 6 55 98 54 38 78 1 86 100 3
33 97 63 42 46 78 36 23 19 41 28 19 35 51 99 52 31 24 86 49 13 1
34 70 2 26 1 83 99 39 6 54 21 59 94 25 15 62 18 47 75 9 90 1
35 19 55 80 82 48 16 9 43 82 30 20 49 29 77 15 62 41 74 63 74 1
36 83 6 12 81 48 63 77 46 8 16 87 75 50 45 62 67 75 91 79 77 1
37 45 3 6 69 58 36 19 2 52 82 1 65 77 94 23 65 74 70 30 27 3
38 33 98 85 41 38 75 82 18 18 63 41 3 8 80 22 7 85 35 16 13 3
39 26 17 90 75 47 34 11 92 11 81 45 70 9 21 21 45 66 32 8 35 2
