4 40
1024 1140 1002 914 
0 20 28 52 46 71 65 82 83 73 82 60 59 62 59 90 77 8 8 60 29 4
1 38 48 93 91 32 25 58 68 33 55 6 30 79 64 14 79 12 4 76 51 3
2 65 70 50 41 4 11 89 82 24 6 52 53 24 30 73 50 40 51 23 12 1
3 34 27 64 74 21 28 80 75 96 47 96 29 96 11 87 83 23 46 99 25 4
4 89 96 35 39 81 89 35 40 82 76 44 15 36 65 56 7 42 80 37 34 3
5 78 74 25 20 80 75 27 21 54 4 32 17 69 25 40 62 10 15 27 41 1
6 30 21 51 48 80 74 1 1 92 60 94 33 24 79 68 58 59 7 52 61 2
7 51 44 89 82 21 21 59 59 16 17 50 90 28 70 39 84 98 19 7 14 3
8 83 77 39 44 16 10 80 85 80 29 20 16 14 19 85 72 62 79 35 52 1
9 90 98 54 53 97 99 48 54 44 67 15 36 56 16 58 70 57 6 61 52 3
10 44 36 80 82 21 21 57 67 39 92 96 96 14 29 79 11 33 89 20 11 1
11 23 31 50 42 62 52 68 63 98 24 51 55 96 7 86 25 63 69 23 38 3
12 95 96 44 39 91 81 27 32 55 47 8 70 48 31 49 97 12 19 73 61 3
13 11 20 61 67 1 5 51 52 6 42 6 99 76 78 88 83 95 31 71 11 3
14 21 21 51 47 89 82 1 8 53 75 82 61 90 13 63 39 1 55 2 99 3
15 28 33 65 55 68 78 84 92 48 80 37 25 58 34 56 30 14 40 69 25 2
16 71 77 56 56 39 42 32 29 79 72 48 1 90 9 65 49 71 32 75 76 1
17 59 52 51 47 41 41 33 36 25 39 64 79 31 36 23 40 54 93 93 34 1
18 10 9 39 32 39 46 68 69 74 70 45 1 46 1 72 76 77 6 72 69 1
19 58 62 39 37 1 3 80 78 46 13 63 71 34 56 86 33 46 57 29 81 1
20 52 45 44 52 57 58 70 65 60 51 54 38 29 70 42 63 57 60 70 100 3
21 26 28 104 94 61 61 23 19 7 100 77 67 35 17 26 100 81 22 38 22 3
22 22 16 72 67 28 25 70 76 9 54 75 73 5 64 88 48 29 60 57 46 3
23 87 87 67 69 39 44 32 26 16 11 68 55 55 91 52 88 11 72 39 68 4
24 67 65 84 83 1 2 18 20 74 64 43 85 16 32 46 50 1 82 45 70 4
25 58 60 84 75 97 89 10 4 55 63 22 97 92 90 98 5 83 32 84 38 1
26 76 82 20 25 67 59 11 2 43 94 45 82 45 31 11 22 83 56 16 64 2
27 59 60 98 98 39 29 65 67 90 18 83 91 75 62 33 96 22 84 60 56 1
28 82 90 18 12 33 35 48 57 6 43 5 26 27 59 86 68 98 69 17 79 2
29 23 15 92 86 61 56 17 27 50 88 69 27 97 92 63 5 82 89 73 60 4
30 73 74 5 4 37 35 53 57 12 99 72 82 87 73 8 46 97 69 84 29 2
31 62 56 45 42 28 29 16 7 18 6 71 3 5 59 16 23 96 68 5 66 1
32 21 24 50 54 92 85 13 15 46 14 25 19 77 63 96 10 96 41 64 74 2
33 64 69 69 60 51 50 27 33 21 82 87 82 84 70 76 13 83 39 35 64 2
34 87 88 94 87 80 85 87 84 40 55 2 24 68 85 39 58 84 6 68 8 1
35 20 21 51 48 75 82 6 9 82 61 65 56 16 76 39 7 40 27 99 44 4
36 84 88 54 63 43 45 13 20 56 3 58 45 98 20 73 69 13 16 7 11 3
37 22 25 100 91 49 58 27 24 52 92 27 27 40 47 56 1 9 79 42 70 2
38 23 20 54 55 101 97 40 32 87 97 69 88 65 73 77 87 28 87 10 86 3
39 20 15 67 73 37 32 84 90 91 98 9 47 43 70 26 1 32 65 99 10 3
