4 40
463 381 371 433 
0 30 20 48 38 67 57 85 75 16 50 39 94 80 22 7 59 9 56 72 66 2
1 36 26 13 3 89 79 74 64 100 62 9 99 11 23 70 36 97 37 62 48 1
2 74 64 17 7 51 41 94 84 58 47 11 40 31 21 32 16 4 48 81 36 1
3 65 55 81 71 90 80 106 96 21 48 92 29 54 53 29 9 27 74 15 29 2
4 76 66 47 37 17 7 88 78 79 43 7 96 15 6 65 53 16 7 29 37 1
5 78 68 87 77 87 77 96 86 76 91 23 58 83 6 2 81 35 65 7 73 4
6 37 27 84 74 38 28 85 75 37 8 68 92 50 23 56 82 36 81 81 81 2
7 58 48 35 25 11 1 96 86 57 17 3 50 44 87 46 91 65 23 44 89 4
8 42 32 93 83 35 25 86 76 60 87 80 49 2 92 18 95 67 96 79 14 1
9 72 62 48 38 17 7 85 75 15 89 77 12 22 74 55 76 88 69 47 66 1
10 100 90 54 44 101 91 55 45 16 57 78 89 67 5 80 34 99 77 2 89 1
11 11 1 12 2 20 10 29 19 55 8 39 62 17 15 40 55 34 94 90 2 2
12 87 77 14 4 40 30 67 57 15 65 38 85 57 46 36 38 49 42 37 83 1
13 52 42 108 98 57 47 105 95 77 86 85 5 37 99 91 66 9 29 11 49 2
14 110 100 48 38 87 77 25 15 20 16 79 9 32 65 17 82 14 57 69 77 1
15 58 48 90 80 31 21 71 61 26 43 69 66 42 99 84 35 94 94 33 36 1
16 87 77 54 44 20 10 87 77 100 79 29 72 33 49 18 90 75 18 13 16 4
17 21 11 73 63 26 16 86 76 19 87 97 94 34 44 53 36 18 50 87 60 1
18 40 30 95 85 41 31 96 86 22 46 83 80 35 97 18 5 12 39 82 90 2
19 25 15 85 75 54 44 14 4 1 12 23 23 98 70 36 60 39 4 2 36 3
20 106 96 52 42 99 89 37 27 29 80 31 97 86 36 23 91 72 21 78 89 1
21 57 47 42 32 34 24 19 9 7 86 38 53 100 5 21 30 26 10 72 79 2
22 69 59 80 70 90 80 101 91 97 100 3 68 84 13 6 65 15 11 65 15 4
23 81 71 46 36 18 8 91 81 34 76 40 65 40 1 55 7 80 45 93 77 2
24 78 68 29 19 71 61 22 12 70 95 7 15 1 32 15 75 62 94 49 45 2
25 41 31 102 92 62 52 23 13 48 73 49 31 66 73 28 58 96 70 94 30 4
26 106 96 53 43 99 89 38 28 17 72 27 30 37 58 22 27 38 5 11 42 1
27 52 42 101 91 41 31 82 72 45 91 13 30 82 43 48 80 25 73 61 81 4
28 107 97 41 31 68 58 102 92 93 64 11 73 14 77 65 49 29 84 99 62 2
29 13 3 78 68 50 40 23 13 75 64 74 69 88 26 29 36 40 73 54 64 1
30 99 89 13 3 36 26 58 48 49 44 5 38 84 64 67 58 30 61 74 93 3
31 78 68 31 21 75 65 28 18 80 50 90 25 37 63 91 31 59 1 83 64 3
32 99 89 86 76 72 62 51 41 69 99 89 81 56 46 68 36 75 79 46 80 1
33 100 90 45 35 89 79 42 32 71 32 16 93 72 37 83 42 33 46 90 72 4
34 38 28 33 23 27 17 22 12 62 2 63 93 38 37 14 9 7 74 83 21 1
35 100 90 37 27 73 63 110 100 68 49 35 77 20 3 27 36 16 19 5 66 2
36 43 33 58 48 80 70 95 85 16 17 58 1 49 91 75 9 43 100 61 77 3
37 105 95 41 31 78 68 14 4 94 13 48 10 78 73 12 57 74 93 33 37 2
38 104 94 71 61 45 35 12 2 59 5 11 53 2 86 36 73 22 73 68 87 1
39 84 74 80 70 69 59 65 55 21 31 26 81 22 73 16 53 57 87 41 40 3
