4 40
924 1056 980 996 
0 42 48 19 66 95 85 72 3 93 94 34 44 66 50 91 73 67 29 79 3 4
1 11 8 19 43 28 85 44 20 71 55 38 48 14 29 17 41 84 87 56 44 4
2 96 26 5 5 5 75 6 46 44 12 87 32 74 88 43 77 74 65 44 23 2
3 100 27 77 74 61 20 38 75 12 82 63 63 97 12 26 23 65 73 87 6 4
4 62 40 30 91 7 41 75 84 46 23 72 40 42 14 17 83 38 90 56 78 4
5 9 18 18 72 26 19 35 73 86 98 27 76 21 85 23 52 62 12 31 57 2
6 46 77 94 4 51 30 99 57 91 16 21 8 77 6 23 2 27 23 78 15 1
7 88 100 20 38 61 77 1 15 49 72 22 5 96 35 25 9 4 70 25 72 4
8 67 81 19 48 80 22 32 89 91 58 60 50 66 98 95 11 9 78 84 14 4
9 43 18 3 73 72 27 32 74 39 40 72 52 16 25 88 40 23 75 8 82 1
10 51 28 36 74 28 13 13 59 41 85 17 31 60 90 5 30 95 93 36 13 1
11 35 15 100 26 72 36 37 47 74 55 23 80 7 55 72 98 35 48 75 20 4
12 95 92 56 43 16 85 77 36 63 98 34 61 91 29 7 41 63 43 39 15 4
13 90 72 39 19 79 57 20 4 49 62 15 48 5 77 80 18 85 65 64 1 4
14 99 65 72 99 36 26 9 60 64 7 38 11 44 70 96 87 19 22 53 56 1
15 16 1 61 23 13 46 66 60 87 44 87 25 71 43 34 9 70 100 16 39 3
16 6 85 59 72 3 58 56 45 66 86 3 9 30 19 95 83 71 8 38 16 4
17 34 20 71 15 99 9 36 4 86 86 26 66 35 14 74 7 31 22 59 92 3
18 99 57 35 80 72 2 8 17 8 76 83 52 84 32 77 54 94 46 88 28 2
19 6 94 94 61 91 35 79 2 19 67 23 2 35 99 37 93 33 11 62 35 1
20 98 73 94 80 91 86 87 93 42 7 59 26 66 10 59 50 15 93 7 22 4
21 95 16 56 74 16 41 77 7 58 33 13 68 97 69 5 73 12 57 6 96 4
22 40 56 85 7 37 65 82 16 80 95 11 22 57 59 91 79 4 76 48 87 4
23 84 67 77 41 61 24 54 98 13 96 24 2 57 15 53 58 74 90 12 2 3
24 57 37 2 55 46 74 91 92 28 59 82 30 67 58 89 5 60 42 85 54 1
25 63 20 27 43 100 57 64 72 17 97 78 100 43 29 7 90 20 50 84 70 1
26 96 18 17 53 45 95 74 30 3 62 63 42 51 58 29 37 2 40 91 59 3
27 76 56 36 94 5 33 65 71 57 48 1 12 68 92 51 10 60 55 65 18 4
28 34 82 47 4 51 27 64 49 82 7 28 78 72 27 34 38 13 98 10 57 2
29 93 15 1 86 18 64 26 35 65 77 94 9 73 62 27 74 58 25 20 19 4
30 81 14 54 44 18 75 91 5 39 19 53 7 50 27 11 85 7 11 64 25 2
31 68 36 1 22 33 9 58 87 97 28 85 69 17 75 25 89 79 33 72 30 1
32 76 68 13 98 41 29 70 59 61 60 31 37 39 84 89 80 57 80 99 77 4
33 79 1 16 92 60 74 5 65 23 24 26 95 92 40 92 32 66 66 40 40 3
34 12 76 68 75 25 73 81 72 46 3 36 61 22 6 17 21 70 67 82 24 4
35 9 25 70 52 38 86 99 21 28 19 33 18 73 49 76 79 12 73 83 60 3
36 93 28 22 11 58 85 87 68 5 22 46 98 66 51 95 7 48 94 22 2 4
37 19 73 80 39 32 6 85 72 19 30 45 8 77 71 48 58 57 4 28 66 4
38 15 92 59 35 12 69 64 12 71 12 51 51 54 94 8 91 46 73 77 27 2
39 8 23 72 81 37 40 1 98 99 76 80 78 14 66 72 69 19 30 54 99 4
