4 40
1160 960 896 962 
0 36 36 55 54 66 73 98 91 44 13 21 51 11 67 42 37 91 48 76 84 3
1 39 32 65 75 12 9 51 44 75 58 79 59 95 16 71 98 51 39 69 18 1
2 67 74 52 45 6 15 91 86 39 41 71 13 78 39 66 65 3 43 88 34 1
3 31 27 82 74 18 20 77 75 12 8 23 65 96 9 18 14 34 49 51 23 4
4 59 52 5 3 43 45 97 96 15 80 11 80 56 94 5 81 86 44 47 33 3
5 44 50 1 4 46 51 1 5 13 90 6 56 22 1 67 91 3 56 68 53 1
6 65 65 94 92 15 18 36 45 72 61 32 42 25 22 37 17 49 97 26 4 4
7 86 88 16 26 56 65 7 3 77 91 19 2 69 17 48 23 17 28 66 30 1
8 87 77 43 44 15 18 92 85 5 44 19 28 82 80 6 31 17 15 78 48 3
9 72 66 23 21 58 67 30 22 92 31 54 38 52 56 87 89 87 90 17 100 3
10 73 76 14 14 71 61 91 99 48 74 66 56 2 66 43 83 75 50 16 28 3
11 1 3 12 14 16 24 30 35 21 100 75 75 60 13 85 5 72 34 54 48 4
12 23 16 51 59 6 9 55 52 99 39 16 90 25 42 36 70 88 51 97 36 1
13 38 44 80 83 28 29 78 68 70 2 75 80 89 89 90 87 1 37 45 38 1
14 31 37 61 63 99 98 21 24 92 69 54 88 20 45 75 43 33 59 40 84 3
15 70 77 94 99 18 22 34 44 54 81 95 82 75 66 61 9 75 44 48 4 3
16 61 57 54 44 37 30 9 17 11 52 7 34 17 90 15 45 91 48 44 29 2
17 85 84 69 71 59 65 51 60 43 29 49 7 18 10 15 92 66 51 23 94 2
18 88 93 9 8 38 30 46 53 13 33 92 23 97 91 31 50 96 33 37 24 2
19 47 38 7 5 88 79 48 46 31 76 74 3 86 94 48 36 37 80 26 92 2
20 49 53 62 60 75 66 67 73 84 76 47 58 42 95 86 30 19 79 28 7 4
21 84 80 41 46 19 13 81 71 1 96 99 76 16 7 60 15 75 58 61 61 3
22 75 72 25 23 73 81 23 32 76 94 37 40 57 31 83 2 44 6 63 9 4
23 64 59 36 33 16 16 88 98 43 15 38 81 36 19 22 91 83 41 51 53 3
24 62 57 66 75 104 94 21 12 17 58 6 69 24 91 74 65 25 78 10 44 2
25 54 64 80 79 93 93 1 8 70 11 86 13 57 65 6 77 86 13 5 91 1
26 61 58 89 93 31 35 67 70 16 74 90 30 42 81 33 91 82 16 52 86 3
27 109 100 35 38 76 69 15 7 22 68 70 71 48 50 75 5 74 45 2 60 3
28 53 62 89 84 4 7 19 29 70 80 54 80 71 99 40 88 23 90 86 97 2
29 94 95 63 66 40 36 17 15 61 62 81 22 25 84 36 87 10 13 65 22 3
30 38 30 70 60 94 91 26 21 87 97 8 15 34 77 24 72 39 4 96 49 4
31 64 68 47 54 43 41 18 19 33 97 55 62 61 44 94 83 5 63 53 61 4
32 48 40 69 70 19 9 48 39 31 24 1 68 100 100 68 17 6 23 58 76 3
33 85 85 61 68 56 58 40 49 19 18 15 98 32 88 63 38 96 31 50 26 4
34 18 20 25 19 11 17 18 16 9 86 25 68 1 63 45 11 13 35 79 87 3
35 27 21 45 48 82 82 21 17 66 7 87 58 65 19 22 68 89 78 92 91 1
36 37 44 20 19 1 1 87 84 4 22 60 75 47 60 7 52 80 21 59 42 4
37 85 81 55 47 12 14 82 80 93 43 27 7 17 59 88 27 36 58 3 96 3
38 69 64 16 7 55 49 94 84 14 12 58 9 49 81 13 66 75 18 93 81 1
39 83 75 30 33 100 92 47 50 19 25 19 59 70 5 87 53 61 66 57 46 2
