4 40
441 394 394 444 
0 20 22 31 40 63 59 74 77 71 39 21 21 42 75 45 42 47 65 14 66 4
1 68 62 94 97 41 39 67 74 62 14 80 64 92 85 54 14 18 41 41 83 2
2 6 16 83 87 66 57 22 28 99 81 57 64 98 39 34 62 84 38 61 73 3
3 11 21 78 76 27 22 86 77 28 69 49 58 34 15 14 96 7 56 29 54 1
4 27 34 94 85 32 27 86 78 77 60 77 80 54 58 5 35 34 80 64 82 2
5 22 20 69 74 16 21 71 75 1 85 87 70 39 26 90 81 71 94 87 4 4
6 74 83 3 10 45 36 66 63 81 80 86 94 16 65 54 98 55 77 15 44 3
7 48 54 86 92 47 39 85 77 22 17 57 5 100 44 65 1 44 71 12 81 4
8 45 55 30 22 94 96 71 63 34 81 75 43 27 8 46 56 46 83 11 38 4
9 33 28 68 75 19 29 75 76 58 93 91 6 12 28 77 22 45 54 40 46 4
10 90 98 39 44 80 83 37 29 80 63 81 15 32 70 34 18 87 28 56 59 1
11 52 57 66 68 70 78 84 89 52 76 46 41 95 13 32 71 100 45 96 51 2
12 69 78 26 29 73 71 30 22 32 75 27 26 11 63 49 56 62 27 85 12 2
13 48 42 85 89 25 27 75 74 88 2 47 64 68 96 32 69 9 51 93 40 4
14 78 87 16 21 38 48 76 82 89 79 6 30 99 1 38 73 96 57 72 3 1
15 75 83 1 5 15 20 52 42 65 31 43 87 68 91 24 62 76 90 17 41 2
16 27 23 20 10 103 96 88 83 3 12 74 64 61 6 46 67 25 94 93 55 4
17 85 90 77 85 88 79 80 74 89 85 90 28 17 57 52 31 26 89 16 18 3
18 42 39 71 62 71 76 100 99 97 18 23 23 60 84 47 29 81 69 50 80 1
19 85 76 37 43 18 9 78 84 24 76 15 31 65 47 92 5 54 6 3 20 2
20 103 99 16 6 8 12 21 19 14 7 29 10 31 78 37 90 71 51 82 27 4
21 75 66 32 32 89 99 51 57 47 59 5 31 72 25 75 22 41 61 26 75 4
22 82 74 32 25 80 83 30 34 92 42 31 96 97 87 26 70 48 12 4 59 2
23 90 81 70 63 34 38 14 20 70 29 84 58 12 6 87 54 16 23 6 3 2
24 24 19 41 37 58 56 75 74 68 17 14 5 42 4 48 43 41 14 62 74 3
25 84 86 10 1 23 15 36 30 26 34 45 58 80 23 43 66 2 68 52 42 3
26 81 72 17 7 59 49 87 84 68 36 56 48 44 36 70 63 21 60 97 87 4
27 1 2 36 40 85 79 3 9 93 76 40 54 23 52 95 14 51 66 85 2 3
28 63 72 99 94 14 17 29 39 34 25 10 62 46 11 20 60 79 84 53 51 2
29 15 5 84 76 48 54 17 25 56 48 85 97 28 27 52 4 35 63 59 5 4
30 33 36 65 66 89 97 13 19 22 13 43 43 89 58 6 92 25 34 61 86 4
31 71 74 54 60 42 39 25 25 51 11 1 73 20 81 76 66 98 61 22 11 1
32 99 98 20 28 49 59 91 89 55 55 42 97 15 29 69 91 19 87 85 66 1
33 40 47 45 38 19 20 16 11 37 24 23 35 24 92 68 30 72 45 7 71 2
34 73 70 59 69 58 67 65 66 20 44 39 40 28 85 84 77 15 48 72 85 1
35 41 47 88 82 17 8 43 43 34 69 24 95 85 65 24 71 32 73 91 88 3
36 41 50 24 25 1 7 83 82 78 88 12 17 85 60 77 40 95 15 50 84 1
37 44 39 14 5 71 72 41 38 85 80 87 52 90 82 97 86 60 1 15 68 3
38 39 46 86 89 17 23 64 66 76 13 63 4 51 79 100 5 72 54 50 20 2
39 55 57 23 15 64 66 32 24 85 21 10 66 48 58 78 9 75 56 13 30 4
