4 40
370 416 363 368 
0 93 96 4 14 36 33 47 51 5 8 72 96 79 95 40 79 72 78 21 69 4
1 6 8 61 51 79 85 26 28 4 3 98 24 84 13 53 79 30 8 53 73 1
2 13 6 69 77 52 47 8 18 23 69 80 66 80 60 14 26 41 29 93 32 3
3 22 23 81 78 30 24 68 71 85 78 9 62 74 29 80 77 90 30 90 31 3
4 32 28 78 79 24 21 70 72 29 68 26 71 60 85 72 100 28 39 78 37 1
5 18 22 73 76 33 23 67 77 43 78 84 70 57 71 35 82 20 27 51 66 1
6 87 89 16 16 37 42 79 69 91 4 40 54 36 2 51 83 86 91 1 68 1
7 25 16 55 54 95 93 25 31 24 38 30 11 95 91 75 16 36 100 60 75 3
8 27 29 1 4 76 70 32 37 83 94 72 65 19 4 64 5 17 59 43 37 1
9 26 30 69 77 33 31 84 86 54 74 59 68 69 36 19 41 1 62 75 55 2
10 78 68 14 14 55 53 91 99 13 30 19 48 16 67 37 32 80 18 4 27 4
11 109 99 2 10 27 20 41 31 36 33 21 42 39 50 8 84 10 86 63 79 1
12 56 64 5 7 60 57 109 100 85 7 42 6 56 30 37 98 87 11 43 23 1
13 23 20 52 59 1 5 42 44 64 44 19 18 17 55 29 29 16 94 72 13 1
14 6 9 44 43 66 70 4 4 72 72 38 46 40 14 19 1 15 24 63 42 1
15 55 65 79 87 8 2 32 24 49 14 16 82 9 70 98 35 49 12 89 44 3
16 79 69 56 48 26 34 11 21 85 5 19 5 62 5 69 85 83 29 80 45 4
17 70 68 54 55 44 49 36 44 24 80 57 6 24 52 7 11 99 97 79 56 2
18 21 13 29 36 58 58 79 73 53 14 2 48 41 70 42 27 55 23 89 98 2
19 59 50 11 17 100 91 52 58 76 68 27 51 8 91 58 97 95 59 2 24 4
20 26 17 18 24 31 30 44 37 87 32 56 87 7 6 11 33 26 13 71 80 4
21 29 24 86 90 48 49 5 15 5 67 40 5 48 97 42 92 61 92 57 42 3
22 86 92 49 43 5 1 47 52 77 51 98 54 6 52 3 29 58 22 19 85 2
23 86 95 79 77 51 52 31 34 70 14 41 35 75 21 41 9 87 45 12 8 2
24 92 93 9 11 26 30 43 48 41 38 64 89 20 60 56 27 39 9 87 22 2
25 41 44 54 59 88 81 101 96 78 86 78 2 53 68 23 77 73 50 98 11 2
26 29 26 65 61 1 3 35 38 93 22 34 24 9 81 23 45 10 93 79 42 4
27 44 48 91 86 32 25 50 55 12 45 13 80 14 56 5 51 72 89 75 72 1
28 65 62 80 84 8 7 23 29 20 50 27 83 14 96 3 93 50 45 97 12 2
29 94 95 63 66 40 44 17 15 21 77 46 53 64 56 57 2 46 94 56 13 3
30 58 50 90 80 14 11 46 41 47 63 77 43 2 62 3 12 78 18 20 83 4
31 8 12 104 98 79 77 62 63 54 19 43 100 6 62 80 5 22 49 63 91 1
32 20 20 41 50 83 81 12 11 45 48 45 48 12 67 41 7 50 90 85 61 4
33 1 1 74 84 69 74 66 57 94 17 10 100 98 41 98 100 58 26 81 24 2
34 72 64 58 63 65 61 51 60 35 57 47 72 39 12 36 55 37 86 89 10 3
35 80 77 1 4 35 38 66 65 98 35 85 83 92 16 74 29 13 7 90 60 4
36 59 64 50 47 18 21 9 4 27 79 6 2 67 25 99 51 9 17 82 38 2
37 1 5 68 71 46 38 1 4 60 90 3 82 99 90 60 56 60 10 23 64 4
38 11 8 42 43 89 85 20 20 73 61 4 89 81 3 31 10 4 81 67 12 2
39 81 83 41 41 90 100 58 58 51 81 80 85 85 19 33 19 5 92 12 19 3
