4 40
421 371 517 440 
0 74 60 51 78 35 97 12 15 58 39 88 78 75 4 67 12 22 27 47 32 4
1 27 84 43 19 52 61 68 96 75 93 63 73 70 97 43 44 99 5 59 95 2
2 96 86 97 57 5 27 6 98 81 65 5 63 15 41 13 100 99 15 61 96 2
3 8 19 93 74 69 20 46 75 69 94 13 10 87 2 16 80 25 61 25 99 2
4 30 28 6 79 75 29 43 80 80 49 31 77 32 82 31 94 82 96 38 47 4
5 73 86 82 40 90 87 99 41 42 51 13 38 77 88 86 25 46 52 69 84 2
6 6 89 54 16 3 42 59 69 60 58 56 54 40 75 46 52 77 41 24 76 1
7 4 12 44 58 77 97 17 35 6 37 20 42 51 52 11 53 24 22 54 37 1
8 35 85 87 52 48 26 100 93 26 70 40 30 95 70 61 99 35 82 20 43 3
9 23 70 83 25 52 79 20 26 86 12 64 66 34 100 68 46 6 35 45 59 3
10 3 88 96 26 80 73 73 11 5 69 55 36 11 74 35 65 69 75 24 5 4
11 15 27 88 30 52 40 25 51 44 96 47 91 83 95 56 7 13 6 80 64 4
12 15 76 76 19 36 69 97 12 59 28 63 87 97 10 54 71 64 52 94 76 4
13 58 100 99 47 39 85 88 32 63 96 56 28 59 48 4 38 96 99 55 100 3
14 7 93 80 27 52 54 25 88 75 76 4 81 35 31 81 68 89 97 2 37 1
15 32 25 85 39 37 62 82 84 58 69 54 14 25 7 62 5 65 95 53 58 4
16 2 13 55 100 99 86 52 65 70 28 11 1 30 98 59 50 68 79 93 81 2
17 90 64 27 51 63 45 100 40 77 85 99 75 72 100 88 12 20 6 14 86 1
18 39 29 75 52 12 66 48 89 96 11 20 26 53 46 11 72 70 94 47 6 2
19 58 50 46 17 43 91 31 58 88 96 32 47 70 79 45 91 68 36 82 50 3
20 74 93 70 100 67 98 63 5 51 53 52 99 5 90 3 25 32 94 8 25 3
21 19 44 72 10 32 69 93 35 5 96 99 24 95 24 23 80 90 99 65 5 3
22 56 32 9 91 53 41 6 100 3 6 27 19 82 73 87 86 12 14 69 50 2
23 56 67 49 49 33 32 26 6 65 68 22 80 61 83 51 89 49 89 67 4 1
24 89 25 34 43 78 62 23 80 20 95 49 79 41 69 98 69 68 88 64 58 4
25 43 84 15 99 80 13 52 28 75 4 18 9 54 45 38 82 24 77 58 10 1
26 48 78 77 13 5 55 26 90 29 73 97 15 6 75 3 93 25 34 88 55 2
27 48 20 8 58 77 97 37 27 91 49 82 65 33 46 70 80 36 66 45 20 3
28 82 94 95 16 7 39 20 61 42 96 44 64 10 50 42 42 60 51 38 67 1
29 9 35 17 14 34 84 42 55 61 83 91 62 57 20 11 87 2 56 73 100 3
30 77 6 42 36 14 59 87 89 44 86 43 40 55 24 30 41 27 58 19 59 3
31 44 4 69 90 1 77 34 55 96 42 91 81 78 71 61 63 58 82 69 23 1
32 48 96 77 26 13 57 42 87 94 45 96 57 48 4 2 50 95 38 82 43 4
33 55 17 100 8 36 90 81 81 72 9 16 81 27 64 13 52 36 88 22 10 4
34 64 24 20 23 77 29 33 28 46 81 62 63 5 56 13 49 56 43 9 25 2
35 37 29 6 64 66 90 35 25 94 55 65 31 65 9 32 86 38 100 37 82 3
36 33 20 62 95 98 77 27 52 63 35 89 76 80 66 55 40 30 10 70 22 2
37 23 65 84 31 36 98 97 64 12 78 89 50 96 98 79 62 61 16 35 66 2
38 55 20 99 55 52 97 96 32 93 19 84 47 11 8 67 55 2 35 38 56 4
39 44 71 8 29 73 88 37 46 88 31 19 96 72 16 26 17 40 53 93 80 4
