4 40
407 382 395 394 
0 78 68 96 86 15 5 33 23 12 85 92 99 35 48 56 27 92 38 33 97 4
1 64 54 41 31 17 7 94 84 98 75 47 38 55 71 28 50 62 21 2 40 1
2 82 72 17 7 59 49 94 84 43 11 86 50 51 56 8 45 62 93 70 10 1
3 65 55 73 63 90 80 98 88 24 16 66 60 13 83 6 90 42 45 86 34 2
4 48 38 19 9 89 79 68 58 33 15 14 71 95 5 33 76 14 86 58 78 1
5 14 4 23 13 23 13 32 22 89 88 19 7 95 89 35 17 36 59 27 82 1
6 33 23 88 78 34 24 89 79 47 51 98 6 96 85 60 81 64 79 19 11 1
7 86 76 63 53 47 37 24 14 12 69 41 22 25 1 51 41 97 39 14 55 3
8 30 20 73 63 23 13 74 64 44 32 81 14 29 5 37 47 6 52 4 95 4
9 44 34 20 10 89 79 57 47 87 35 62 77 93 6 88 58 52 28 12 12 1
10 104 94 58 48 105 95 59 49 30 46 46 38 43 92 40 65 79 29 50 96 2
11 63 53 72 62 80 70 81 71 22 43 72 85 80 98 83 92 80 77 22 49 2
12 99 89 26 16 52 42 87 77 20 85 34 55 29 100 45 51 76 16 66 70 2
13 64 54 12 2 61 51 17 7 6 61 1 62 40 12 6 57 66 77 62 7 2
14 18 8 64 54 103 93 41 31 23 93 16 44 63 59 47 41 93 11 48 65 2
15 50 40 90 80 31 21 63 53 88 33 3 100 69 53 60 75 10 88 58 43 3
16 35 25 102 92 68 58 43 33 6 80 5 40 74 100 47 34 90 22 36 61 2
17 57 47 17 7 70 60 22 12 56 43 73 76 47 24 62 36 83 84 26 26 4
18 52 42 99 89 53 43 100 90 96 38 4 76 12 5 58 24 29 90 78 81 3
19 41 31 109 99 70 60 38 28 28 24 38 33 88 49 15 63 39 36 5 93 1
20 54 44 92 82 39 29 77 67 89 53 35 38 25 91 67 55 3 47 86 94 2
21 65 55 50 40 42 32 27 17 86 74 77 81 61 70 97 37 47 94 62 15 3
22 53 43 64 54 74 64 85 75 10 46 62 30 67 50 28 81 49 43 30 81 1
23 37 27 102 92 74 64 39 29 43 51 74 29 29 42 3 86 5 12 58 94 2
24 50 40 101 91 43 33 94 84 44 25 66 93 24 4 20 84 97 19 68 41 3
25 17 7 78 68 38 28 99 89 11 12 50 51 76 72 13 95 71 35 8 99 4
26 54 44 101 91 39 29 86 76 13 18 81 55 15 97 22 41 56 77 81 86 4
27 92 82 41 31 81 71 22 12 17 25 23 54 91 95 63 2 44 90 64 12 3
28 51 41 85 75 12 2 46 36 41 20 60 29 18 6 97 11 67 15 54 89 3
29 77 67 50 40 14 4 87 77 45 47 83 33 50 45 78 78 30 96 89 45 1
30 63 53 77 67 100 90 22 12 34 87 88 33 39 21 16 96 84 40 88 82 4
31 74 64 27 17 71 61 24 14 69 24 13 23 19 81 70 92 20 33 81 96 2
32 75 65 62 52 48 38 35 25 97 33 58 44 100 47 68 71 53 47 75 25 1
33 80 70 25 15 77 67 22 12 10 28 60 46 29 27 17 73 90 79 87 82 4
34 86 76 73 63 67 57 62 52 83 23 36 87 73 51 21 93 74 73 57 2 3
35 92 82 21 11 57 47 94 84 100 33 48 90 23 26 18 5 68 65 91 61 1
36 99 89 14 4 36 26 51 41 50 97 17 13 77 92 40 78 61 63 19 41 1
37 105 95 41 31 78 68 14 4 30 65 41 61 82 34 96 92 14 49 8 4 3
38 60 50 27 17 101 91 68 58 53 5 12 55 10 52 91 41 25 60 75 9 3
39 24 14 20 10 109 99 105 95 64 1 10 12 95 53 57 18 2 100 70 50 4
