4 40
874 1094 1010 1130 
0 100 26 77 44 53 63 38 81 89 30 19 9 83 81 14 1 1 90 36 39 4
1 61 54 77 89 86 31 2 66 38 33 61 6 9 61 17 16 95 51 54 97 4
2 42 72 51 43 51 13 60 84 62 25 6 42 7 7 53 49 14 39 100 58 4
3 50 21 35 76 11 22 88 77 15 86 28 78 7 64 58 96 21 47 1 36 1
4 8 66 76 9 45 59 21 10 62 94 58 31 10 12 17 83 91 82 42 92 2
5 23 12 32 58 40 13 49 59 12 61 61 55 72 23 85 15 61 73 80 66 3
6 40 51 88 78 37 4 85 31 58 30 59 4 63 35 25 54 85 36 52 15 3
7 42 30 74 68 15 7 55 45 95 48 12 98 12 60 28 68 37 53 72 50 3
8 13 59 65 26 18 92 70 67 9 14 18 14 43 61 16 22 47 90 31 3 3
9 61 12 21 59 90 13 58 60 67 41 5 93 39 19 24 95 95 45 38 76 1
10 89 18 74 64 66 3 51 49 84 81 34 91 47 1 96 8 47 22 28 63 3
11 5 89 70 100 42 10 15 21 2 70 19 71 4 9 97 24 63 13 78 16 1
12 77 42 38 85 98 35 59 78 14 31 95 32 98 16 43 28 63 9 68 68 3
13 80 54 29 1 69 39 10 86 19 97 80 90 75 74 56 86 58 67 66 68 3
14 53 99 18 25 90 60 63 86 98 58 73 53 57 35 76 54 92 2 48 62 2
15 18 55 71 77 15 100 68 14 7 69 33 64 11 7 18 38 7 94 72 93 1
16 32 71 85 50 29 36 74 23 68 78 15 38 66 21 30 14 12 11 7 45 3
17 96 2 33 97 69 91 6 86 78 72 14 24 16 33 15 41 79 25 11 68 3
18 53 27 89 50 26 64 70 87 89 33 27 84 29 27 51 8 52 26 100 98 4
19 88 56 84 31 73 97 69 64 58 99 19 96 21 65 49 32 46 28 96 36 2
20 40 3 36 10 33 16 29 23 62 34 51 14 12 63 95 79 53 55 17 15 3
21 1 42 62 8 22 75 75 41 48 87 20 14 34 66 42 27 76 17 29 44 3
22 42 94 95 53 39 11 92 62 66 100 3 74 65 15 56 69 56 85 38 64 1
23 98 17 91 91 83 74 76 56 60 70 51 89 6 89 18 76 41 52 4 29 4
24 15 7 60 33 4 52 49 70 92 68 9 63 58 45 27 4 46 71 57 76 2
25 33 38 97 53 70 67 34 82 64 26 29 97 73 7 18 73 83 32 2 99 2
26 78 56 7 91 35 33 56 68 49 93 59 55 11 25 24 3 48 25 12 57 3
27 94 26 54 64 23 95 83 33 63 23 30 76 34 40 87 69 41 21 36 67 1
28 92 12 5 34 17 57 30 79 76 11 14 60 69 68 18 71 48 88 14 18 1
29 43 45 59 16 68 94 84 65 54 21 65 38 64 41 69 19 31 85 93 13 3
30 51 64 24 94 96 25 61 55 25 82 98 2 29 4 15 14 62 20 48 30 1
31 10 30 43 16 75 95 100 81 27 29 85 16 94 37 67 7 88 86 16 58 1
32 94 2 23 32 59 63 88 93 47 46 84 33 68 54 95 62 9 82 100 47 3
33 69 55 14 46 58 28 95 19 1 6 54 48 56 59 50 79 84 45 3 50 4
34 50 86 6 85 63 83 19 82 3 97 73 36 70 17 42 5 39 73 74 59 1
35 43 51 4 86 64 12 33 47 11 12 98 33 19 41 87 74 64 1 5 60 4
36 3 78 32 53 68 35 97 18 92 60 43 39 25 3 21 50 66 99 81 72 3
37 49 67 2 33 62 100 15 66 50 74 65 63 100 89 68 36 86 56 1 59 3
38 25 22 69 65 22 99 74 42 79 1 27 2 11 57 8 53 56 74 88 72 2
39 42 37 6 95 71 54 35 4 45 7 47 22 48 73 8 22 26 92 73 65 1
