4 40
939 940 969 1004 
0 44 34 62 52 81 71 99 89 3 72 42 57 57 60 40 20 97 19 75 73 1
1 82 72 67 57 43 33 20 10 57 92 93 48 70 37 69 95 35 57 59 49 1
2 52 42 87 77 29 19 64 54 70 7 73 91 96 52 98 37 35 76 60 36 2
3 99 89 107 97 24 14 32 22 42 82 60 62 77 21 55 96 31 15 11 96 4
4 34 24 105 95 75 65 46 36 30 24 23 63 89 97 62 39 82 53 47 32 3
5 68 58 69 59 77 67 78 68 66 7 62 50 1 58 19 91 90 40 69 42 4
6 35 25 82 72 36 26 83 73 7 86 38 10 37 81 69 28 55 71 95 9 4
7 28 18 105 95 89 79 66 56 90 75 62 34 36 89 65 90 69 74 13 93 4
8 60 50 11 1 53 43 104 94 86 22 10 4 69 26 93 97 3 35 79 2 2
9 14 4 90 80 59 49 35 25 12 9 98 66 53 59 73 73 8 56 37 34 1
10 30 20 84 74 31 21 85 75 92 64 21 25 9 15 57 13 27 97 55 8 2
11 13 3 22 12 30 20 39 29 33 20 13 36 8 36 5 81 21 69 63 19 2
12 69 59 96 86 22 12 49 39 77 41 19 24 50 83 40 30 57 17 38 78 4
13 98 88 46 36 95 85 43 33 50 83 100 75 64 59 74 36 4 5 5 89 1
14 36 26 74 64 13 3 51 41 9 12 75 96 26 100 57 49 94 100 57 87 3
15 88 78 28 18 61 51 101 91 31 77 82 44 28 52 90 20 85 84 48 55 4
16 109 99 76 66 42 32 109 99 93 35 19 2 37 89 79 88 12 77 70 1 1
17 35 25 87 77 40 30 100 90 82 77 94 34 22 76 85 53 53 85 44 13 4
18 86 76 41 31 87 77 42 32 95 62 67 22 25 96 53 97 49 29 30 43 4
19 79 69 47 37 108 98 76 66 56 25 28 99 90 48 7 69 74 30 85 79 1
20 84 74 30 20 69 59 15 5 53 16 91 9 66 9 14 26 38 63 33 34 3
21 43 33 36 26 20 10 13 3 26 1 62 75 1 16 92 30 18 23 54 96 4
22 23 13 34 24 44 34 55 45 38 77 3 62 25 18 13 21 99 41 22 86 4
23 19 9 92 82 56 46 29 19 56 78 85 45 51 33 21 47 86 70 26 42 2
24 16 6 59 49 109 99 52 42 7 39 96 55 98 58 77 3 34 10 26 50 4
25 87 77 48 38 100 90 61 51 82 21 25 6 94 85 22 92 53 97 61 49 3
26 108 98 47 37 93 83 40 30 15 65 59 58 47 73 6 22 93 3 37 19 4
27 22 12 63 53 11 1 52 42 33 47 35 98 80 94 70 58 97 4 21 14 4
28 57 47 83 73 18 8 44 34 78 41 48 73 54 70 22 62 93 68 49 43 1
29 15 5 88 78 60 50 25 15 97 97 24 68 4 12 23 68 61 11 30 27 4
30 93 83 15 5 38 28 52 42 24 1 92 15 13 77 96 33 38 89 93 60 2
31 60 50 13 3 57 47 110 100 14 26 92 75 87 30 33 24 68 74 67 13 1
32 33 23 20 10 106 96 85 75 75 63 20 91 1 6 2 88 40 22 7 34 4
33 110 100 55 45 107 97 52 42 29 70 50 60 45 8 100 61 86 59 28 12 3
34 24 14 19 9 13 3 108 98 13 77 88 92 51 6 37 37 88 52 38 89 4
35 90 80 27 17 63 53 100 90 61 10 8 1 57 99 70 58 31 1 86 49 2
36 89 79 12 2 34 24 49 39 37 24 73 38 66 97 75 16 52 49 88 37 3
37 19 9 55 45 92 82 28 18 47 8 71 62 63 76 19 85 9 19 43 9 3
38 66 56 41 31 107 97 74 64 34 38 11 56 35 81 15 58 22 32 63 9 1
39 62 52 58 48 47 37 43 33 33 34 59 77 54 85 7 80 89 74 73 38 4
