4 40
384 395 456 364 
0 4 90 89 8 65 27 42 45 51 85 4 32 34 93 82 85 6 48 98 9 4
1 85 22 1 57 10 99 26 34 49 100 85 67 32 85 79 35 30 3 10 66 1
2 6 52 15 23 15 93 24 64 37 75 40 13 77 10 14 88 56 37 39 16 3
3 30 25 15 72 91 26 68 73 73 2 98 11 12 94 60 47 64 69 69 48 2
4 4 66 72 17 49 67 17 10 97 27 65 38 5 14 93 77 2 25 45 2 1
5 35 76 44 22 44 77 53 23 89 15 90 76 66 74 89 24 68 43 1 91 1
6 88 51 36 78 85 4 41 31 42 20 44 14 1 41 38 23 84 12 15 10 4
7 58 34 98 72 39 11 71 49 76 53 90 37 49 7 4 61 14 92 57 17 4
8 37 15 89 82 50 48 2 15 8 87 8 28 86 15 37 20 79 74 43 90 1
9 25 52 85 7 54 53 14 8 78 55 12 53 90 41 5 9 82 16 79 23 3
10 41 30 26 76 18 15 3 61 49 5 96 42 21 74 31 42 18 57 78 72 2
11 37 17 2 28 74 38 47 49 52 6 47 34 87 57 88 20 52 18 81 81 2
12 13 54 74 97 34 39 95 90 88 42 73 18 52 33 69 85 91 35 69 71 1
13 8 42 49 81 89 27 38 74 28 66 26 80 62 96 25 44 89 50 89 92 1
14 97 83 70 9 42 44 7 70 77 62 5 25 51 100 88 37 65 49 65 36 2
15 46 15 91 37 43 52 96 74 94 3 19 39 27 17 89 77 40 3 7 36 2
16 48 15 93 2 37 88 90 75 35 44 38 12 92 17 9 67 63 45 70 3 4
17 68 98 5 93 41 87 78 82 78 72 42 4 80 18 92 70 75 55 61 59 4
18 9 43 45 66 82 80 18 3 19 31 81 63 8 3 58 6 94 71 35 1 1
19 100 56 96 31 85 97 81 64 78 9 35 77 12 45 88 10 54 61 2 79 2
20 44 71 40 78 37 84 33 91 41 9 91 69 53 17 21 92 47 35 11 56 1
21 57 62 18 28 70 95 31 53 36 12 48 94 39 4 38 79 66 6 28 88 2
22 62 42 15 1 67 51 12 10 35 52 90 50 8 7 41 48 50 39 62 56 4
23 54 89 39 71 31 46 24 28 7 31 55 83 39 68 83 24 94 9 64 97 1
24 83 47 28 65 72 84 17 2 85 7 69 78 64 70 71 11 82 52 64 61 3
25 65 70 37 93 2 7 74 22 89 52 71 30 2 48 87 52 58 87 66 68 4
26 34 8 63 43 83 85 12 20 59 87 66 98 65 91 27 60 24 23 11 89 4
27 42 98 10 28 71 67 39 5 49 16 37 67 69 71 41 3 45 25 65 50 3
28 56 44 69 66 73 89 86 11 90 35 68 84 83 30 15 60 51 35 35 36 2
29 67 93 75 64 92 34 100 5 70 64 76 38 59 41 60 48 12 35 47 37 4
30 99 12 72 42 36 73 9 3 56 5 36 82 80 46 66 68 4 65 33 99 1
31 42 30 75 8 7 95 32 81 99 40 47 99 73 36 12 58 34 72 39 26 1
32 6 86 43 16 71 47 100 77 46 26 98 54 75 95 78 98 33 12 77 88 1
33 13 71 58 62 94 52 39 35 35 85 28 60 9 34 79 33 56 19 37 51 3
34 66 46 22 53 71 51 27 50 42 69 87 79 86 97 24 3 67 15 41 14 3
35 63 3 24 38 92 64 53 99 62 9 38 48 67 50 57 90 70 76 27 32 1
36 83 26 12 9 48 83 77 66 84 67 24 48 65 14 15 68 29 95 49 42 4
37 1 27 62 93 14 60 75 26 49 15 40 38 31 34 90 8 31 83 25 6 2
38 69 34 21 77 66 11 18 54 86 57 26 8 66 16 35 22 43 84 59 92 4
39 70 25 34 83 99 34 63 92 5 26 89 89 3 27 37 33 90 19 45 91 4
