4 40
1081 920 1065 942 
0 100 90 18 8 37 27 55 45 79 11 38 85 69 26 88 43 15 94 76 50 1
1 106 96 83 73 59 49 36 26 100 39 67 6 47 10 95 73 71 27 15 44 4
2 36 26 79 69 13 3 48 38 17 58 58 45 67 66 31 20 36 90 41 83 2
3 107 97 23 13 32 22 48 38 28 95 99 25 15 8 13 11 1 55 10 62 3
4 110 100 81 71 51 41 22 12 89 64 54 27 11 96 27 96 27 31 30 38 4
5 68 58 69 59 77 67 78 68 46 85 29 34 61 7 14 59 85 80 47 67 2
6 31 21 86 76 32 22 87 77 24 26 59 78 16 95 15 62 62 86 18 9 3
7 36 26 13 3 89 79 74 64 65 3 28 23 54 97 27 98 4 26 11 38 1
8 104 94 55 45 105 95 48 38 1 71 93 88 63 48 92 88 14 84 30 76 3
9 106 96 74 64 43 33 19 9 50 41 4 77 90 61 98 37 12 99 66 85 4
10 18 8 64 54 19 9 65 55 69 71 67 34 26 81 85 24 54 23 59 60 4
11 49 39 58 48 58 48 67 57 6 71 5 11 31 27 51 18 26 25 37 26 2
12 25 15 52 42 78 68 105 95 72 39 15 20 76 94 73 1 46 20 78 66 1
13 70 60 26 16 75 65 23 13 82 18 9 85 52 60 60 65 56 2 32 75 1
14 96 86 34 24 73 63 11 1 80 6 24 92 31 22 61 91 3 15 14 56 2
15 96 86 36 26 77 67 109 99 33 52 8 39 64 82 87 56 61 53 94 55 3
16 57 47 24 14 98 88 65 55 13 75 33 97 94 49 23 22 22 19 31 72 4
17 19 9 71 61 24 14 84 74 71 92 88 91 16 2 36 100 72 28 56 34 1
18 58 48 13 3 67 57 14 4 50 92 58 39 55 17 40 92 11 65 91 63 2
19 23 13 83 73 52 42 12 2 95 93 98 38 32 58 53 41 47 92 89 80 4
20 64 54 102 92 49 39 87 77 50 61 20 98 17 35 64 77 70 76 63 38 3
21 27 17 12 2 104 94 89 79 16 18 90 78 27 17 17 79 40 88 87 26 2
22 79 69 90 80 92 82 103 93 73 42 80 57 46 44 95 51 40 13 6 3 1
23 59 49 32 22 104 94 69 59 87 23 97 2 82 96 40 11 4 31 60 86 1
24 108 98 51 41 101 91 44 34 47 54 3 61 73 26 47 71 46 57 74 100 4
25 43 33 104 94 64 54 25 15 71 38 6 34 63 41 1 9 2 65 78 45 4
26 72 62 19 9 57 47 104 94 78 50 32 67 60 34 14 31 75 19 97 75 2
27 102 92 43 33 91 81 32 22 63 72 23 15 2 2 87 19 75 42 76 82 2
28 17 7 51 41 86 76 12 2 50 74 66 68 93 56 58 58 66 75 92 72 1
29 23 13 96 86 60 50 33 23 59 68 58 36 30 39 20 10 58 37 83 60 2
30 101 91 23 13 46 36 68 58 8 17 70 45 28 7 66 26 34 68 10 22 1
31 72 62 17 7 69 59 22 12 27 33 88 79 57 85 88 94 12 57 49 61 2
32 97 87 84 74 70 60 49 39 69 57 81 48 13 82 27 88 14 82 14 18 2
33 54 44 107 97 51 41 104 94 48 43 3 91 14 63 18 79 76 36 96 77 2
34 96 86 91 81 85 75 80 70 45 89 56 86 26 87 21 77 98 21 52 3 4
35 22 12 59 49 95 85 32 22 99 59 93 11 59 50 66 78 6 20 68 80 1
36 29 19 44 34 66 56 89 79 56 89 94 52 25 61 19 91 89 64 86 76 4
37 43 33 79 69 16 6 52 42 87 51 65 37 91 14 94 29 7 90 79 3 2
38 98 88 65 55 39 29 106 96 10 52 38 90 11 6 68 39 64 71 53 94 2
39 42 32 30 20 27 17 15 5 75 62 57 98 46 36 85 58 25 42 41 28 2
