4 40
1072 938 996 1032 
0 55 58 66 76 85 95 17 13 36 7 20 82 52 7 84 46 66 6 96 29 4
1 82 86 37 29 55 63 10 6 10 14 29 11 87 87 55 19 14 30 34 60 1
2 38 36 2 7 77 77 54 48 34 13 38 61 76 65 32 96 32 27 8 61 4
3 19 25 70 72 27 26 65 73 24 2 3 84 72 17 57 9 79 52 52 25 4
4 32 26 78 77 32 27 78 78 1 91 91 23 52 23 43 17 34 3 16 97 1
5 61 56 16 10 63 57 18 11 80 5 19 74 47 55 12 57 25 96 39 50 3
6 91 83 12 10 41 36 62 63 62 22 48 77 17 89 62 88 82 44 22 7 2
7 64 58 94 96 34 35 64 73 62 28 17 33 84 26 48 95 3 72 29 83 3
8 99 99 84 74 40 40 4 7 36 22 18 97 29 42 11 100 13 46 71 82 3
9 88 80 31 35 74 81 38 36 18 23 44 39 23 90 18 16 77 34 25 69 1
10 77 86 18 24 75 71 16 9 55 10 50 97 4 41 31 51 22 64 31 16 3
11 35 29 49 40 53 50 67 61 26 19 64 55 67 79 96 57 92 44 60 49 1
12 68 66 25 17 51 59 8 10 54 4 76 42 79 6 9 89 40 3 38 8 3
13 68 62 10 1 37 47 87 86 43 27 30 58 62 77 93 97 100 16 42 60 4
14 1 3 32 37 62 64 100 98 45 80 20 26 84 80 23 40 68 40 44 75 4
15 23 23 47 45 63 68 87 90 36 59 77 48 9 79 56 51 76 88 91 65 3
16 80 79 65 66 48 44 33 31 6 72 50 2 86 47 32 64 63 90 34 86 3
17 95 94 87 89 90 83 82 78 53 33 77 42 70 30 13 12 58 96 6 14 1
18 20 23 49 46 70 60 78 83 69 20 50 67 66 10 67 74 9 78 3 36 2
19 85 76 45 43 5 9 86 84 39 38 24 60 5 32 31 91 25 11 36 61 4
20 34 31 39 30 31 36 44 43 82 44 33 49 53 88 7 74 27 79 51 91 2
21 46 54 8 12 86 79 43 45 32 69 51 41 7 6 80 69 84 46 95 2 3
22 21 26 84 77 40 35 82 86 47 74 7 71 100 84 72 30 72 95 49 40 4
23 2 9 74 83 67 66 39 40 74 17 85 29 58 45 11 74 68 2 64 81 4
24 74 79 91 97 16 16 41 42 3 13 64 57 83 80 10 96 59 13 55 24 3
25 41 46 75 69 88 83 93 98 75 48 75 37 83 40 29 51 9 40 43 14 4
26 18 20 46 55 88 97 24 32 3 53 46 15 84 77 5 82 25 4 32 100 1
27 29 30 76 68 17 7 43 45 52 58 79 13 78 46 67 46 36 90 79 5 3
28 38 40 53 62 89 85 17 7 80 78 98 42 44 12 76 12 9 55 9 59 2
29 65 65 42 36 11 6 67 77 81 16 87 51 4 68 85 42 52 91 19 94 3
30 87 80 11 10 43 41 67 71 4 98 30 34 4 20 61 100 25 51 50 97 2
31 88 82 63 60 38 47 42 33 36 81 98 21 97 26 87 79 45 41 95 91 2
32 11 14 53 44 82 75 3 5 38 27 72 78 19 26 22 2 26 42 41 91 4
33 35 31 11 14 14 4 98 95 44 52 40 13 47 35 45 12 99 33 95 7 1
34 10 10 17 9 3 7 10 6 81 55 52 9 4 17 13 73 94 65 7 61 1
35 99 95 17 22 54 56 101 91 44 81 52 88 92 51 23 2 96 88 98 55 4
36 91 94 69 77 50 51 28 34 70 35 56 80 58 35 32 6 77 54 2 86 3
37 89 87 46 53 16 20 94 86 16 86 13 8 70 64 56 24 74 5 43 65 3
38 32 34 79 77 10 11 57 54 46 17 43 54 11 7 43 100 37 61 97 25 2
39 69 69 37 27 78 78 46 36 95 97 58 17 13 62 3 36 30 19 87 43 2
