4 40
436 383 391 417 
0 90 16 75 34 51 53 28 71 5 70 3 24 2 11 23 29 10 17 38 91 2
1 43 68 51 11 60 45 76 80 86 47 25 10 79 18 90 57 18 89 39 82 3
2 88 62 97 33 97 11 6 82 14 84 70 89 21 29 50 77 72 66 76 13 2
3 16 23 93 70 77 24 54 71 69 97 64 12 9 28 55 75 76 35 86 14 3
4 22 80 90 23 59 73 35 24 18 95 62 46 38 46 32 94 93 5 7 32 3
5 9 74 10 20 18 75 27 21 60 81 10 22 23 62 90 31 27 63 15 15 4
6 86 45 34 72 83 98 39 25 28 62 53 89 41 35 32 99 48 39 24 89 4
7 12 72 52 10 85 49 25 87 15 88 22 52 41 33 75 5 74 92 29 86 3
8 19 33 71 8 32 74 84 41 89 98 35 15 96 21 17 54 60 26 52 86 3
9 67 50 27 5 96 51 56 6 95 71 83 67 60 2 91 71 62 69 83 26 4
10 87 60 72 6 64 45 49 91 69 27 52 72 35 55 57 94 42 62 99 64 3
11 63 75 28 86 100 96 65 7 23 13 50 82 45 33 18 35 98 52 87 54 2
12 71 68 32 11 92 61 53 4 47 78 85 99 33 5 36 84 27 85 5 29 2
13 38 64 79 11 19 57 68 96 69 47 33 80 96 13 59 91 1 50 39 15 4
14 15 61 88 87 60 22 25 48 32 64 27 7 41 51 86 74 47 63 43 73 3
15 44 33 97 55 41 70 94 92 45 75 60 4 15 25 31 15 29 94 6 39 2
16 54 77 99 64 51 50 96 29 6 2 21 65 55 65 57 46 27 8 96 62 1
17 22 28 59 23 95 17 32 12 58 68 8 99 6 57 4 21 83 49 87 90 3
18 63 69 99 84 36 6 72 21 32 56 57 83 73 4 29 37 36 86 64 94 3
19 30 82 26 49 15 15 11 90 18 3 27 55 39 63 88 79 59 71 32 28 3
20 58 45 54 52 51 58 47 65 100 23 54 56 62 98 49 36 52 97 93 78 4
21 23 12 84 70 36 37 97 3 3 46 66 62 43 94 43 53 86 12 96 64 4
22 68 24 13 83 65 33 18 92 52 92 43 94 93 26 40 40 21 65 33 20 1
23 92 75 77 49 69 32 62 14 36 60 41 50 72 74 18 51 63 45 82 58 2
24 5 65 50 83 94 10 39 28 20 43 56 63 30 66 19 88 36 11 44 53 1
25 91 12 55 27 28 41 92 56 47 39 82 65 33 80 65 18 50 35 89 10 1
26 28 54 57 89 85 31 6 66 6 44 83 89 49 87 93 26 48 73 49 57 4
27 84 52 44 90 13 21 81 59 78 54 3 5 99 44 71 82 68 35 49 95 3
28 6 54 19 76 31 99 44 21 86 37 58 61 34 16 53 10 56 76 34 58 2
29 17 3 25 74 42 44 50 15 94 54 12 65 88 6 40 98 86 21 56 41 3
30 25 98 90 28 62 59 27 81 21 54 35 27 96 67 98 98 73 48 4 86 1
31 28 92 53 78 85 57 18 43 26 8 80 76 57 61 1 40 78 25 15 33 3
32 76 64 13 94 41 25 78 55 43 12 23 69 3 54 86 32 69 41 31 65 1
33 43 25 88 16 32 98 69 89 37 99 83 47 4 77 59 49 19 60 28 46 2
34 40 52 96 51 53 49 9 48 30 19 77 20 66 7 21 67 7 70 38 89 2
35 5 81 66 16 34 42 95 77 85 65 16 85 82 91 9 83 76 74 73 78 3
36 53 12 82 87 18 69 47 52 67 22 11 17 70 92 58 75 2 35 45 78 1
37 83 53 36 27 88 94 49 60 1 99 64 55 74 42 5 45 83 91 31 26 1
38 75 80 19 15 72 57 16 100 3 36 100 50 87 75 24 49 44 85 7 59 2
39 12 91 76 49 41 8 5 66 13 30 6 66 51 15 79 89 41 94 27 66 3
