4 40
982 960 1110 976 
0 58 4 35 22 11 41 96 59 88 29 53 40 50 41 1 61 49 39 78 84 3
1 19 92 27 35 44 69 52 12 65 79 38 1 39 42 40 75 99 14 43 45 3
2 96 10 97 81 5 51 6 22 80 7 34 68 67 33 5 96 10 41 19 91 3
3 8 23 85 70 61 24 46 71 67 11 88 63 100 62 18 51 35 13 44 51 4
4 46 84 22 35 91 85 59 28 39 58 73 88 71 95 37 82 78 86 25 9 1
5 45 6 54 52 54 7 63 53 47 100 98 35 53 99 77 16 9 8 9 29 1
6 26 33 74 60 31 86 79 13 96 15 6 19 68 52 49 62 54 97 20 89 4
7 96 60 36 98 69 37 9 75 99 92 51 54 31 87 67 7 59 87 28 29 4
8 51 37 3 4 64 70 16 37 3 65 20 12 56 86 92 85 46 60 25 53 2
9 79 98 47 53 8 99 76 54 83 83 87 10 15 96 23 96 48 11 90 38 4
10 27 8 12 46 4 93 89 31 76 70 15 89 6 45 48 96 60 34 28 68 1
11 75 71 48 82 12 92 85 3 80 86 45 29 6 35 97 35 34 17 94 62 4
12 59 84 20 35 80 77 33 20 69 17 3 23 26 2 95 39 30 13 34 81 1
13 78 36 19 83 59 21 100 68 3 83 13 55 40 53 57 8 32 3 46 76 1
14 7 33 72 59 44 94 17 20 42 73 70 16 27 23 43 96 65 54 83 1 1
15 28 9 73 31 25 54 78 76 66 71 21 10 62 27 21 72 80 14 42 61 2
16 58 49 3 36 55 22 100 1 63 66 87 61 32 94 81 72 41 42 91 80 2
17 58 92 95 87 31 73 68 68 20 65 31 64 38 24 35 39 47 30 77 8 1
18 15 97 51 12 88 34 24 57 71 19 47 50 49 32 45 30 32 11 36 84 3
19 78 26 74 93 63 59 59 34 90 1 29 35 58 46 42 4 79 63 98 73 3
20 82 33 78 40 75 46 71 53 28 76 51 31 98 51 89 52 74 52 83 53 2
21 7 76 68 42 20 9 81 67 42 8 36 75 27 9 1 100 60 19 52 98 2
22 44 40 97 99 49 49 94 8 38 76 5 62 49 34 34 46 98 81 64 31 4
23 20 67 13 49 97 24 90 6 40 30 39 63 55 73 15 2 57 13 19 28 2
24 73 85 18 3 62 22 7 40 52 72 12 67 70 52 46 97 52 88 72 10 4
25 3 56 67 71 40 85 12 100 73 37 82 89 32 65 10 69 75 40 37 4 3
26 68 94 97 37 25 71 46 14 45 100 48 15 44 96 41 49 99 1 79 94 4
27 12 88 72 26 41 65 1 95 83 19 64 8 7 33 81 83 89 32 8 70 4
28 58 42 71 64 83 87 88 9 65 41 82 32 8 33 80 79 18 39 18 58 3
29 1 75 9 54 26 24 34 95 11 82 82 15 42 90 63 21 73 74 32 7 4
30 29 14 94 36 66 67 39 97 40 9 9 60 24 88 41 61 76 99 84 42 4
31 52 24 85 10 17 89 42 75 90 2 68 62 51 66 66 61 75 51 54 93 2
32 12 36 41 66 77 97 6 27 77 39 44 70 12 14 25 95 21 48 86 8 2
33 67 9 4 100 48 82 93 73 81 30 73 55 26 68 74 61 74 30 98 26 2
34 88 4 44 3 1 1 57 100 72 81 96 80 92 89 82 7 70 57 38 49 1
35 69 77 38 12 98 38 67 73 83 5 85 83 80 72 85 68 90 18 29 86 2
36 13 20 42 3 78 85 7 60 64 1 36 47 46 67 59 9 39 73 29 16 2
37 71 69 32 35 84 2 45 68 63 84 6 94 5 25 57 41 73 66 61 23 1
38 35 52 79 95 32 29 84 72 26 48 47 27 36 32 97 72 52 88 51 93 1
39 76 51 40 1 5 60 69 18 7 59 80 11 2 74 66 86 72 97 25 24 4
