4 40
392 394 399 447 
0 90 88 9 6 20 25 52 43 52 46 43 23 57 98 52 96 33 83 56 42 3
1 34 32 60 67 1 1 54 44 50 100 80 22 2 25 4 50 83 91 82 30 3
2 11 2 67 73 50 43 6 14 52 30 61 60 54 76 76 38 17 73 80 39 2
3 17 23 84 78 33 24 63 71 7 88 21 5 61 17 85 18 35 28 29 82 4
4 62 64 8 15 75 65 1 8 53 63 29 32 86 59 30 97 98 74 44 84 3
5 52 46 99 92 46 47 93 93 89 58 18 39 43 25 28 17 54 62 70 69 1
6 52 45 73 72 102 98 23 25 72 42 47 57 83 96 99 6 91 49 33 81 3
7 69 72 7 10 39 49 77 87 57 30 16 31 82 44 91 1 32 87 57 14 2
8 23 29 100 96 64 70 28 37 64 4 36 59 72 21 47 72 83 75 100 20 1
9 65 62 1 9 72 63 15 18 63 97 42 97 96 36 9 96 22 45 78 17 4
10 44 36 64 74 21 21 62 59 42 100 39 48 71 93 84 100 69 7 61 24 3
11 34 27 40 38 52 48 50 51 36 1 91 45 92 46 68 55 19 100 3 58 2
12 49 44 77 87 32 37 81 80 15 53 20 21 3 99 50 30 8 29 75 89 3
13 96 96 46 43 73 81 23 28 28 11 60 96 60 59 67 14 78 20 3 17 3
14 96 93 26 19 64 54 86 80 48 63 22 64 91 97 53 95 74 1 76 12 1
15 26 21 42 35 66 58 82 80 28 51 31 23 81 39 2 74 91 84 89 33 4
16 81 81 66 68 49 46 34 33 97 74 72 99 37 73 55 73 96 53 89 17 1
17 44 36 36 31 26 25 18 20 95 83 53 94 68 55 97 63 48 33 75 73 4
18 43 37 43 52 72 74 101 97 10 46 57 37 78 26 80 61 71 98 1 24 3
19 91 82 51 49 24 15 92 90 46 60 5 9 26 73 15 21 67 69 97 2 2
20 16 9 8 16 21 22 34 29 39 53 4 97 73 43 36 4 66 85 3 14 1
21 71 72 28 38 90 97 68 63 30 89 4 89 17 86 5 72 72 61 55 68 3
22 33 36 83 87 52 45 102 96 20 55 56 86 90 41 75 73 1 18 83 94 2
23 30 23 2 5 74 80 54 62 91 82 66 84 37 100 82 91 66 6 54 96 4
24 1 1 14 19 31 38 48 56 50 81 81 94 1 90 59 43 12 74 55 23 4
25 45 40 58 55 63 69 76 84 24 60 83 42 23 70 85 96 86 86 90 63 4
26 44 50 88 93 22 27 71 62 54 56 9 81 21 6 75 3 10 70 94 52 2
27 15 8 54 46 82 85 13 15 78 2 91 5 66 25 22 99 72 87 78 78 4
28 78 82 14 4 29 27 44 49 30 12 36 59 54 2 22 79 84 59 75 31 3
29 15 15 92 86 61 56 25 35 86 9 47 36 62 28 92 45 5 83 95 27 1
30 101 94 25 24 57 55 81 85 42 99 99 9 58 52 58 80 8 36 80 82 3
31 106 100 81 86 56 65 60 51 45 28 39 3 98 21 75 36 31 1 40 36 1
32 106 96 35 26 56 57 77 87 1 99 94 89 83 10 98 10 4 20 9 70 4
33 77 85 82 76 56 58 40 49 8 42 75 29 18 46 98 92 46 13 66 24 4
34 41 32 27 31 26 29 33 28 26 91 8 28 64 46 15 50 89 61 39 78 4
35 65 69 4 4 20 30 59 65 6 66 67 69 5 20 27 86 36 35 76 19 2
36 14 8 76 83 73 65 43 48 40 20 75 38 37 92 12 60 38 98 46 13 1
37 56 49 13 15 83 82 40 48 48 97 76 95 42 57 73 34 89 1 84 90 2
38 49 56 88 91 35 33 74 76 38 78 39 72 52 10 44 55 19 30 42 17 4
39 18 23 78 73 27 32 95 90 25 64 99 73 88 24 27 98 63 60 76 11 1
