4 40
1039 1008 965 854 
0 48 38 66 56 85 75 103 93 76 53 17 35 28 72 92 97 6 26 58 71 1
1 34 24 11 1 87 77 64 54 66 93 34 5 26 14 35 71 13 47 75 45 3
2 44 34 79 69 21 11 56 46 38 27 41 72 40 95 29 10 20 87 5 93 1
3 107 97 15 5 32 22 40 30 22 70 94 76 65 55 54 24 43 33 80 50 1
4 82 72 53 43 31 21 102 92 78 98 10 95 62 66 85 44 4 96 95 87 4
5 96 86 105 95 105 95 14 4 84 24 5 49 77 43 97 4 95 33 74 61 4
6 35 25 82 72 36 26 83 73 80 25 60 21 38 25 42 81 33 99 87 33 3
7 64 54 49 39 25 15 102 92 63 53 15 4 3 79 6 75 70 46 2 48 2
8 92 82 35 25 85 75 36 26 76 99 52 39 90 71 59 92 15 13 43 74 4
9 78 68 46 36 15 5 91 81 10 61 73 49 47 68 40 27 12 55 89 21 1
10 22 12 68 58 23 13 69 59 36 36 26 93 81 47 69 18 8 96 66 30 1
11 101 91 110 100 18 8 27 17 4 53 70 64 37 72 26 4 31 19 12 56 3
12 37 27 64 54 90 80 17 7 37 42 96 29 8 63 38 85 40 15 51 60 4
13 82 72 30 20 79 69 35 25 29 64 17 23 36 27 10 90 15 7 83 92 1
14 104 94 42 32 89 79 27 17 22 93 66 29 30 89 52 74 58 8 30 38 2
15 96 86 36 26 69 59 109 99 32 29 90 47 78 65 8 23 62 47 15 11 4
16 105 95 80 70 46 36 13 3 88 8 14 89 50 54 2 16 94 7 13 97 1
17 55 45 107 97 68 58 20 10 48 70 67 65 53 56 86 73 68 92 58 99 4
18 70 60 25 15 71 61 26 16 14 45 17 44 44 97 56 32 12 39 71 41 3
19 39 29 107 97 68 58 36 26 65 7 77 66 92 44 22 23 38 64 77 82 3
20 104 94 42 32 89 79 27 17 90 94 65 33 36 76 34 91 7 36 24 47 1
21 35 25 20 10 12 2 97 87 67 98 17 79 99 13 41 68 62 66 42 11 3
22 55 45 66 56 76 66 87 77 36 86 59 50 80 72 71 58 46 21 56 61 2
23 15 5 88 78 52 42 25 15 32 15 74 12 54 59 62 19 88 33 62 95 4
24 80 70 23 13 65 55 16 6 100 36 66 91 35 88 28 70 13 24 70 24 4
25 19 9 80 70 40 30 101 91 66 19 46 79 81 17 86 29 35 61 16 38 4
26 20 10 59 49 105 95 44 34 55 7 53 95 21 19 99 83 2 23 74 2 3
27 42 32 83 73 31 21 72 62 20 6 23 1 85 71 92 68 75 19 65 60 4
28 69 59 95 85 30 20 56 46 38 71 19 56 80 66 11 75 6 69 56 82 3
29 87 77 60 50 24 14 97 87 54 87 77 53 45 9 22 97 80 62 19 58 4
30 65 55 87 77 110 100 32 22 83 76 71 48 77 44 59 82 22 43 55 33 3
31 68 58 13 3 65 55 18 8 47 42 68 75 7 95 17 74 89 41 20 75 3
32 73 63 60 50 46 36 33 23 15 30 53 39 8 74 79 97 46 51 92 30 2
33 42 32 87 77 39 29 84 74 73 61 67 63 72 79 76 58 64 63 24 44 3
34 44 34 31 21 25 15 20 10 98 60 55 21 62 13 63 86 86 57 99 65 3
35 14 4 51 41 87 77 24 14 64 77 73 9 92 93 28 23 14 81 59 80 1
36 85 75 100 90 22 12 45 35 61 31 31 77 86 65 14 73 48 70 33 53 3
37 35 25 71 61 108 98 44 34 14 3 36 95 86 2 16 64 16 72 52 70 2
38 54 44 21 11 95 85 62 52 88 92 58 18 94 81 90 74 42 83 20 25 3
39 82 72 70 60 67 57 55 45 58 46 45 83 98 78 47 48 90 64 33 95 2
