4 40
391 352 417 308 
0 58 66 90 84 1 3 12 21 93 76 86 6 39 56 66 95 97 24 81 56 1
1 62 70 9 13 56 47 82 90 97 79 87 54 60 51 19 91 44 44 94 86 3
2 40 40 4 11 79 81 43 52 34 50 10 36 98 9 26 51 52 51 42 17 4
3 16 25 67 72 24 26 83 73 30 25 70 37 76 34 38 49 25 94 98 68 1
4 81 90 35 41 73 83 40 34 89 60 20 98 46 54 72 90 36 78 71 52 2
5 35 40 82 86 37 41 84 87 19 100 35 36 50 8 26 83 12 27 43 27 3
6 26 27 55 54 76 80 1 7 23 78 6 39 97 90 51 75 73 6 70 82 4
7 12 2 50 40 82 79 20 17 68 57 84 22 72 62 61 94 87 91 12 82 4
8 11 7 75 74 31 40 16 15 47 63 72 15 81 53 5 98 98 34 41 32 2
9 49 48 1 3 56 49 7 4 76 98 48 29 25 1 48 9 28 67 29 40 4
10 19 26 68 64 17 11 45 49 61 42 75 47 30 91 58 26 22 82 5 21 3
11 1 1 3 12 15 22 29 33 46 39 5 3 35 2 55 96 65 89 48 14 1
12 96 86 32 37 79 79 36 30 84 72 54 5 71 51 98 21 67 75 99 7 3
13 87 78 16 25 64 63 14 10 94 1 79 65 7 26 1 58 15 91 44 56 4
14 33 27 63 53 80 88 23 14 15 41 38 99 56 24 26 81 5 10 21 26 1
15 81 75 89 89 13 12 37 34 35 11 89 52 44 73 13 58 39 14 99 20 4
16 49 59 55 46 25 32 10 19 69 34 67 11 34 69 77 8 13 92 4 41 2
17 21 26 5 13 16 7 8 2 27 53 75 1 55 40 49 21 58 25 46 52 1
18 1 7 19 22 48 44 69 59 62 51 37 14 21 72 88 25 56 6 80 44 2
19 53 44 5 11 94 85 54 52 34 27 86 18 49 48 85 24 16 37 98 25 4
20 31 39 44 46 57 52 49 59 33 87 28 19 48 30 64 82 41 77 31 29 4
21 4 6 66 64 23 31 101 97 7 84 18 61 2 64 86 88 36 49 20 28 2
22 87 82 37 33 93 91 35 42 11 67 89 63 6 86 2 37 57 62 46 26 1
23 79 81 51 55 44 38 16 12 17 12 41 13 71 45 68 89 66 68 88 70 3
24 77 71 94 89 11 8 28 26 47 27 34 39 69 52 35 66 99 75 98 42 2
25 58 58 71 73 84 87 10 2 84 13 44 62 72 95 91 31 56 52 11 41 4
26 87 88 31 31 65 65 1 8 24 33 29 86 34 28 29 7 16 72 2 96 4
27 74 78 5 8 54 47 80 85 42 59 34 54 34 34 94 55 36 12 26 94 1
28 9 12 24 34 60 57 75 79 69 21 84 45 99 55 51 42 60 16 83 25 2
29 44 45 13 16 90 86 67 65 5 54 62 69 17 55 58 78 36 11 19 74 4
30 52 44 84 74 100 97 32 27 43 38 48 16 87 54 73 42 69 35 47 5 2
31 90 94 78 72 61 59 44 45 70 96 31 45 47 55 13 79 56 63 95 76 2
32 30 30 51 60 101 91 22 21 87 58 50 61 9 13 49 32 44 91 8 21 3
33 48 39 32 30 19 12 3 3 27 74 61 46 22 35 57 99 32 68 27 8 1
34 49 42 35 41 34 39 41 38 19 20 39 42 12 3 22 85 50 89 1 57 2
35 93 95 32 30 48 56 87 91 52 55 51 94 25 26 20 75 80 83 53 67 4
36 44 50 35 33 11 15 94 90 48 31 84 40 10 59 28 4 86 75 76 20 3
37 52 43 1 9 79 76 49 42 76 72 42 20 15 45 43 49 92 70 39 97 1
38 86 86 33 29 72 63 11 6 9 40 14 5 11 43 78 99 34 15 54 31 3
39 32 29 79 87 49 46 1 4 93 97 19 11 79 59 89 57 63 91 65 50 1
