4 40
402 477 431 389 
0 82 72 100 90 19 9 37 27 52 63 3 94 98 62 85 44 67 6 75 89 2
1 108 98 85 75 61 51 46 36 18 93 72 1 29 5 17 90 33 56 43 93 2
2 74 64 109 99 51 41 86 76 94 35 76 98 81 72 100 17 69 90 1 67 1
3 73 63 81 71 98 88 106 96 46 28 88 87 55 69 68 90 58 92 47 7 1
4 104 94 75 65 45 35 16 6 53 49 44 54 52 81 36 4 87 7 56 100 3
5 50 40 51 41 59 49 60 50 37 74 78 14 22 94 27 15 52 43 31 40 2
6 33 23 88 78 34 24 89 79 14 93 35 84 53 17 4 88 59 42 3 83 2
7 22 12 99 89 83 73 60 50 4 40 57 52 1 4 19 75 28 1 9 80 3
8 54 44 105 95 55 45 106 96 93 96 76 97 23 43 96 29 77 23 10 99 1
9 100 90 76 66 45 35 13 3 76 87 64 48 17 24 8 100 43 94 55 95 3
10 96 86 50 40 97 87 51 41 79 38 78 19 62 73 77 84 39 22 12 21 4
11 51 41 60 50 68 58 69 59 33 7 71 32 62 53 95 52 28 10 67 63 2
12 75 65 102 92 28 18 55 45 5 1 57 88 12 33 79 51 96 55 9 63 4
13 48 38 96 86 53 43 101 91 32 98 36 59 98 40 99 70 37 21 100 62 3
14 94 84 32 22 71 61 109 99 19 2 84 28 3 91 56 5 93 27 58 69 4
15 58 48 98 88 31 21 71 61 62 90 10 60 68 12 95 83 59 27 100 99 1
16 31 21 106 96 72 62 39 29 91 3 2 5 51 65 46 86 46 18 41 1 3
17 85 75 37 27 90 80 42 32 25 6 41 21 2 17 4 56 73 52 41 61 1
18 36 26 83 73 37 27 84 74 82 50 88 25 98 40 83 4 53 32 15 70 2
19 101 91 69 59 30 20 98 88 9 77 74 19 98 8 59 63 52 82 8 77 1
20 66 56 12 2 51 41 97 87 24 7 64 94 68 69 54 91 87 76 29 88 1
21 49 39 42 32 26 16 19 9 2 40 70 66 51 83 92 85 39 97 91 55 2
22 85 75 96 86 106 96 17 7 24 44 22 70 38 94 71 16 41 11 45 63 3
23 25 15 98 88 62 52 35 25 80 75 72 2 97 43 66 14 11 26 17 14 2
24 14 4 57 47 107 97 50 40 15 94 73 41 76 45 3 70 15 39 44 23 3
25 57 47 18 8 78 68 39 29 50 7 63 32 35 12 47 64 98 7 22 74 3
26 66 56 105 95 51 41 98 88 59 50 65 95 39 14 5 9 35 57 91 66 3
27 12 2 61 51 101 91 42 32 12 26 23 11 11 68 50 64 43 9 42 58 4
28 63 53 89 79 24 14 58 48 4 59 24 28 87 65 74 98 46 69 25 72 1
29 49 39 14 4 86 76 59 49 91 68 1 19 5 14 27 57 8 39 6 31 2
30 35 25 57 47 72 62 94 84 17 91 7 26 98 81 30 62 99 67 34 60 3
31 82 72 35 25 79 69 32 22 80 92 46 46 15 31 17 53 35 54 82 2 2
32 23 13 110 100 88 78 75 65 1 15 89 28 36 69 7 23 50 60 92 98 3
33 12 2 57 47 109 99 54 44 75 46 16 21 38 17 47 40 64 22 17 14 3
34 98 88 85 75 79 69 74 64 46 12 61 15 30 92 57 94 85 87 7 9 2
35 108 98 45 35 81 71 18 8 18 14 19 59 13 26 24 40 100 9 13 30 1
36 87 77 102 92 24 14 47 37 32 24 68 22 8 16 21 44 8 34 21 72 4
37 13 3 49 39 86 76 22 12 49 36 94 88 18 26 7 46 23 99 29 14 3
38 48 38 15 5 89 79 56 46 71 39 52 55 97 13 49 19 20 56 98 90 3
39 44 34 40 30 29 19 25 15 94 82 71 19 67 17 46 45 28 27 88 96 1
