4 40
974 1152 852 1038 
0 9 10 28 28 39 47 71 65 83 46 14 39 58 91 70 11 6 41 72 72 4
1 85 86 24 21 58 63 97 98 69 91 10 79 41 28 44 34 24 78 24 13 3
2 74 64 38 35 13 5 77 76 76 90 90 22 65 96 32 84 84 45 43 39 2
3 26 21 85 76 21 22 80 77 63 92 43 50 23 30 37 50 71 31 99 39 1
4 43 46 97 97 35 39 81 90 71 3 56 92 69 9 65 23 38 12 58 55 1
5 48 52 16 6 63 53 1 7 48 20 50 18 32 13 96 38 11 31 100 100 1
6 65 71 107 98 28 24 49 51 84 68 4 4 90 91 72 93 98 70 1 74 1
7 47 42 85 80 17 19 55 57 47 16 87 28 1 67 98 100 97 74 54 73 2
8 48 51 20 26 97 92 53 59 78 22 60 69 25 72 67 45 60 88 9 96 1
9 73 76 16 23 67 77 23 24 79 15 55 45 97 18 43 29 8 48 30 32 3
10 48 46 89 84 25 31 66 69 9 98 52 87 87 75 59 98 70 60 71 3 3
11 42 45 48 56 60 66 87 77 74 18 95 78 17 16 64 94 4 32 100 78 4
12 102 94 38 45 85 87 42 38 35 93 84 5 38 32 39 25 39 44 44 20 2
13 5 14 47 53 95 99 53 46 77 56 27 1 40 6 23 13 41 82 27 71 4
14 59 59 97 93 27 20 57 54 71 78 82 82 83 74 93 29 63 73 90 80 4
15 50 59 74 81 11 4 35 26 78 25 1 42 52 58 83 24 100 79 72 32 4
16 105 95 77 82 60 68 53 55 27 61 69 54 7 99 45 47 45 78 41 32 4
17 62 54 54 49 36 35 28 30 82 7 36 44 35 99 94 45 96 3 67 85 2
18 67 67 96 90 4 4 33 27 68 36 9 62 3 76 90 63 92 27 54 45 1
19 21 12 89 87 62 53 30 28 28 67 23 33 99 24 1 57 20 22 53 75 4
20 80 79 93 86 98 92 90 99 34 27 72 50 85 11 61 15 70 5 13 97 3
21 38 38 1 4 57 63 35 29 38 100 90 77 62 27 30 30 63 59 44 96 4
22 100 90 42 41 98 99 40 50 32 86 82 44 19 17 85 69 39 37 87 40 2
23 81 73 61 55 33 30 5 12 67 62 89 75 71 56 24 43 3 8 21 18 4
24 38 31 55 49 72 68 89 86 93 32 66 81 4 90 64 87 32 30 45 7 1
25 40 30 53 45 58 59 71 74 74 9 43 6 46 94 78 21 7 10 75 30 4
26 22 12 37 47 79 89 28 24 27 87 55 63 99 100 30 65 6 41 4 22 4
27 43 46 74 76 23 15 62 53 95 69 61 61 95 86 26 58 2 24 6 40 4
28 55 52 70 74 14 5 21 27 30 36 49 12 56 40 21 100 64 8 32 93 2
29 94 85 63 56 19 26 1 5 90 15 15 87 89 38 65 100 72 5 5 98 4
30 42 44 74 74 1 5 30 35 12 49 41 62 90 23 84 60 86 79 10 10 4
31 1 6 97 92 72 71 55 57 84 86 92 72 66 36 53 42 67 27 68 53 1
32 69 70 98 100 40 31 69 61 73 69 29 51 9 6 67 26 87 22 56 91 2
33 35 31 19 22 6 4 90 95 6 35 43 67 36 76 57 1 81 13 16 63 1
34 4 14 11 13 10 11 17 10 47 27 26 74 68 32 60 64 68 30 97 59 1
35 37 43 76 78 13 4 31 39 64 53 35 63 73 77 91 94 88 88 6 33 2
36 55 58 46 41 14 15 105 98 6 79 73 56 88 75 49 75 5 69 98 36 2
37 39 47 9 13 87 80 44 54 12 25 41 8 48 69 54 100 62 91 21 41 1
38 33 26 51 61 1 3 29 38 73 6 77 93 11 25 55 72 61 30 81 24 3
39 17 9 64 67 34 26 73 76 73 95 91 33 49 65 70 36 61 75 85 81 2
