4 40
979 922 1005 998 
0 22 12 40 30 59 49 77 67 25 30 80 42 56 93 25 30 80 84 40 77 4
1 48 38 25 15 101 91 78 68 50 38 6 76 97 44 23 7 70 70 92 44 4
2 90 80 33 23 67 57 110 100 78 71 37 87 8 87 19 96 71 39 21 1 3
3 57 47 65 55 74 64 90 80 90 68 16 76 70 88 61 7 39 23 79 24 2
4 72 62 43 33 13 3 84 74 13 92 83 34 52 28 38 41 46 75 32 39 4
5 14 4 23 13 23 13 32 22 68 42 23 64 36 81 23 76 62 81 30 20 1
6 37 27 84 74 38 28 85 75 94 40 5 57 24 11 22 53 2 31 48 64 4
7 78 68 63 53 39 29 16 6 30 22 72 23 10 77 70 26 52 74 33 22 3
8 86 76 29 19 79 69 30 20 35 12 82 83 68 7 10 17 59 9 2 67 4
9 60 50 28 18 105 95 73 63 8 75 73 20 10 40 70 87 37 84 79 46 3
10 24 14 70 60 25 15 71 61 65 51 3 14 3 48 79 11 19 12 14 86 1
11 35 25 36 26 44 34 53 43 45 52 92 6 30 44 58 34 25 41 83 29 1
12 43 33 70 60 96 86 23 13 2 29 63 49 16 52 79 52 72 36 74 50 4
13 84 74 32 22 89 79 37 27 38 19 82 87 44 73 50 64 79 88 48 80 2
14 66 56 104 94 43 33 81 71 5 83 73 26 29 24 40 1 71 11 22 11 2
15 42 32 82 72 23 13 55 45 40 50 67 53 44 11 37 24 46 49 55 93 3
16 79 69 54 44 20 10 87 77 62 95 6 85 100 87 98 97 50 68 85 40 3
17 73 63 33 23 86 76 38 28 66 24 79 96 75 48 99 66 75 31 11 24 2
18 72 62 27 17 73 63 28 18 89 11 90 24 57 15 50 27 92 4 19 25 2
19 97 87 65 55 34 24 94 84 23 18 17 30 28 76 8 97 78 22 54 55 3
20 74 64 12 2 59 49 97 87 47 82 19 22 41 79 97 27 41 68 18 21 1
21 81 71 74 64 58 48 51 41 49 26 71 69 98 8 15 37 26 5 58 55 2
22 97 87 108 98 18 8 29 19 93 27 51 12 46 76 91 15 29 33 45 28 2
23 89 79 62 52 26 16 99 89 7 17 69 15 84 71 63 16 93 34 32 76 2
24 58 48 109 99 51 41 102 92 88 73 3 87 9 99 93 56 45 65 42 49 4
25 61 51 22 12 82 72 43 33 13 12 52 62 14 94 15 92 20 76 90 3 2
26 90 80 29 19 75 65 22 12 79 25 98 73 98 45 12 42 16 20 9 40 4
27 12 2 53 43 101 91 42 32 36 90 22 59 45 19 14 92 33 59 91 2 4
28 91 81 17 7 52 42 78 68 14 31 84 58 68 27 88 42 60 34 95 20 1
29 69 59 42 32 106 96 79 69 55 53 1 72 98 55 31 1 8 58 16 73 3
30 47 37 69 59 92 82 14 4 71 99 34 100 71 47 61 49 34 65 35 90 3
31 62 52 15 5 67 57 12 2 90 100 12 78 39 45 53 15 70 85 39 99 1
32 11 1 98 88 84 74 71 61 12 44 90 37 2 42 78 58 85 39 72 43 3
33 36 26 81 71 25 15 78 68 62 2 6 12 17 26 58 72 100 67 5 74 1
34 14 4 109 99 95 85 90 80 83 89 31 34 55 86 2 16 7 94 70 15 2
35 60 50 97 87 33 23 70 60 85 1 42 84 17 99 47 82 51 94 97 56 2
36 59 49 82 72 96 86 19 9 37 31 67 77 89 97 18 93 92 49 68 16 2
37 81 71 17 7 54 44 90 80 86 66 8 22 99 41 86 6 83 88 26 7 1
38 36 26 103 93 69 59 44 34 7 79 38 92 56 9 18 46 76 89 59 53 4
39 52 42 40 30 37 27 25 15 90 34 42 19 79 58 77 28 29 60 68 68 1
