4 40
379 416 346 408 
0 34 24 52 42 71 61 89 79 8 38 5 44 34 52 65 40 90 89 12 2 2
1 80 70 57 47 33 23 18 8 25 58 94 71 16 60 4 26 4 99 77 69 2
2 66 56 109 99 43 33 86 76 26 93 94 14 30 42 82 90 31 75 17 88 1
3 73 63 89 79 98 88 14 4 64 64 51 35 21 18 94 2 86 68 11 18 3
4 24 14 103 93 73 63 44 34 80 45 20 45 2 69 24 9 3 60 95 75 2
5 14 4 15 5 23 13 24 14 91 37 37 5 9 73 29 9 19 64 20 27 1
6 37 27 84 74 38 28 85 75 43 44 15 95 73 38 84 53 78 98 21 10 3
7 94 84 71 61 47 37 32 22 5 64 94 35 17 28 85 91 2 52 66 4 3
8 74 64 17 7 67 57 18 8 62 71 81 55 26 61 67 6 22 86 56 93 4
9 28 18 104 94 73 63 41 31 37 32 78 34 35 34 50 34 54 21 61 9 1
10 92 82 38 28 93 83 39 29 64 91 15 81 31 19 3 50 93 92 1 72 1
11 91 81 100 90 108 98 17 7 21 67 72 85 1 34 44 53 18 45 100 48 3
12 55 45 90 80 16 6 43 33 14 44 17 44 66 64 48 86 59 13 74 64 1
13 44 34 92 82 41 31 97 87 8 60 80 37 100 36 30 79 13 100 94 27 1
14 78 68 16 6 55 45 93 83 10 39 76 54 96 37 15 54 73 69 5 73 4
15 66 56 98 88 39 29 71 61 81 81 13 74 52 45 17 34 81 43 68 44 3
16 83 73 58 48 24 14 91 81 69 24 8 46 98 17 35 17 85 21 18 65 4
17 41 31 93 83 54 44 106 96 83 80 71 36 32 86 65 1 28 82 69 82 2
18 24 14 79 69 25 15 80 70 76 42 94 15 38 11 66 20 85 86 7 37 3
19 85 75 45 35 14 4 74 64 9 30 77 76 71 97 39 69 70 30 27 49 1
20 26 16 72 62 11 1 57 47 86 93 67 61 4 27 92 23 19 38 70 50 1
21 41 31 34 24 18 8 11 1 52 65 33 80 88 79 84 19 23 9 15 49 4
22 109 99 20 10 30 20 41 31 75 79 77 13 83 44 53 66 8 9 27 74 1
23 77 67 42 32 14 4 79 69 43 38 88 76 19 95 12 47 38 24 79 19 1
24 42 32 85 75 35 25 78 68 75 99 26 11 24 42 24 62 43 50 99 23 4
25 81 71 42 32 94 84 55 45 50 31 58 100 50 45 96 30 76 74 42 43 1
26 18 8 65 55 103 93 50 40 14 99 81 44 47 42 28 17 93 18 14 60 3
27 80 70 21 11 61 51 102 92 73 81 61 13 82 25 64 33 45 34 96 80 4
28 19 9 45 35 80 70 106 96 44 8 54 98 97 14 91 98 64 15 33 86 2
29 85 75 50 40 22 12 95 85 37 68 83 60 24 85 27 88 84 4 62 13 1
30 71 61 93 83 108 98 30 20 13 5 27 8 84 40 96 80 59 52 52 82 1
31 86 76 31 21 83 73 36 26 31 56 92 87 63 79 66 15 77 53 60 48 3
32 39 29 26 16 12 2 99 89 63 83 22 65 28 61 88 68 94 1 20 27 2
33 24 14 77 67 21 11 74 64 91 25 11 61 3 31 95 31 40 27 44 5 2
34 50 40 45 35 39 29 34 24 30 51 9 7 66 54 84 6 53 45 45 3 1
35 16 6 53 43 89 79 26 16 55 53 91 49 65 3 26 53 35 68 19 96 3
36 31 21 54 44 68 58 91 81 65 66 89 45 60 50 2 32 3 10 36 62 2
37 21 11 57 47 94 84 30 20 45 39 21 39 72 83 94 95 35 69 21 9 3
38 92 82 59 49 25 15 100 90 57 34 28 63 21 31 38 38 84 100 35 41 1
39 104 94 100 90 89 79 85 75 10 22 48 29 80 54 54 64 71 86 90 54 1
