4 40
395 440 428 377 
0 44 40 63 58 74 77 85 95 49 73 31 37 43 42 99 11 100 90 81 58 1
1 29 24 68 59 2 1 41 36 61 64 5 40 50 78 100 76 89 97 23 100 2
2 18 22 3 1 65 71 42 42 28 84 28 30 19 57 87 43 7 77 51 96 2
3 19 27 70 74 27 20 65 75 48 85 7 25 67 79 65 33 41 87 34 12 4
4 94 84 32 27 86 77 32 28 86 78 94 21 62 81 55 45 48 90 12 91 2
5 52 42 78 88 33 43 80 89 41 39 47 14 6 72 51 99 92 94 32 76 4
6 26 33 68 60 89 86 18 13 49 51 26 52 43 61 78 78 47 53 35 8 4
7 52 56 90 94 30 33 81 71 80 70 61 75 19 99 37 20 80 62 43 5 2
8 72 81 57 48 13 14 98 89 92 89 71 99 52 66 38 85 29 65 19 8 4
9 42 50 14 5 57 59 1 6 80 79 26 53 65 24 40 37 32 87 58 95 1
10 94 96 43 34 71 81 20 19 80 28 50 89 53 66 66 35 94 82 47 75 2
11 33 43 47 54 72 64 65 75 10 88 66 30 93 16 17 35 21 39 96 49 2
12 62 72 19 23 66 65 23 16 67 67 49 60 22 86 6 73 63 91 24 99 2
13 54 48 104 95 39 41 81 80 94 67 85 16 98 4 64 89 96 38 11 33 4
14 40 49 70 75 8 10 30 36 100 52 63 47 18 17 56 44 92 50 52 96 4
15 53 57 69 71 85 94 9 16 93 93 53 27 83 74 4 94 90 40 97 28 4
16 14 5 78 84 61 70 54 57 40 93 56 50 87 17 47 23 19 68 49 62 3
17 90 96 82 91 85 77 77 72 17 24 25 10 61 87 93 59 90 75 62 57 3
18 77 81 6 4 27 18 35 41 78 68 13 60 60 38 24 97 26 80 27 75 1
19 35 26 95 93 68 59 36 34 100 47 44 25 64 54 5 88 63 39 13 32 1
20 62 65 75 72 88 78 72 77 77 78 23 48 52 7 88 5 97 33 46 30 2
21 63 56 20 22 98 89 47 55 79 87 10 14 34 51 82 74 83 59 37 77 2
22 91 100 54 51 10 9 60 60 44 5 29 81 93 24 2 79 7 7 27 1 1
23 96 95 68 69 61 52 41 34 44 98 47 66 60 22 17 94 96 6 64 63 1
24 45 45 70 71 87 90 4 8 28 50 98 21 6 91 64 49 39 38 13 14 4
25 23 16 28 31 41 45 75 68 42 94 42 38 32 26 7 4 84 85 5 63 1
26 35 42 79 85 26 19 70 62 95 33 87 11 81 12 96 51 6 12 72 63 2
27 13 16 60 54 101 93 27 31 2 2 10 79 42 24 66 95 16 26 46 25 2
28 3 2 18 24 54 47 69 69 26 31 77 65 1 83 55 19 64 82 77 51 3
29 44 35 13 6 82 76 46 55 91 30 75 54 26 99 32 23 51 8 68 15 1
30 56 58 88 88 12 19 44 49 86 7 52 8 73 2 94 10 56 91 100 12 4
31 32 24 15 10 98 97 65 75 8 85 91 66 38 35 43 43 81 72 59 48 3
32 51 52 72 82 22 13 43 43 69 80 95 16 18 79 77 97 11 49 65 26 3
33 85 93 82 76 56 66 53 49 49 23 45 39 35 39 84 65 4 49 22 90 1
34 27 36 34 35 41 33 27 32 95 50 94 12 56 44 79 80 4 11 59 54 2
35 24 25 42 52 79 86 18 13 45 92 87 55 93 28 69 86 8 76 44 58 4
36 70 72 61 55 29 29 20 12 86 38 72 80 55 8 52 81 58 38 7 81 4
37 6 9 76 75 41 50 11 16 24 39 25 43 34 50 9 98 52 1 32 79 1
38 50 40 89 83 7 17 67 60 34 16 55 66 98 2 24 4 22 77 65 55 1
39 66 63 26 21 67 72 35 30 62 58 84 1 4 27 88 35 96 79 72 22 3
