4 40
456 399 348 418 
0 60 86 37 4 21 23 98 41 24 84 93 52 8 90 83 16 65 78 94 77 4
1 77 30 93 65 2 7 18 42 94 63 33 80 46 25 13 64 85 48 62 69 3
2 78 96 79 67 87 45 88 16 84 69 52 26 12 72 47 50 31 6 41 89 3
3 94 25 71 72 55 26 32 73 67 72 10 56 60 55 60 38 72 91 86 62 2
4 48 42 16 85 93 35 61 86 66 87 98 83 17 21 46 45 39 22 12 56 3
5 47 84 56 38 56 85 65 39 58 23 32 89 20 1 58 77 78 85 83 83 4
6 4 83 52 10 1 36 49 63 70 13 66 1 62 5 67 22 57 12 64 84 2
7 58 58 90 96 31 35 63 73 50 65 34 73 15 49 54 25 7 8 99 19 3
8 17 11 69 78 22 44 82 19 94 88 1 86 43 25 93 54 74 36 23 77 2
9 65 68 25 23 94 69 54 24 44 54 57 93 5 53 68 12 93 72 74 51 2
10 49 18 42 56 26 3 19 41 85 29 40 8 56 12 36 46 60 10 52 44 1
11 41 85 14 96 78 6 51 17 30 22 54 49 87 57 1 58 76 86 51 57 1
12 73 90 34 33 94 83 55 26 14 6 23 74 64 68 37 56 77 7 56 50 2
13 88 30 29 77 69 15 18 62 18 72 46 45 19 80 67 16 66 47 98 87 4
14 25 71 98 5 70 32 43 66 79 37 84 51 53 48 39 13 63 8 71 99 4
15 38 43 83 57 35 80 88 2 76 47 6 24 41 67 29 70 39 64 55 81 4
16 16 75 61 62 5 40 58 27 7 16 70 24 93 80 6 36 61 98 18 97 2
17 44 86 81 81 17 75 54 70 25 65 35 80 18 94 15 41 37 33 26 47 1
18 93 55 29 70 66 92 2 15 58 10 74 81 3 89 21 33 42 51 13 69 3
19 88 76 76 43 73 9 61 84 11 54 27 5 96 93 46 53 5 80 37 43 2
20 88 67 84 74 81 80 77 87 67 38 56 9 55 100 90 88 50 82 46 46 4
21 85 86 46 52 98 19 59 77 58 67 29 20 4 87 50 40 59 25 31 96 1
22 62 14 7 73 59 23 4 82 64 33 34 76 77 50 77 76 15 33 89 4 4
23 94 53 87 35 71 10 64 92 86 50 6 95 73 21 53 95 82 34 88 53 2
24 3 51 48 69 92 88 45 6 31 28 94 74 75 73 71 85 94 21 95 24 2
25 69 18 41 33 6 55 78 70 15 55 92 22 98 66 33 13 63 71 10 30 3
26 50 24 71 59 99 1 28 36 72 13 8 40 74 58 23 18 50 3 59 48 1
27 82 74 50 12 19 51 79 81 94 37 24 20 5 75 35 84 91 51 91 25 3
28 40 4 45 26 57 49 70 71 28 47 86 65 85 78 23 5 75 97 94 89 2
29 59 45 75 24 84 94 92 65 53 57 39 53 41 25 64 2 79 18 73 25 4
30 3 84 68 14 40 45 5 75 80 75 28 97 49 79 20 92 19 12 6 70 1
31 22 74 55 52 79 39 12 25 87 84 47 49 68 34 69 93 58 9 30 53 1
32 18 74 47 4 83 35 12 65 15 47 79 87 95 62 80 69 86 4 14 93 3
33 85 71 30 54 74 44 11 27 49 84 28 36 42 86 94 73 80 59 48 80 3
34 46 30 2 29 59 27 15 26 6 15 7 8 15 61 27 43 64 12 20 75 2
35 87 7 48 34 8 68 77 95 51 81 61 81 88 10 20 27 76 35 90 36 1
36 3 98 32 81 68 55 97 38 43 52 73 46 80 35 82 50 45 64 44 47 3
37 5 91 58 57 18 32 71 98 2 45 62 3 51 40 83 36 29 63 95 37 3
38 53 58 5 1 58 35 2 78 77 24 8 30 15 24 25 59 85 87 43 82 3
39 94 45 58 95 15 54 79 12 62 77 16 7 20 17 100 22 86 28 12 6 4
