4 40
1004 1236 986 918 
0 16 82 93 100 77 19 54 37 12 80 100 20 28 29 93 63 39 34 5 1 4
1 77 38 85 73 94 15 10 50 34 82 29 44 23 9 53 18 43 55 53 35 3
2 42 48 51 19 51 89 60 60 20 25 72 7 33 44 80 76 11 26 17 34 3
3 58 25 35 72 19 26 96 73 6 91 61 71 13 37 97 99 54 30 15 67 4
4 92 10 60 61 37 3 5 54 77 88 94 66 24 32 67 66 98 51 63 54 1
5 59 92 68 46 76 93 77 47 13 15 15 43 8 66 42 76 94 85 95 74 2
6 12 7 68 34 17 60 65 87 90 57 14 89 66 35 4 69 4 22 90 38 1
7 50 90 90 28 23 67 63 5 65 4 15 10 39 47 1 29 99 50 80 72 3
8 97 7 49 82 2 48 54 15 66 74 74 23 40 67 66 97 100 11 44 31 1
9 5 84 65 39 34 85 94 40 98 89 67 10 87 78 80 40 61 44 29 17 1
10 65 98 58 36 42 83 35 21 32 52 98 32 7 5 94 85 23 85 14 73 2
11 45 45 18 56 82 66 55 77 83 85 79 61 2 80 32 37 93 85 68 25 4
12 33 26 94 77 54 19 15 70 12 57 55 21 60 64 26 68 68 19 46 93 1
13 68 18 9 65 49 3 90 50 35 62 45 64 30 76 89 16 66 53 75 59 3
14 53 59 26 93 98 20 71 54 95 90 84 100 48 51 94 35 32 71 25 21 3
15 30 63 83 85 27 8 80 30 88 2 99 83 42 59 43 76 7 76 61 67 3
16 84 35 29 14 73 100 26 87 54 43 7 48 83 76 88 32 27 49 83 9 4
17 28 74 65 69 1 63 38 58 67 8 62 83 92 66 91 32 55 39 84 88 1
18 77 67 13 82 50 4 86 19 33 25 35 81 66 5 89 97 52 62 46 31 1
19 68 88 56 55 53 29 41 96 6 22 75 48 76 44 88 76 43 92 89 11 1
20 32 63 28 70 25 76 21 75 24 53 79 25 7 2 100 21 27 8 73 77 1
21 13 10 66 76 26 35 87 1 74 87 63 81 19 3 23 4 16 32 10 44 4
22 54 86 99 45 51 95 4 54 52 50 19 12 39 15 67 29 83 57 28 89 4
23 34 17 27 99 19 74 12 56 59 84 32 75 2 44 34 69 51 1 32 16 3
24 31 55 76 73 20 92 65 10 3 30 21 50 53 91 51 62 85 12 2 92 2
25 73 66 45 81 10 95 82 18 87 70 74 53 36 85 34 4 12 32 77 53 1
26 58 32 87 75 15 9 36 52 37 23 17 63 35 67 92 91 43 51 78 35 2
27 30 58 90 88 59 27 19 65 43 42 24 38 69 58 19 81 74 59 68 70 4
28 16 64 29 86 41 9 54 31 5 74 100 3 50 23 25 21 22 46 81 16 4
29 51 5 67 84 76 54 92 25 91 32 21 60 49 50 76 61 49 29 73 4 2
30 99 56 72 86 44 17 9 47 18 7 25 3 25 9 71 60 69 91 32 29 3
31 94 18 27 96 59 83 84 69 96 80 63 4 5 27 97 82 72 67 64 38 3
32 30 70 59 100 95 31 24 61 58 84 13 58 17 66 64 48 53 63 72 17 4
33 57 63 2 54 46 36 83 27 29 42 96 72 43 19 47 33 21 3 24 1 1
34 26 14 82 13 39 11 95 10 12 96 26 16 93 24 97 36 83 18 35 2 2
35 3 3 72 38 32 64 1 99 33 82 47 58 97 11 33 21 38 10 19 31 4
36 23 70 52 53 88 27 17 10 58 70 69 94 59 45 44 65 29 62 69 60 2
37 1 63 54 29 14 96 67 62 74 13 62 60 96 14 39 83 61 48 79 79 2
38 45 82 89 25 42 67 94 2 49 69 88 69 50 15 64 7 82 17 24 59 3
39 10 57 74 15 39 74 3 32 48 11 71 44 9 63 86 35 42 32 4 83 2
