4 40
1056 1064 992 1200 
0 86 52 63 70 39 89 24 7 15 5 7 87 25 74 52 27 94 91 57 28 2
1 11 100 27 35 36 77 52 12 28 69 78 84 15 82 47 24 4 42 95 58 1
2 32 82 33 53 41 23 42 94 51 47 37 37 56 6 77 36 65 47 87 93 4
3 36 27 21 74 97 20 74 75 65 98 87 50 42 86 48 98 52 85 76 8 2
4 18 72 94 23 63 65 31 16 47 79 51 20 87 11 81 92 84 98 51 83 2
5 97 10 6 56 14 11 23 57 8 97 30 32 51 97 74 20 64 84 35 39 3
6 30 45 86 72 35 98 83 25 20 42 46 14 98 54 43 19 4 21 21 65 1
7 96 68 28 14 69 53 1 91 67 71 38 85 17 92 48 87 55 53 50 20 4
8 87 85 47 52 100 18 52 93 87 11 38 2 61 89 2 6 41 26 5 2 4
9 3 2 63 57 32 11 92 58 10 1 67 14 74 30 13 18 94 43 28 9 1
10 35 48 20 94 12 33 97 79 70 16 72 54 13 54 79 69 72 98 70 65 4
11 31 47 96 58 68 68 33 79 28 95 40 79 96 20 24 15 95 77 12 11 3
12 35 56 96 99 56 49 17 92 58 45 39 60 32 76 27 91 30 34 58 49 3
13 18 84 59 23 99 69 40 8 46 61 88 65 81 69 44 90 27 78 42 76 1
14 71 77 36 3 8 38 81 64 32 59 66 3 53 55 95 70 18 86 91 27 1
15 24 73 69 95 21 18 74 32 82 66 62 13 84 57 78 95 90 20 75 13 1
16 38 25 91 12 35 98 88 85 64 38 55 9 49 54 93 89 60 11 47 85 4
17 50 32 87 27 23 21 60 16 61 4 77 14 33 71 96 36 46 27 99 34 2
18 7 53 43 68 80 90 16 13 98 43 87 57 87 83 2 89 4 99 25 38 2
19 18 82 14 49 3 15 99 90 35 4 88 45 100 8 43 2 21 100 19 17 3
20 54 77 50 84 47 90 43 97 53 25 55 26 5 20 36 32 89 60 16 87 4
21 75 92 28 50 88 17 49 83 24 4 1 80 83 16 7 55 55 24 92 50 4
22 40 76 93 35 45 85 90 44 16 61 97 51 42 99 53 33 46 87 78 59 2
23 44 3 29 77 21 60 14 34 6 6 9 26 59 32 82 76 87 35 55 1 1
24 29 33 74 51 18 70 63 88 93 90 67 94 61 36 60 22 57 11 92 43 2
25 51 80 23 95 96 9 60 24 10 23 84 1 25 19 30 51 3 89 64 69 2
26 80 2 1 45 29 79 58 14 24 86 21 57 85 19 19 95 92 1 74 16 4
27 28 80 96 18 57 49 25 87 30 46 77 63 50 3 30 91 27 37 52 14 1
28 50 22 63 44 75 67 80 89 7 43 19 85 6 89 75 44 16 70 50 90 3
29 1 55 9 26 18 4 34 75 45 29 74 67 3 40 78 86 69 59 1 9 1
30 77 42 50 72 14 3 87 33 84 82 98 74 28 96 98 73 100 76 60 24 4
31 96 92 21 78 53 65 86 43 90 57 1 46 59 78 38 31 54 14 36 68 1
32 64 80 1 10 29 41 66 71 90 24 14 13 10 72 93 83 38 15 22 97 1
33 99 9 44 92 88 82 25 65 86 81 71 11 87 82 38 16 14 73 8 3 3
34 32 92 88 91 45 89 1 88 94 73 60 94 81 94 76 76 35 25 18 95 2
35 85 29 46 56 14 90 75 17 12 35 83 29 81 70 32 5 86 68 58 10 2
36 73 56 2 39 38 21 67 96 48 58 20 99 89 54 87 75 32 36 10 35 1
37 23 1 76 67 36 34 89 100 68 87 18 17 51 55 78 4 22 51 46 86 2
38 31 68 75 3 28 45 72 88 44 45 60 20 35 12 56 30 18 17 67 88 1
39 92 3 48 61 13 20 77 78 14 90 41 60 53 14 23 8 55 6 26 88 4
