4 40
1026 1000 962 1012 
0 74 80 106 98 25 17 36 35 88 6 35 56 4 32 22 26 43 37 46 59 2
1 41 48 80 83 27 25 53 60 96 45 55 20 55 31 33 84 99 61 47 14 4
2 88 98 65 69 48 39 4 10 52 54 73 23 61 1 56 60 57 97 51 25 4
3 20 23 87 78 15 24 66 71 17 61 49 80 69 17 44 57 9 100 27 57 1
4 1 8 67 59 5 1 59 52 6 94 34 31 49 19 3 59 20 28 78 27 2
5 57 62 12 16 59 63 27 17 45 80 90 62 73 34 59 31 56 1 15 66 2
6 4 9 46 36 67 62 88 89 56 29 59 50 61 30 4 53 50 10 63 32 2
7 21 28 72 66 12 5 42 43 11 35 7 54 84 48 16 1 1 1 94 89 3
8 32 29 88 96 52 62 37 37 66 12 26 49 31 15 48 7 95 21 53 54 2
9 96 94 39 41 90 95 54 50 3 13 71 60 56 24 8 100 44 65 77 97 4
10 102 96 51 42 71 81 28 27 73 52 76 93 12 27 11 73 69 74 66 94 3
11 51 55 65 66 61 68 75 79 60 48 21 76 83 33 53 58 53 32 26 41 4
12 29 24 57 67 12 17 61 60 14 99 74 6 5 93 3 13 12 97 75 43 2
13 69 72 19 19 67 65 9 4 38 67 86 7 84 14 60 57 20 22 74 69 1
14 78 69 1 3 25 30 63 64 39 73 32 75 14 14 20 11 78 30 1 46 4
15 76 69 92 91 16 14 24 28 72 17 63 93 28 87 40 70 60 8 1 12 3
16 83 93 89 80 59 66 44 53 61 24 92 26 77 47 47 25 65 73 62 26 3
17 5 12 1 7 8 1 92 88 71 86 78 7 82 83 96 92 65 56 62 20 4
18 44 53 73 76 102 98 23 13 78 3 42 55 30 65 96 40 23 45 34 24 4
19 2 6 83 81 43 47 16 14 55 5 54 69 89 21 42 47 74 98 98 100 3
20 1 1 11 8 24 14 8 13 25 30 5 92 33 84 85 9 47 46 71 17 2
21 13 20 83 78 53 45 10 11 1 89 4 18 60 66 54 13 56 92 54 43 1
22 80 80 30 31 99 89 49 40 21 54 2 50 66 70 6 15 68 84 51 69 4
23 45 51 25 33 26 16 98 90 46 43 21 95 72 6 69 26 76 26 24 42 1
24 15 9 32 27 36 46 74 64 83 81 45 8 46 71 40 46 87 47 5 42 2
25 28 36 41 51 67 65 80 80 66 5 13 21 38 98 17 37 8 44 12 94 1
26 67 74 24 17 58 51 102 94 29 17 88 59 15 26 28 83 84 8 37 55 4
27 78 68 4 6 45 45 84 75 72 40 73 58 22 7 92 78 76 33 92 68 2
28 7 10 22 32 58 55 73 77 49 69 27 40 76 88 56 25 67 4 36 1 1
29 44 35 13 6 69 76 38 47 90 23 83 56 96 28 78 66 13 27 86 50 1
30 36 38 68 68 92 99 16 21 95 47 12 76 88 12 52 50 73 79 83 20 3
31 83 88 66 74 54 53 37 39 52 47 52 59 57 72 50 55 37 95 26 25 3
32 87 80 8 10 37 41 79 71 55 19 57 24 7 37 5 12 51 89 9 75 4
33 72 77 69 60 43 50 40 33 9 16 100 46 53 60 24 80 77 57 87 50 2
34 94 92 101 91 87 89 94 88 29 51 32 3 12 57 100 71 74 50 85 54 3
35 71 69 89 96 26 30 73 65 25 16 36 73 84 46 38 87 10 43 28 66 1
36 61 52 31 27 1 9 90 84 37 96 5 71 95 60 97 15 92 36 35 2 3
37 93 85 42 51 20 18 90 84 24 67 44 48 52 33 32 58 69 90 20 93 4
38 1 4 42 47 73 81 20 24 48 68 12 55 43 8 7 14 93 57 23 81 3
39 47 55 15 13 64 72 32 30 74 57 34 94 98 4 25 43 58 9 2 18 1
