4 50
1155 1057 1314 1270 
0 57 50 76 68 87 87 1 5 87 33 65 52 38 10 75 37 17 61 34 90 4
1 9 14 56 49 82 91 29 26 2 48 52 25 82 51 91 30 27 70 35 70 1
2 80 80 44 51 19 21 83 92 34 28 1 58 10 41 50 5 74 66 20 98 1
3 38 29 68 76 33 30 84 77 71 40 5 61 5 66 8 34 47 95 50 58 1
4 97 98 43 41 89 91 43 42 5 95 9 87 75 68 69 5 40 42 43 20 3
5 20 12 67 58 22 13 69 59 76 36 22 15 66 57 55 86 43 100 38 64 4
6 1 3 22 30 51 56 93 83 10 43 3 56 21 29 73 42 51 92 30 30 3
7 76 66 14 4 46 43 84 81 92 88 34 33 96 82 84 2 79 45 12 97 4
8 37 39 14 6 70 72 55 47 17 38 95 72 64 50 72 66 86 34 74 14 2
9 18 8 61 63 4 9 68 64 56 12 31 47 59 74 47 14 58 32 91 72 1
10 67 70 16 8 65 55 93 93 12 50 15 11 63 63 99 40 46 89 51 5 1
11 5 1 19 12 23 22 37 33 76 52 14 72 87 44 68 30 76 30 20 39 3
12 83 90 40 41 87 83 44 34 79 37 41 22 44 6 94 32 32 99 37 11 4
13 63 58 13 5 53 43 90 90 79 59 32 14 57 62 67 39 17 48 83 60 3
14 9 11 47 45 85 80 7 6 84 63 26 79 43 36 65 7 21 6 24 3 1
15 67 63 83 77 107 100 23 22 44 38 13 99 9 54 5 13 6 77 24 92 1
16 61 63 54 50 37 36 22 15 17 47 55 55 65 26 99 85 100 40 67 22 2
17 65 58 57 53 39 39 31 34 19 91 95 35 49 21 1 20 1 22 64 85 4
18 11 15 40 38 61 52 69 75 5 7 32 69 72 84 79 44 66 18 97 58 1
19 31 32 91 99 64 65 32 40 51 14 96 18 18 95 17 42 31 83 80 100 1
20 99 95 12 2 4 8 17 15 81 26 45 43 80 57 26 92 70 55 20 51 2
21 87 90 49 48 6 15 84 81 47 1 48 5 51 43 71 59 52 59 49 22 4
22 66 70 29 21 85 79 35 30 60 32 36 1 72 39 98 5 83 98 100 11 4
23 39 41 32 23 104 98 84 80 100 10 95 58 38 95 82 23 21 60 47 93 1
24 108 99 25 17 42 36 59 54 32 45 57 71 68 37 98 88 79 19 4 17 3
25 28 34 41 49 67 63 80 78 9 40 47 6 66 46 19 44 91 21 32 92 3
26 22 20 58 55 100 97 28 32 22 56 45 11 72 62 76 42 28 13 24 10 1
27 41 42 80 80 21 11 47 49 28 27 35 37 7 62 75 42 47 86 45 73 3
28 81 76 4 6 19 29 55 51 22 31 41 57 75 33 27 73 42 70 14 21 2
29 73 69 42 40 27 18 96 89 6 81 55 93 44 50 45 89 83 80 96 1 4
30 6 16 51 46 75 69 99 99 53 14 32 87 39 29 75 66 75 79 50 20 4
31 56 66 60 52 43 39 10 17 97 60 84 43 95 31 97 36 85 81 61 21 1
32 35 30 64 60 85 91 14 21 97 72 15 37 95 2 48 34 41 55 10 20 4
33 52 51 41 34 23 24 1 7 84 71 77 75 4 91 82 15 64 65 69 18 4
34 59 50 45 49 52 47 51 46 78 2 21 21 74 11 2 64 3 57 87 74 1
35 14 23 61 58 90 84 29 19 87 63 13 58 32 28 32 82 46 73 60 5 2
36 20 22 11 5 87 87 70 62 33 84 68 55 42 100 22 10 39 16 24 28 4
37 1 3 76 69 46 36 1 2 29 11 94 68 78 58 1 84 32 26 61 72 3
38 3 2 50 45 89 79 28 22 64 85 76 81 35 32 100 63 4 50 82 37 2
39 72 77 32 35 102 94 49 52 56 42 57 65 27 27 41 7 44 71 61 33 1
40 33 33 18 8 96 90 68 65 62 94 22 14 65 65 76 33 9 23 92 34 4
41 57 52 39 34 15 9 89 91 45 42 33 94 59 60 2 29 45 42 24 94 2
42 19 12 65 71 24 29 91 96 29 90 4 24 47 6 86 28 30 14 78 55 3
43 44 48 70 78 17 9 22 31 43 74 75 77 22 62 79 9 96 33 42 23 3
44 69 73 60 52 30 30 1 9 19 51 28 20 94 35 94 62 59 3 51 62 4
45 60 53 53 47 54 50 55 52 92 89 90 30 3 18 96 93 93 76 75 73 4
46 20 20 56 58 86 89 22 27 4 73 25 57 9 60 93 67 2 32 91 48 3
47 53 52 21 26 12 9 80 83 23 2 88 8 76 89 31 67 37 60 16 8 1
48 83 73 1 4 51 42 64 73 69 17 24 65 8 75 62 66 99 83 17 41 3
49 61 58 67 69 81 79 87 90 44 24 65 48 72 53 66 7 57 20 39 54 3
