4 50
1323 1240 1350 1275 
0 66 56 84 74 103 93 21 11 60 7 28 31 93 27 43 39 13 53 71 87 4
1 16 6 93 83 69 59 46 36 79 26 87 78 26 31 20 8 85 51 98 11 1
2 110 100 53 43 87 77 22 12 17 69 82 22 34 39 85 77 97 33 100 50 2
3 53 43 69 59 78 68 86 76 80 6 10 20 71 66 31 16 27 62 73 47 4
4 44 34 15 5 85 75 56 46 19 98 1 74 97 14 27 40 29 51 83 41 4
5 66 56 67 57 75 65 76 66 87 80 69 79 2 40 100 92 76 84 49 87 1
6 37 27 84 74 38 28 85 75 44 47 30 20 89 41 74 41 79 99 68 63 4
7 66 56 51 41 27 17 104 94 58 60 89 56 14 57 26 40 57 85 45 91 1
8 62 52 13 3 63 53 106 96 84 29 53 11 51 66 75 1 1 73 18 14 2
9 60 50 36 26 105 95 81 71 35 51 35 39 84 79 99 15 26 75 18 19 4
10 68 58 22 12 69 59 23 13 65 10 93 54 66 23 29 57 17 26 70 41 2
11 103 93 12 2 20 10 29 19 92 40 18 80 96 48 41 76 24 64 72 38 1
12 51 41 78 68 104 94 31 21 78 56 38 63 17 81 25 12 52 74 4 37 4
13 84 74 32 22 81 71 37 27 11 35 43 53 36 3 74 94 67 76 18 61 1
14 58 48 96 86 35 25 73 63 73 5 92 71 10 100 100 20 58 74 20 43 3
15 62 52 102 92 35 25 75 65 73 92 71 36 40 1 80 20 49 15 4 43 3
16 71 61 38 28 104 94 71 61 42 87 69 75 11 41 7 45 90 53 54 63 4
17 61 51 13 3 66 56 26 16 23 96 29 15 66 6 85 70 29 68 90 59 1
18 96 86 43 33 97 87 52 42 11 79 9 24 28 9 42 96 29 10 62 76 1
19 49 39 109 99 78 68 38 28 16 14 59 89 66 44 94 46 95 24 89 45 4
20 110 100 56 46 95 85 41 31 50 30 21 19 19 10 20 74 52 94 14 14 1
21 81 71 74 64 58 48 51 41 42 21 60 42 51 5 88 67 79 86 78 85 4
22 93 83 104 94 14 4 25 15 12 51 16 89 65 73 63 43 43 23 3 41 4
23 69 59 34 24 106 96 71 61 49 13 2 22 17 8 14 68 36 11 30 58 1
24 18 8 61 51 11 1 54 44 44 85 7 24 39 69 81 67 8 72 4 77 4
25 25 15 86 76 46 36 107 97 35 10 50 75 74 60 90 46 27 66 70 32 3
26 46 36 93 83 31 21 78 68 58 51 36 27 48 71 39 4 71 61 74 85 2
27 16 6 57 47 105 95 46 36 26 25 31 68 15 88 80 89 92 75 41 74 3
28 55 45 81 71 16 6 42 32 54 35 9 25 38 16 60 82 87 85 51 88 3
29 77 67 50 40 14 4 87 77 63 50 74 33 78 81 40 75 85 60 26 76 3
30 23 13 37 27 60 50 82 72 73 51 3 77 96 52 35 46 58 57 71 89 3
31 74 64 19 9 71 61 16 6 93 93 76 38 89 54 86 33 76 70 56 18 2
32 19 9 106 96 92 82 79 69 53 56 78 42 30 18 16 47 71 7 30 73 3
33 88 78 33 23 85 75 30 20 68 56 90 66 51 86 58 61 38 47 92 2 4
34 30 20 25 15 11 1 106 96 69 99 75 73 26 25 46 93 5 56 15 57 2
35 72 62 109 99 45 35 82 72 27 86 36 94 1 98 53 82 2 32 81 26 3
36 103 93 18 8 40 30 55 45 76 43 38 5 79 98 31 72 6 64 93 100 1
37 81 71 17 7 54 44 98 88 63 68 62 75 98 64 53 51 46 48 19 92 1
38 36 26 103 93 69 59 44 34 93 74 96 15 23 1 44 62 27 74 3 94 3
39 104 94 92 82 89 79 77 67 54 88 98 82 55 30 82 2 53 61 14 71 2
40 59 49 66 56 72 62 79 69 79 60 48 14 83 77 66 36 99 36 70 93 4
41 88 78 84 74 81 71 77 67 82 5 92 17 20 66 76 73 83 76 92 48 1
42 54 44 20 10 87 77 53 43 9 9 47 70 13 95 3 88 30 94 98 29 3
43 49 39 102 92 62 52 23 13 86 28 55 39 78 97 73 98 90 18 96 21 4
44 22 12 73 63 31 21 82 72 27 48 5 25 3 22 11 43 82 71 51 35 1
45 90 80 43 33 87 77 40 30 53 75 42 1 48 74 67 95 15 28 34 67 1
46 57 47 39 29 14 4 96 86 88 2 84 50 52 53 20 77 87 5 49 11 2
47 94 84 87 77 71 61 64 54 25 65 4 47 79 50 25 29 89 56 49 29 4
48 55 45 73 63 92 82 110 100 86 9 29 62 93 72 22 72 51 48 22 31 1
49 75 65 28 18 72 62 17 7 34 14 16 14 26 79 100 5 52 93 82 45 2
