4 50
1243 1057 1160 1258 
0 10 92 87 10 63 29 48 47 41 50 46 21 68 53 44 81 14 42 70 53 2
1 7 28 23 63 32 5 40 40 92 33 29 53 42 71 89 80 58 56 39 18 3
2 48 98 49 69 57 47 58 18 92 82 96 16 86 70 74 39 67 11 97 66 3
3 88 27 65 74 49 28 26 75 19 23 30 73 93 21 29 38 18 57 54 44 2
4 62 24 38 75 7 17 83 68 39 44 48 18 70 91 78 99 14 70 100 88 4
5 85 62 94 16 94 63 3 17 49 2 58 7 19 95 91 60 100 81 66 50 4
6 46 85 94 12 43 38 99 65 56 82 48 1 41 85 47 57 72 30 98 98 1
7 8 92 40 30 81 77 13 15 80 50 92 70 44 13 100 76 80 30 94 51 3
8 55 65 7 40 60 6 20 73 29 100 60 26 33 5 80 37 39 13 93 88 3
9 87 42 47 97 16 43 76 98 77 7 73 69 10 100 80 5 69 14 39 77 2
10 43 72 36 10 20 57 13 95 94 99 74 96 83 67 36 100 1 10 80 46 4
11 7 11 80 14 44 24 17 35 40 90 6 48 35 60 49 88 32 15 88 37 1
12 59 52 20 95 80 45 41 88 20 81 87 71 2 97 58 13 71 84 98 33 2
13 94 28 43 75 83 13 24 60 16 51 61 92 74 90 77 41 8 50 7 87 3
14 7 29 72 63 44 90 17 24 97 41 4 12 43 11 46 19 58 45 76 38 3
15 20 69 73 91 17 14 70 36 97 90 57 2 50 29 59 9 69 84 9 4 1
16 66 93 11 80 63 66 8 45 54 97 91 48 50 70 59 55 26 34 90 53 2
17 46 36 83 31 19 25 56 12 53 29 40 84 71 65 82 7 1 83 19 98 2
18 99 1 35 16 72 38 8 61 44 57 92 96 96 97 61 86 37 33 32 90 3
19 50 94 46 61 35 35 31 2 55 85 50 52 16 59 51 17 41 20 97 80 1
20 98 93 94 100 91 6 79 13 27 78 48 51 63 41 19 53 40 96 59 12 3
21 87 36 48 2 100 69 61 27 100 69 89 69 11 75 71 53 79 93 25 99 4
22 44 64 89 15 41 73 94 24 58 41 69 80 81 76 3 11 44 81 8 48 2
23 92 71 85 45 69 28 62 2 44 8 71 77 24 2 73 87 36 14 9 54 1
24 69 1 14 19 58 46 3 64 57 4 12 18 35 96 32 84 54 52 6 82 2
25 27 84 91 99 64 13 28 28 12 100 53 28 88 45 41 42 15 89 89 90 3
26 88 10 9 45 37 87 66 22 69 5 49 56 35 46 9 52 21 44 74 79 4
27 60 76 28 14 97 45 57 83 11 57 29 77 70 69 34 34 27 96 56 50 4
28 94 46 7 68 19 91 32 13 2 52 85 42 65 16 86 46 65 94 40 33 1
29 13 47 29 18 38 88 54 59 93 7 21 90 17 84 22 49 81 35 59 29 4
30 5 14 70 44 42 67 7 97 94 33 51 48 19 46 14 19 85 67 6 39 3
31 40 52 73 38 5 25 30 3 41 85 71 88 40 8 5 90 38 78 51 63 2
32 20 40 57 70 85 1 22 31 81 42 11 14 19 40 36 92 100 28 31 23 3
33 3 21 48 12 84 94 29 85 49 37 18 42 95 63 79 16 38 75 96 31 1
34 72 28 28 27 85 25 41 24 72 93 74 95 64 97 14 99 21 81 47 88 4
35 21 1 90 36 50 70 11 97 83 5 73 90 91 36 20 39 14 62 88 29 2
36 65 20 2 3 30 85 67 60 87 25 78 87 99 22 34 99 66 3 31 2 4
37 87 57 48 23 100 90 61 56 87 87 86 84 75 91 6 33 51 33 79 10 4
38 31 44 83 87 36 21 80 64 16 88 38 52 68 8 85 70 48 34 24 49 4
39 4 79 68 37 33 88 97 46 52 33 96 20 58 76 1 44 96 66 58 60 3
40 24 71 29 46 33 20 30 95 73 26 80 3 5 46 33 57 15 47 76 17 1
41 46 30 2 12 67 87 31 69 75 19 64 48 45 85 18 14 4 85 53 19 3
42 42 74 78 33 7 91 35 58 45 99 57 8 58 4 7 49 47 100 80 2 3
43 67 6 12 28 56 59 1 89 56 100 94 47 51 98 58 79 62 74 7 97 2
44 47 67 55 46 64 16 72 95 25 71 38 62 45 14 95 92 60 56 87 96 1
45 15 11 28 13 40 16 53 10 98 5 94 10 35 4 67 11 50 44 100 83 2
46 57 70 37 8 18 39 98 77 23 91 70 46 73 54 80 96 48 72 54 65 3
47 9 90 85 72 70 47 46 29 52 77 56 19 56 81 97 54 32 25 86 43 3
48 21 75 41 14 54 44 74 83 89 92 44 10 60 48 47 38 2 86 20 66 3
49 26 8 2 19 87 29 63 40 26 44 76 69 79 57 95 38 97 35 85 76 1
