4 50
610 451 450 453 
0 68 62 79 80 90 99 22 17 38 77 90 40 90 10 33 2 58 13 80 82 3
1 92 82 18 25 65 59 12 2 52 95 49 3 73 45 55 23 51 90 58 51 3
2 33 32 5 11 80 81 57 52 49 5 31 2 49 58 40 6 31 10 12 16 2
3 23 29 82 76 39 30 69 77 29 19 34 52 10 22 77 87 13 37 74 69 2
4 81 86 27 37 73 79 40 30 71 41 23 73 98 76 91 63 17 78 62 54 3
5 73 80 20 26 75 81 22 27 77 36 6 60 86 45 48 5 70 74 38 63 4
6 18 15 39 42 60 68 89 95 3 3 3 24 13 60 9 46 83 65 88 30 4
7 77 78 15 16 47 55 1 1 100 70 39 75 75 22 62 73 66 89 24 92 2
8 34 43 11 10 67 76 52 51 61 49 75 81 45 46 85 29 59 81 36 98 2
9 70 60 13 15 56 61 7 16 50 96 77 32 44 20 77 46 13 96 40 2 3
10 30 22 66 68 7 7 56 53 78 34 5 94 35 10 95 30 66 91 4 33 2
11 23 13 29 24 41 34 47 45 20 85 99 3 89 34 52 36 88 25 94 42 2
12 71 74 28 25 75 67 3 10 68 85 3 99 91 82 54 76 45 75 3 53 4
13 93 94 43 33 70 79 12 18 99 13 73 56 42 43 84 4 84 91 91 79 3
14 57 47 66 73 17 8 26 34 84 36 66 30 66 41 48 94 46 59 69 92 3
15 71 79 8 1 32 24 48 38 58 12 1 57 78 78 17 94 50 64 94 82 3
16 83 91 76 78 51 56 44 43 64 14 4 1 53 42 86 2 47 78 11 69 3
17 88 94 80 89 91 83 83 78 18 65 25 60 27 68 68 64 71 60 51 44 1
18 86 87 15 10 15 24 44 47 57 25 74 34 59 12 34 100 100 51 31 79 2
19 79 88 60 55 28 29 101 96 83 75 69 79 90 55 44 76 97 48 78 71 1
20 22 15 14 22 27 28 40 35 11 4 2 98 84 41 8 23 78 1 68 74 4
21 24 18 94 84 43 43 1 9 16 23 38 7 38 30 73 26 14 85 44 67 1
22 48 54 1 5 54 63 17 14 66 43 74 40 37 20 13 80 41 26 19 22 4
23 40 49 41 31 13 6 85 88 69 41 87 74 44 13 57 15 44 30 9 12 3
24 94 87 11 5 15 24 32 42 93 76 74 68 25 31 92 15 90 8 19 32 2
25 93 90 1 5 11 19 24 34 10 85 85 60 82 60 37 31 35 52 35 26 3
26 73 72 17 15 43 49 87 92 11 100 50 37 34 12 38 16 36 33 64 88 4
27 95 98 42 36 83 75 9 13 66 18 14 30 46 39 85 36 51 1 23 38 3
28 89 96 25 18 40 41 55 63 90 26 39 97 79 97 55 69 50 45 73 20 1
29 102 97 71 68 48 38 17 9 15 60 65 8 57 39 6 64 78 75 72 97 2
30 110 100 34 30 66 61 90 91 36 71 68 62 54 74 54 71 52 45 72 16 4
31 34 34 30 20 13 7 88 85 89 86 43 55 13 11 32 43 77 71 56 60 3
32 65 58 86 88 15 19 57 49 27 51 85 84 52 99 97 55 8 89 33 78 4
33 57 67 54 50 49 40 25 23 52 71 77 55 25 43 37 64 75 10 63 38 1
34 7 6 14 5 13 3 1 2 38 16 52 19 93 67 32 55 89 22 22 56 4
35 26 27 65 62 81 88 20 23 63 25 36 49 4 100 73 44 71 53 73 42 2
36 6 14 97 89 65 71 64 54 47 87 36 8 41 34 7 81 38 30 5 6 4
37 103 95 60 61 30 28 87 94 96 4 5 72 70 31 95 17 73 17 6 28 4
38 38 30 56 65 16 7 34 42 62 46 82 62 19 9 45 24 93 6 2 1 3
39 31 25 78 83 40 42 100 92 100 60 41 10 26 17 47 81 56 25 76 72 2
40 92 93 64 68 47 42 19 17 16 47 11 48 40 22 76 35 26 21 73 96 2
41 93 100 80 74 64 57 38 31 83 36 48 21 94 34 27 18 21 37 95 3 4
42 97 92 56 51 15 9 61 68 25 14 51 32 29 38 55 66 27 96 83 36 3
43 43 52 82 74 8 5 26 27 61 65 21 82 83 62 63 54 90 25 93 98 2
44 28 29 90 100 81 78 51 57 37 55 36 24 53 6 37 85 97 62 66 19 2
45 26 21 27 23 28 26 37 28 88 17 13 43 54 10 77 58 40 69 70 92 2
46 95 92 23 22 69 61 105 99 76 16 51 42 61 2 99 16 72 11 100 48 4
47 76 68 52 50 35 25 11 7 63 11 55 27 32 23 36 10 41 68 68 53 4
48 64 57 98 88 11 18 66 57 19 24 52 57 93 41 61 7 16 95 74 6 2
49 55 58 61 69 75 79 81 90 100 23 63 17 3 19 5 5 96 47 50 34 1
