4 50
512 507 508 479 
0 44 34 62 52 81 71 99 89 73 9 83 22 92 8 13 64 94 99 11 50 4
1 74 64 51 41 27 17 12 2 19 15 6 36 13 38 38 44 41 24 7 33 2
2 56 46 91 81 33 23 68 58 31 94 33 89 63 24 35 8 2 76 28 55 2
3 11 1 19 9 36 26 44 34 71 72 96 90 56 49 61 15 51 61 87 86 4
4 82 72 53 43 23 13 94 84 49 73 27 39 4 3 34 53 28 66 99 54 4
5 12 2 21 11 21 11 30 20 59 66 69 93 25 83 60 85 81 37 36 46 4
6 39 29 86 76 40 30 87 77 78 11 71 95 4 98 26 11 54 72 54 55 1
7 24 14 101 91 77 67 62 52 17 74 91 85 28 96 26 40 38 16 79 14 4
8 88 78 31 21 81 71 32 22 99 69 11 67 48 89 17 47 54 62 2 67 4
9 106 96 74 64 51 41 19 9 33 10 17 27 26 51 2 18 22 44 80 92 3
10 62 52 108 98 63 53 109 99 81 83 77 9 99 94 16 82 37 90 78 55 2
11 17 7 26 16 34 24 43 33 15 53 44 68 86 59 10 19 80 91 53 61 1
12 33 23 60 50 86 76 13 3 21 35 37 5 74 21 50 6 39 24 81 40 2
13 70 60 18 8 75 65 23 13 53 5 61 28 16 28 3 66 53 30 41 78 2
14 88 78 26 16 65 55 103 93 48 5 33 77 6 84 6 100 6 16 6 76 2
15 16 6 56 46 89 79 29 19 26 63 98 31 50 8 85 11 42 21 43 63 4
16 41 31 16 6 82 72 49 39 46 92 60 65 45 12 17 88 52 67 66 68 2
17 99 89 59 49 12 2 64 54 17 61 85 62 81 39 71 13 43 21 34 47 4
18 82 72 37 27 83 73 38 28 59 11 53 9 99 39 60 82 42 34 95 48 1
19 67 57 35 25 96 86 64 54 21 43 15 49 77 16 14 35 59 52 38 79 3
20 100 90 46 36 85 75 31 21 89 24 49 99 85 14 87 51 92 96 79 57 4
21 19 9 12 2 96 86 89 79 66 90 1 92 52 99 23 12 10 50 70 9 2
22 67 57 78 68 88 78 99 89 9 62 35 50 8 24 54 13 15 62 45 89 3
23 39 29 104 94 76 66 41 31 97 14 91 23 88 39 92 16 33 53 74 30 4
24 60 50 11 1 53 43 104 94 9 13 95 2 64 97 44 21 84 30 41 87 1
25 107 97 68 58 20 10 81 71 41 38 9 37 46 46 49 57 94 57 62 29 2
26 28 18 75 65 13 3 60 50 91 84 1 45 62 90 90 74 81 19 28 47 3
27 106 96 55 45 95 85 36 26 2 52 61 8 75 70 93 44 46 86 100 80 1
28 89 79 15 5 50 40 76 66 87 62 71 98 83 68 36 3 27 84 34 26 1
29 31 21 96 86 68 58 41 31 91 83 13 36 31 45 29 68 61 83 85 15 2
30 77 67 99 89 14 4 36 26 5 71 88 51 81 81 87 54 63 62 32 93 2
31 76 66 29 19 73 63 26 16 53 88 30 16 24 85 30 76 74 18 81 14 4
32 105 95 92 82 70 60 57 47 5 48 91 14 26 92 39 29 87 78 42 58 3
33 14 4 59 49 103 93 56 46 39 97 57 38 100 31 6 72 54 67 94 32 3
34 12 2 107 97 101 91 96 86 29 5 21 28 1 94 90 16 26 48 23 24 4
35 42 32 79 69 15 5 52 42 75 98 59 24 38 91 73 16 82 34 31 85 2
36 65 55 88 78 102 92 25 15 84 40 94 70 34 4 18 6 55 15 1 12 3
37 43 33 79 69 16 6 52 42 84 41 97 11 93 78 50 50 50 13 39 12 4
38 98 88 65 55 39 29 106 96 96 79 58 33 42 12 95 37 53 44 22 97 2
39 86 76 82 72 71 61 67 57 18 70 92 100 78 42 21 65 72 69 5 33 2
40 89 79 96 86 94 84 101 91 82 26 15 96 80 74 34 3 26 35 66 65 2
41 30 20 26 16 23 13 19 9 70 31 2 29 96 98 96 32 53 27 35 97 3
42 88 78 54 44 21 11 79 69 51 35 2 13 61 75 22 23 34 41 12 39 2
43 47 37 108 98 68 58 29 19 41 26 98 56 98 74 8 80 5 98 30 84 3
44 68 58 19 9 77 67 28 18 49 54 54 87 78 26 61 69 20 81 29 59 4
45 92 82 45 35 97 87 42 32 70 29 51 32 1 15 86 41 36 57 15 89 3
46 107 97 89 79 72 62 46 36 80 64 90 75 22 100 19 58 93 41 29 90 3
47 108 98 101 91 93 83 78 68 73 99 31 78 33 92 74 59 94 5 93 80 2
48 25 15 43 33 62 52 88 78 21 94 61 8 17 34 23 54 31 68 36 1 2
49 33 23 86 76 30 20 75 65 78 11 30 19 68 63 27 26 47 16 56 5 3
