4 50
1083 1431 1354 1106 
0 49 46 60 64 79 83 11 1 54 60 65 76 42 10 9 83 22 16 63 76 3
1 19 22 66 57 92 99 39 34 81 84 9 55 35 17 17 24 85 4 65 96 4
2 29 24 85 95 76 73 53 44 26 32 58 14 83 31 17 91 22 64 77 57 2
3 29 29 80 76 24 30 75 77 67 87 23 43 15 47 16 59 90 51 51 71 1
4 62 66 16 17 54 59 1 10 45 66 50 43 24 9 50 70 80 64 32 67 3
5 12 20 59 66 14 21 61 67 45 4 99 14 66 56 53 39 15 68 91 83 4
6 27 35 69 62 90 88 19 15 78 87 22 21 37 19 83 54 60 10 69 24 1
7 94 90 32 28 80 75 10 13 53 57 73 97 37 50 81 35 45 50 28 95 4
8 44 35 8 2 72 76 49 43 7 1 87 26 37 17 22 60 16 84 74 31 3
9 19 24 70 79 34 25 77 80 26 18 35 61 99 21 36 3 53 7 88 67 4
10 46 50 95 88 44 35 72 73 42 23 94 12 26 14 12 63 87 35 4 81 4
11 78 69 71 80 96 90 10 1 7 56 78 21 81 48 33 80 11 10 7 97 1
12 44 34 72 77 27 27 76 70 67 33 61 90 94 83 17 48 53 5 22 25 3
13 39 46 89 93 37 39 79 78 76 52 99 20 36 97 91 63 11 62 24 76 3
14 8 7 38 33 76 68 85 94 50 96 64 18 30 72 32 13 32 84 40 59 1
15 84 83 8 5 32 28 48 50 100 41 68 26 44 37 11 65 71 3 59 49 4
16 16 23 1 2 84 88 77 75 98 18 54 33 16 26 78 47 24 85 68 17 4
17 52 46 36 33 26 27 18 22 71 71 62 3 12 14 37 79 58 60 69 97 2
18 30 27 59 50 59 64 88 87 96 29 62 52 89 51 82 53 69 6 53 22 4
19 51 44 3 11 92 85 44 52 34 6 31 20 49 1 49 88 71 36 59 10 4
20 94 91 107 98 1 4 12 11 68 48 54 40 12 79 1 51 86 54 93 65 4
21 8 14 70 72 48 39 5 5 62 6 61 6 33 59 40 83 65 86 55 23 2
22 50 42 100 93 48 51 1 2 91 24 93 53 74 4 50 52 64 82 11 44 4
23 7 5 87 87 72 62 52 44 51 99 44 87 45 92 2 94 26 6 24 20 3
24 4 3 21 21 38 40 55 58 49 1 40 83 62 21 64 25 90 33 8 11 3
25 72 74 93 97 19 11 32 26 64 100 32 6 39 16 96 88 55 91 10 69 4
26 19 28 63 71 10 5 54 48 31 97 49 95 71 31 66 65 53 92 46 37 4
27 8 18 55 56 96 95 35 25 36 20 19 20 25 42 89 1 84 8 57 5 1
28 39 44 75 66 90 89 5 11 50 15 99 33 76 30 98 34 36 56 62 9 1
29 23 29 92 100 77 78 46 49 11 48 5 35 48 30 67 82 75 78 49 67 2
30 80 88 12 18 49 41 81 71 94 67 52 88 39 94 89 35 25 39 54 12 1
31 9 10 92 96 88 83 63 61 47 28 57 66 44 78 74 74 59 3 39 18 3
32 11 18 40 48 82 79 11 9 7 70 80 76 49 51 90 75 62 25 72 28 1
33 52 43 20 26 23 16 7 7 51 72 30 79 35 95 53 76 55 20 77 52 2
34 29 34 36 33 22 31 29 30 95 72 30 22 70 56 31 91 80 39 62 11 3
35 17 19 56 54 72 80 11 15 86 36 29 95 75 46 20 86 19 49 4 72 4
36 87 94 78 77 54 59 37 34 17 18 78 10 69 68 26 51 83 70 95 69 2
37 77 75 34 41 4 8 82 74 65 6 49 41 40 92 79 91 35 6 55 25 3
38 30 26 69 69 8 3 55 46 36 55 15 34 25 19 14 89 69 62 10 38 3
39 97 97 65 55 14 14 74 64 86 65 62 16 59 66 1 7 2 23 39 86 4
40 58 49 30 24 100 98 72 81 90 58 28 97 46 57 27 95 36 89 77 91 2
41 10 8 84 82 68 65 42 39 41 56 8 90 63 100 3 21 61 52 79 81 2
42 80 88 39 47 6 5 73 72 49 14 77 67 38 48 61 10 35 69 55 52 4
43 91 88 9 10 35 41 61 71 80 65 1 17 17 83 75 15 62 49 75 80 4
44 23 21 93 100 84 78 54 57 10 11 72 11 90 4 29 45 5 52 65 41 4
45 52 61 53 63 67 58 68 60 91 48 7 18 84 78 60 16 90 14 66 45 4
46 101 96 37 34 75 65 11 3 72 64 25 63 94 99 78 42 41 85 35 39 3
47 12 8 80 90 79 73 39 47 1 80 30 82 86 90 60 72 83 5 92 93 3
48 14 17 48 48 74 78 16 17 49 67 84 73 71 14 95 85 71 29 5 55 2
49 63 58 69 69 83 79 89 90 63 53 100 44 86 25 63 37 29 18 27 93 2
