4 50
1275 1127 1430 1390 
0 84 76 103 94 14 13 25 31 82 84 8 49 23 60 84 52 83 100 77 63 2
1 50 60 89 95 36 37 62 72 92 76 63 82 24 5 73 57 18 27 28 15 1
2 81 90 58 61 49 39 5 10 43 27 83 52 86 40 43 45 40 56 70 45 1
3 35 27 65 74 22 28 81 75 41 51 92 52 20 5 89 77 52 41 56 31 1
4 13 4 59 55 105 97 51 48 35 14 93 15 8 24 25 10 14 54 44 77 4
5 3 10 50 56 5 11 65 57 33 63 48 77 55 42 59 18 50 62 44 39 1
6 88 97 30 24 59 50 80 77 32 40 83 28 75 19 49 4 85 47 43 84 1
7 7 4 45 50 85 89 23 27 69 2 99 40 46 45 58 96 57 14 44 36 4
8 68 65 32 32 88 98 73 73 36 28 28 43 90 19 27 68 80 96 59 85 1
9 1 6 68 61 3 7 54 62 21 80 8 82 19 39 34 85 65 56 56 66 1
10 92 100 41 38 90 85 18 23 69 61 43 48 67 62 63 69 68 100 55 94 1
11 69 59 75 70 87 80 93 91 29 4 19 8 49 85 97 93 24 62 34 21 4
12 4 12 53 55 8 5 57 48 43 46 45 12 52 70 14 87 21 28 89 90 2
13 96 88 17 27 65 73 23 20 25 38 47 4 3 42 54 75 97 72 81 97 1
14 81 89 19 23 49 50 79 84 69 72 61 60 17 1 57 51 58 2 87 40 4
15 74 81 103 95 27 18 30 40 13 56 23 83 93 55 70 9 27 30 48 35 3
16 25 25 10 12 93 90 78 77 60 87 63 76 72 81 71 9 30 69 47 29 4
17 88 88 72 75 62 69 54 64 94 8 16 94 63 79 55 67 25 4 60 25 4
18 32 41 53 56 82 78 11 1 92 43 43 90 57 68 64 45 44 92 7 83 1
19 49 50 17 25 90 91 50 58 20 16 75 60 38 86 43 78 29 28 14 90 1
20 76 77 89 84 81 90 86 89 79 36 35 99 86 5 59 40 49 45 13 97 4
21 33 32 90 98 52 57 30 23 22 16 91 60 45 53 27 36 93 38 26 30 1
22 62 52 12 3 68 61 10 12 92 58 36 44 8 56 2 2 79 10 53 70 4
23 22 27 7 1 87 84 67 66 36 35 26 65 11 58 22 7 5 51 76 3 1
24 19 25 36 43 53 62 70 80 82 3 49 6 70 27 70 63 56 47 29 89 1
25 63 68 89 83 102 97 23 20 94 67 5 58 4 71 79 84 64 38 58 88 2
26 61 66 10 1 52 43 88 78 17 26 43 12 79 43 5 55 25 24 78 34 1
27 94 96 33 34 74 65 13 3 31 71 50 93 24 57 35 9 91 53 34 45 3
28 87 86 2 8 30 31 45 53 46 14 45 71 14 14 11 72 35 77 77 3 4
29 73 79 50 58 27 28 96 99 40 33 60 90 73 3 55 66 13 11 4 16 1
30 94 94 18 24 50 55 95 85 14 64 47 27 71 88 35 25 4 1 49 28 4
31 27 28 23 14 6 1 81 79 1 37 63 83 30 84 35 3 92 49 38 5 1
32 1 8 43 38 72 69 93 99 91 28 20 35 25 92 27 4 45 78 48 9 1
33 94 97 78 88 65 70 70 61 78 15 54 90 90 2 57 78 51 47 98 84 4
34 60 56 59 55 45 53 52 52 3 48 8 100 47 24 61 47 65 1 97 64 1
35 4 1 22 28 59 62 98 89 52 42 74 26 5 27 16 26 48 89 34 22 4
36 2 8 93 91 61 65 52 48 56 10 51 96 68 6 32 30 2 29 58 51 4
37 44 37 1 3 71 70 28 36 98 40 21 90 12 81 56 16 11 14 62 84 2
38 47 48 86 83 25 25 64 60 100 37 35 99 34 94 98 27 34 59 90 60 4
39 46 51 14 9 55 60 23 18 44 28 19 64 75 67 32 33 52 13 100 16 1
40 28 27 1 10 91 84 63 59 3 94 34 66 2 89 96 19 28 29 52 16 2
41 28 38 10 20 86 95 81 77 1 94 70 6 36 71 100 53 30 8 100 53 4
42 67 70 34 29 93 87 60 54 63 36 49 89 71 95 43 79 85 13 77 52 4
43 35 42 82 72 100 95 26 25 83 13 63 80 12 36 87 35 62 21 76 50 3
44 60 59 30 38 21 16 91 95 88 68 11 34 11 35 37 47 9 57 76 98 4
45 56 51 49 45 50 48 51 50 96 19 52 57 36 39 1 63 34 20 17 83 3
46 72 74 8 12 46 51 74 81 21 26 61 35 84 58 48 46 15 93 45 92 1
47 35 38 3 12 94 95 62 69 72 75 52 92 73 70 2 1 83 44 58 53 3
48 26 35 81 74 1 4 49 43 92 74 88 73 71 55 64 98 61 79 68 42 2
49 1 8 27 19 20 29 47 40 78 69 67 66 86 30 97 81 93 91 33 94 1
