4 50
1145 1324 1130 1021 
0 88 78 106 96 25 15 43 33 85 13 64 99 97 47 2 24 73 60 85 87 2
1 58 48 35 25 11 1 88 78 66 1 82 84 91 15 35 78 7 55 37 47 4
2 64 54 107 97 41 31 84 74 96 79 7 31 78 15 86 58 13 11 71 69 1
3 95 85 11 1 20 10 36 26 99 48 89 36 86 83 82 52 5 66 24 71 1
4 106 96 77 67 47 37 18 8 81 91 64 36 38 42 33 95 5 59 60 9 1
5 20 10 21 11 21 11 30 20 12 53 54 14 43 24 72 9 63 77 63 17 1
6 35 25 90 80 36 26 91 81 31 83 67 79 62 92 47 32 39 5 44 31 1
7 16 6 93 83 77 67 54 44 40 22 33 82 54 67 62 7 17 34 58 25 3
8 44 34 87 77 37 27 88 78 71 16 66 92 53 14 38 63 98 89 89 42 2
9 22 12 90 80 67 57 35 25 66 36 99 14 98 24 68 37 36 93 21 16 4
10 74 64 28 18 75 65 29 19 92 20 11 19 97 20 24 38 11 78 32 100 2
11 89 79 98 88 106 96 107 97 8 37 63 17 32 10 96 72 41 64 87 89 1
12 77 67 104 94 30 20 57 47 89 85 41 31 14 87 55 9 50 63 97 59 2
13 90 80 46 36 95 85 43 33 95 83 41 98 49 72 19 42 1 83 15 82 3
14 28 18 66 56 105 95 51 41 35 63 83 32 36 62 23 75 47 54 73 41 2
15 108 98 48 38 81 71 21 11 98 75 35 73 1 56 27 98 55 14 50 55 4
16 93 83 60 50 26 16 101 91 4 57 69 48 31 69 41 97 38 83 54 99 3
17 15 5 75 65 28 18 80 70 70 48 90 40 13 22 80 10 45 13 88 8 3
18 110 100 57 47 11 1 58 48 55 71 58 58 56 26 48 47 7 37 28 97 3
19 23 13 91 81 52 42 20 10 72 88 45 71 22 24 97 66 95 78 72 69 2
20 28 18 66 56 13 3 51 41 70 80 17 94 40 72 84 89 32 93 50 100 4
21 43 33 36 26 20 10 13 3 32 87 53 65 56 55 47 37 55 45 65 86 1
22 11 1 22 12 32 22 43 33 47 27 37 74 38 68 39 43 15 85 27 35 1
23 91 81 64 54 36 26 101 91 87 74 71 61 87 17 88 61 9 43 10 49 4
24 68 58 19 9 61 51 12 2 79 8 86 84 19 4 88 83 35 76 15 21 1
25 43 33 104 94 64 54 25 15 62 58 12 97 91 5 34 62 32 68 28 70 3
26 64 54 103 93 49 39 96 86 48 13 68 53 39 35 40 2 28 23 10 76 2
27 26 16 67 57 15 5 56 46 69 82 68 21 30 99 77 33 38 73 74 15 3
28 21 11 55 45 82 72 16 6 58 88 38 95 87 7 21 32 36 80 11 42 4
29 23 13 96 86 60 50 33 23 67 59 25 20 9 28 79 80 2 28 40 65 3
30 69 59 83 73 106 96 28 18 12 80 56 43 55 19 73 64 42 96 85 14 2
31 64 54 17 7 61 51 14 4 28 12 94 66 19 26 56 62 78 96 29 31 1
32 41 31 28 18 106 96 93 83 80 58 21 20 93 63 62 100 72 33 13 57 2
33 62 52 15 5 59 49 104 94 69 96 94 88 5 50 29 87 32 67 7 18 3
34 40 30 35 25 29 19 24 14 39 75 53 56 88 20 37 26 67 15 34 32 2
35 110 100 47 37 83 73 20 10 24 88 62 11 85 10 71 11 28 88 1 12 2
36 33 23 48 38 70 60 93 83 35 87 74 15 89 100 2 50 81 9 75 73 3
37 27 17 63 53 100 90 36 26 55 55 8 2 61 81 82 26 66 84 47 47 2
38 66 56 41 31 107 97 74 64 74 65 95 52 55 67 71 99 49 98 79 9 1
39 14 4 102 92 99 89 87 77 11 31 6 58 75 28 58 29 29 91 6 48 4
40 29 19 36 26 42 32 49 39 87 42 85 85 69 82 11 54 44 56 54 32 1
41 46 36 42 32 39 29 35 25 43 69 96 3 35 52 53 9 5 21 49 12 2
42 28 18 86 76 53 43 19 9 88 49 5 28 54 96 82 23 56 51 33 76 4
43 43 33 104 94 56 46 17 7 8 69 1 43 93 100 54 51 42 60 100 82 2
44 76 66 27 17 85 75 36 26 1 7 27 44 48 40 85 87 19 77 66 67 4
45 88 78 33 23 85 75 38 28 6 83 66 63 59 76 3 9 29 61 5 68 2
46 107 97 89 79 64 54 46 36 67 69 52 24 25 64 82 62 78 24 14 94 2
47 72 62 65 55 57 47 50 40 41 23 59 24 78 24 15 95 55 96 97 41 2
48 85 75 103 93 22 12 40 30 100 96 23 4 30 31 32 65 5 94 47 71 4
49 17 7 62 52 14 4 59 49 94 58 53 23 39 5 80 75 34 2 89 28 4
