4 50
959 1277 1176 1282 
0 22 20 33 38 52 57 84 75 73 50 67 65 69 15 54 35 60 32 82 48 2
1 78 68 12 11 51 45 85 88 11 8 58 79 32 38 15 53 83 37 38 68 1
2 15 14 92 85 54 55 31 26 62 99 69 81 3 14 66 43 17 63 15 36 4
3 24 23 83 78 19 24 78 79 64 65 53 50 4 84 81 82 16 31 22 19 2
4 54 60 13 3 46 53 13 4 28 1 51 99 1 15 91 82 93 61 49 69 4
5 29 22 84 76 31 23 86 77 30 78 81 41 62 70 10 16 24 67 36 15 1
6 40 41 61 68 90 94 11 21 11 73 33 96 15 47 17 36 40 24 64 17 2
7 50 52 80 90 20 29 71 67 94 51 32 3 17 76 36 43 71 47 31 93 3
8 5 9 77 84 54 50 10 17 44 51 41 60 99 81 37 30 49 21 94 43 1
9 20 26 84 81 35 35 91 82 78 58 27 10 87 14 11 65 71 90 36 51 4
10 21 20 49 58 1 5 39 43 56 82 28 63 51 34 71 70 57 47 68 32 1
11 1 11 28 22 40 32 46 43 22 44 35 77 82 65 82 85 61 94 56 70 1
12 10 20 59 63 14 13 63 56 31 5 33 67 14 19 64 2 3 13 70 36 1
13 14 24 56 63 4 9 46 48 99 20 98 80 63 22 32 34 37 48 52 9 2
14 36 29 45 55 83 90 13 16 4 47 50 63 61 23 100 24 18 66 64 9 2
15 64 65 88 87 4 10 28 32 54 29 79 77 53 36 92 85 33 87 30 44 2
16 60 61 53 48 28 26 21 13 86 91 52 98 100 2 15 2 21 1 5 60 1
17 8 16 21 11 103 97 95 92 18 36 2 45 3 70 7 89 63 18 52 42 1
18 9 1 17 24 46 46 67 61 50 80 4 72 62 68 29 25 44 62 72 35 4
19 33 26 85 93 66 59 26 34 42 9 13 5 23 54 29 88 9 4 13 23 4
20 25 17 17 24 22 30 35 37 20 64 46 18 85 57 51 10 30 54 11 42 3
21 67 64 24 30 102 97 64 55 47 85 89 3 14 38 7 91 66 38 57 97 4
22 67 60 17 11 73 69 15 20 81 67 45 67 80 3 20 7 68 59 69 18 3
23 24 19 4 1 76 84 48 58 65 18 17 37 11 65 74 90 1 94 69 70 3
24 72 77 89 95 6 14 31 40 14 21 63 10 74 77 10 89 77 2 34 33 4
25 37 40 50 55 63 69 89 84 15 74 43 32 50 29 28 81 61 62 20 15 4
26 88 82 24 25 58 59 2 2 94 60 34 19 100 29 12 47 14 5 73 19 2
27 55 64 2 2 51 41 61 71 45 77 21 21 96 83 84 5 54 64 42 70 3
28 41 34 48 56 84 79 1 1 98 78 100 42 67 96 46 33 31 6 3 93 1
29 23 19 92 90 77 68 46 39 53 19 61 10 71 70 42 62 70 92 6 5 2
30 1 2 37 32 69 63 93 93 65 38 24 15 40 7 50 64 79 14 12 68 3
31 46 48 42 34 17 13 100 99 10 84 61 23 42 20 31 71 21 55 49 24 2
32 32 40 74 70 3 1 24 31 50 16 27 60 60 51 97 90 79 3 7 92 2
33 81 89 78 80 52 62 57 53 94 81 96 14 96 61 16 63 21 73 52 60 2
34 36 28 35 27 21 25 28 24 10 94 16 78 6 34 68 25 9 94 5 46 4
35 56 49 66 76 3 10 42 37 25 9 90 54 89 36 44 52 41 26 66 17 1
36 13 16 96 91 72 73 63 56 19 54 1 35 60 35 57 15 40 92 70 89 2
37 31 41 9 7 79 74 36 40 4 98 77 15 32 82 22 99 44 11 86 30 1
38 86 80 33 23 72 65 90 100 25 47 7 97 73 48 76 96 29 32 91 84 3
39 23 23 91 81 40 40 108 98 76 99 77 44 34 19 6 37 42 25 34 90 3
40 63 55 35 30 5 4 69 79 36 63 15 13 1 10 75 38 5 81 100 53 1
41 10 14 92 96 68 71 50 53 12 24 50 19 23 52 5 21 75 48 54 1 3
42 32 30 91 89 37 47 4 14 72 25 18 38 35 63 77 17 16 71 9 59 3
43 100 94 26 24 44 47 78 77 50 70 98 88 48 11 8 84 31 15 81 10 1
44 45 35 15 14 85 92 63 71 46 32 43 49 26 68 28 51 55 26 26 14 1
45 69 63 70 65 63 60 64 62 61 56 3 34 31 8 36 95 58 71 51 79 1
46 49 42 85 80 15 11 51 49 2 26 56 69 65 19 29 3 72 40 95 100 3
47 38 30 1 4 97 87 57 61 2 30 5 55 31 50 68 24 22 80 5 85 1
48 42 47 84 86 18 16 44 47 31 6 51 36 27 75 11 51 70 10 36 27 1
49 3 8 9 19 23 29 50 40 37 81 1 36 22 60 91 56 58 45 12 13 2
