4 50
535 499 482 488 
0 41 36 52 54 63 73 95 91 34 41 98 65 3 77 51 33 76 56 34 95 3
1 38 36 85 79 11 13 58 56 83 93 55 80 91 57 78 46 57 25 48 9 1
2 19 22 96 93 58 63 35 34 9 31 77 7 21 1 25 27 47 97 80 8 3
3 18 23 85 78 34 24 72 79 60 81 10 21 85 56 98 19 63 33 77 97 4
4 86 80 32 23 78 73 24 24 46 99 8 14 47 11 23 41 8 12 16 73 3
5 90 82 37 28 92 83 39 29 25 62 4 24 47 51 30 59 79 40 16 45 2
6 31 21 60 56 89 82 10 9 86 78 36 89 17 16 95 25 45 91 98 77 2
7 33 40 84 78 24 17 54 55 92 34 42 49 28 49 2 49 82 81 22 67 1
8 16 17 93 84 49 50 21 25 78 27 27 85 32 43 92 8 25 19 17 60 1
9 71 70 14 17 78 71 21 18 51 54 50 100 7 100 52 39 5 26 26 90 3
10 84 92 33 38 82 77 31 23 39 39 90 95 23 54 49 89 37 37 33 23 3
11 59 55 65 66 77 76 91 87 88 74 34 72 3 96 76 18 34 83 9 22 1
12 58 60 7 3 62 53 90 96 43 82 17 80 61 16 32 43 61 92 5 2 4
13 60 64 2 3 58 49 87 96 19 93 97 81 33 53 30 92 31 99 89 30 4
14 64 69 94 95 24 30 54 56 80 38 96 36 46 51 93 67 71 96 100 45 4
15 64 61 88 83 12 6 20 20 87 14 57 98 21 49 52 96 81 68 39 12 4
16 27 29 20 16 3 2 80 81 42 51 86 49 9 65 82 43 5 64 82 61 2
17 65 64 57 59 47 53 39 48 29 42 71 64 57 92 27 44 5 92 14 83 1
18 65 61 94 84 2 6 23 21 23 72 49 65 41 76 60 35 12 59 32 99 4
19 61 62 42 37 2 3 83 78 49 22 3 59 93 82 36 38 2 18 10 76 2
20 32 41 45 48 50 46 63 53 98 12 93 58 87 4 92 87 42 7 46 60 3
21 70 76 40 34 1 1 75 67 39 99 66 12 10 58 29 62 60 82 80 68 3
22 73 72 15 23 71 81 42 32 25 93 99 7 42 18 14 46 54 55 71 24 4
23 57 63 37 45 30 20 2 2 41 11 91 75 22 50 26 75 45 56 22 12 3
24 70 61 87 79 104 98 21 16 89 42 28 79 9 48 56 19 11 37 17 64 2
25 50 48 71 71 76 85 110 100 84 81 93 29 58 68 79 22 59 81 36 2 2
26 21 26 78 69 12 3 56 46 92 22 44 29 58 77 59 56 1 44 51 35 1
27 42 44 89 82 17 21 48 51 30 3 37 45 74 85 64 34 96 5 43 48 3
28 91 86 6 8 21 31 57 53 52 25 8 37 90 78 20 93 31 87 53 32 3
29 94 87 50 58 19 28 96 99 1 73 81 64 48 70 32 80 20 85 22 41 4
30 22 22 38 44 70 75 15 5 55 22 92 45 57 8 33 72 6 60 29 38 1
31 63 72 67 58 42 37 17 23 47 12 91 100 68 18 27 52 20 71 62 17 1
32 86 80 7 10 36 41 78 71 13 36 35 58 27 59 86 65 65 38 16 40 4
33 7 13 12 4 78 86 83 77 11 28 46 27 53 32 91 43 91 13 24 61 3
34 106 100 92 99 99 97 106 96 2 17 39 29 31 92 35 98 62 76 60 29 4
35 49 49 75 84 12 18 51 45 81 52 19 76 11 1 98 76 83 39 93 16 2
36 24 28 2 11 83 85 61 68 26 96 41 43 39 59 8 35 38 93 36 66 4
37 57 61 35 27 84 94 62 60 21 77 95 71 83 32 8 50 71 79 40 60 1
38 81 84 12 19 59 61 1 4 57 28 19 56 71 73 3 69 15 27 78 64 2
39 49 51 17 9 66 68 34 26 65 28 43 85 34 20 85 52 47 10 62 86 1
40 89 91 74 66 52 48 24 23 45 82 64 54 30 76 5 37 18 50 73 14 3
41 22 14 88 88 72 71 46 45 89 81 27 13 30 96 62 63 21 39 43 27 4
42 28 34 87 93 54 51 21 18 79 93 15 30 39 74 81 48 37 7 32 94 1
43 52 58 70 80 17 11 43 41 65 3 42 40 17 26 97 90 79 46 96 17 2
44 42 35 12 14 82 92 73 71 62 56 10 23 45 56 88 24 77 58 72 29 4
45 30 23 31 25 32 28 33 30 1 89 14 66 20 66 49 73 52 86 62 21 4
46 43 38 71 68 9 7 45 45 19 14 9 67 15 56 83 80 38 1 54 8 1
47 73 82 70 64 32 39 29 21 11 34 37 25 37 38 73 39 87 19 33 48 1
48 79 87 34 26 47 56 81 87 5 42 64 8 44 61 95 94 8 30 11 77 4
49 16 8 22 19 36 29 42 40 23 58 44 80 28 46 10 78 59 94 20 39 4
