4 50
1281 1329 1190 1242 
0 103 98 14 16 33 35 44 53 19 55 64 95 98 26 31 56 60 52 58 20 1
1 14 14 61 57 87 91 34 34 13 18 27 90 43 51 19 87 81 52 12 35 1
2 44 52 29 23 83 93 76 72 60 79 93 57 100 99 28 37 77 66 98 81 2
3 15 25 82 80 31 26 90 81 54 54 88 53 54 11 4 74 2 68 28 33 3
4 86 78 19 29 86 79 32 22 75 72 94 32 90 23 83 90 71 85 30 51 4
5 20 16 67 62 14 17 61 63 77 52 60 94 24 38 35 72 82 23 51 72 4
6 22 23 43 50 85 76 6 3 73 74 81 66 56 61 2 16 15 14 79 86 1
7 72 82 23 20 63 59 101 97 41 75 62 42 72 9 84 24 2 74 74 46 4
8 80 87 57 54 29 28 85 95 12 88 65 75 75 18 84 60 8 86 34 43 1
9 12 20 76 67 19 21 62 68 80 96 44 34 6 89 90 55 24 61 46 49 3
10 17 10 45 48 94 95 43 33 59 14 98 3 52 38 98 37 31 55 50 58 4
11 85 85 91 96 3 6 9 17 74 78 15 80 42 33 57 55 18 75 1 22 3
12 70 62 6 13 53 55 10 6 1 89 45 31 50 32 89 82 6 9 67 71 2
13 5 6 47 45 95 91 24 30 45 43 98 29 55 37 66 37 79 42 86 98 2
14 73 63 82 89 20 24 50 50 84 69 22 40 86 26 19 72 20 74 71 79 3
15 19 27 35 41 59 64 96 86 29 97 25 14 31 2 41 6 92 76 45 30 3
16 49 39 34 26 4 12 89 99 89 70 50 3 97 9 22 60 59 48 58 8 2
17 90 98 103 93 93 87 85 82 21 10 24 63 90 81 88 43 34 85 31 33 3
18 77 71 85 94 6 8 35 31 83 73 12 71 65 55 89 78 93 30 17 18 1
19 87 88 47 55 28 29 88 96 47 4 59 88 98 61 48 67 99 24 77 16 4
20 40 47 53 54 66 60 58 67 42 62 24 29 53 12 23 16 36 25 84 65 4
21 100 98 57 64 27 31 97 89 92 36 54 66 32 5 54 24 90 82 10 65 4
22 8 6 50 57 6 15 56 66 58 88 42 98 14 7 23 13 24 3 70 83 1
23 73 77 45 51 25 34 10 8 3 84 84 81 95 61 28 30 12 74 11 21 1
24 60 55 77 73 94 92 11 10 52 19 5 70 86 98 58 48 83 23 85 91 3
25 58 58 63 73 97 87 2 2 73 47 1 95 99 81 78 88 41 2 60 35 1
26 10 20 67 63 101 97 45 40 49 35 22 96 1 29 21 9 52 83 59 92 1
27 35 34 74 64 2 3 41 41 98 56 31 5 63 70 79 48 94 42 95 74 4
28 64 64 79 86 15 9 30 31 22 90 56 37 85 34 12 88 71 75 77 90 4
29 44 49 21 20 98 98 75 69 85 88 59 43 73 84 57 87 89 44 100 19 4
30 43 52 75 82 12 5 44 35 95 29 73 3 53 88 55 10 5 59 24 2 1
31 51 42 18 20 1 7 84 93 18 72 60 67 70 71 90 15 80 75 6 63 4
32 77 74 1 4 27 35 69 65 71 30 47 23 20 85 32 37 92 92 60 32 4
33 44 43 28 34 23 16 1 7 65 32 82 81 52 79 55 64 21 74 85 43 2
34 44 38 43 37 29 35 36 34 100 83 100 93 21 64 66 73 20 46 8 27 2
35 84 75 1 2 31 36 70 63 4 8 46 91 16 14 1 50 7 36 61 38 3
36 64 58 34 41 31 23 93 98 5 56 33 23 63 14 93 70 67 22 43 97 1
37 27 35 1 1 75 68 24 34 26 54 88 3 19 76 44 100 14 13 36 43 3
38 10 18 49 53 88 95 27 30 9 27 77 72 55 60 89 64 53 39 10 19 3
39 45 37 92 95 62 54 9 12 16 11 16 58 50 84 11 20 40 28 6 19 1
40 35 45 28 20 98 94 70 69 74 57 44 93 4 88 99 74 49 98 64 94 1
41 73 80 47 54 31 37 18 11 46 74 16 80 70 58 55 64 15 51 39 51 2
42 89 96 56 63 15 21 82 80 5 97 97 50 45 77 35 47 51 13 30 63 4
43 78 68 104 98 22 21 48 51 3 13 28 86 25 80 78 1 66 45 55 47 2
44 1 1 70 80 53 50 23 29 84 12 62 16 18 1 51 18 38 87 53 54 4
45 52 57 53 59 46 54 47 56 35 16 21 31 60 68 70 70 40 65 88 66 2
46 21 12 36 42 74 81 10 19 33 72 77 44 34 30 29 14 61 54 10 60 1
47 76 80 65 62 35 37 24 19 65 49 82 57 36 1 95 9 61 2 74 96 1
48 34 41 76 80 2 10 44 49 52 57 8 84 7 7 61 97 76 45 12 5 4
49 62 58 68 69 82 79 88 90 80 72 70 96 64 56 13 7 95 63 92 10 1
