4 50
1465 1274 1242 1305 
0 84 74 102 92 21 11 39 29 33 11 82 93 42 51 73 60 69 5 75 47 2
1 106 96 91 81 67 57 44 34 92 85 37 71 44 25 43 11 27 67 5 36 1
2 80 70 15 5 49 39 92 82 50 38 10 36 76 12 92 23 61 59 24 97 1
3 95 85 103 93 12 2 28 18 8 36 82 65 82 53 67 93 73 42 59 76 4
4 50 40 21 11 91 81 62 52 97 23 19 5 98 81 63 99 17 50 2 22 2
5 84 74 93 83 93 83 94 84 9 49 40 3 36 64 51 50 100 27 100 88 4
6 35 25 90 80 36 26 91 81 32 49 95 87 47 22 26 18 40 33 11 53 1
7 80 70 57 47 41 31 18 8 39 57 75 14 22 52 46 7 59 43 9 32 1
8 12 2 63 53 105 95 56 46 7 92 65 67 79 23 20 70 35 61 67 30 1
9 66 56 34 24 103 93 79 69 78 7 84 61 83 30 42 22 27 29 32 9 2
10 90 80 36 26 91 81 37 27 12 91 46 43 75 23 68 46 86 46 88 83 3
11 101 91 110 100 18 8 19 9 45 82 30 93 98 18 89 88 96 92 54 40 3
12 101 91 28 18 54 44 81 71 81 31 68 69 85 93 15 31 70 27 12 63 1
13 106 96 54 44 11 1 59 49 42 91 55 80 1 27 75 98 15 75 5 73 4
14 60 50 98 88 37 27 75 65 76 39 77 33 6 24 47 12 13 50 54 26 2
15 100 90 40 30 81 71 13 3 94 99 78 65 60 59 15 15 62 71 32 26 2
16 89 79 56 46 30 20 97 87 33 30 78 80 99 58 14 92 31 11 17 88 4
17 95 85 47 37 108 98 60 50 27 21 35 1 12 31 5 37 38 15 11 48 3
18 26 16 73 63 27 17 74 64 54 27 78 4 78 9 63 57 59 98 72 67 2
19 63 53 31 21 92 82 60 50 18 4 84 78 91 91 50 50 80 27 52 98 2
20 108 98 46 36 93 83 31 21 1 67 26 59 33 17 76 70 25 36 97 85 1
21 59 49 44 34 36 26 21 11 46 11 8 81 78 66 14 58 65 70 88 39 3
22 79 69 90 80 100 90 11 1 27 44 90 50 46 50 61 72 47 9 66 2 3
23 103 93 68 58 40 30 105 95 94 85 80 94 26 3 31 46 44 24 92 59 2
24 12 2 55 45 105 95 48 38 100 60 70 20 10 8 97 44 8 96 41 12 2
25 11 1 72 62 24 14 85 75 77 53 68 96 74 19 9 58 74 74 64 96 2
26 52 42 99 89 37 27 84 74 6 38 98 6 53 17 23 23 17 99 74 12 4
27 106 96 47 37 87 77 36 26 83 16 18 63 5 81 53 27 6 38 40 22 1
28 109 99 43 33 70 60 104 94 17 69 96 93 60 10 42 42 62 86 37 93 3
29 51 41 24 14 96 86 61 51 94 38 99 1 37 100 1 91 63 52 63 96 3
30 89 79 11 1 34 24 56 46 29 90 17 43 47 33 80 66 84 49 50 92 3
31 56 46 109 99 61 51 106 96 55 87 79 12 79 62 57 31 41 33 20 31 1
32 101 91 80 70 66 56 53 43 14 14 74 77 28 7 73 92 12 23 80 48 4
33 30 20 83 73 27 17 72 62 55 59 59 79 21 84 19 74 9 77 55 39 3
34 28 18 23 13 17 7 12 2 87 59 70 81 41 93 15 70 4 35 3 80 4
35 86 76 23 13 59 49 96 86 56 87 75 40 88 18 74 30 13 46 76 95 1
36 45 35 60 50 82 72 97 87 24 92 64 58 93 70 47 52 35 93 26 20 2
37 11 1 47 37 84 74 20 10 73 74 79 27 56 26 63 57 62 4 63 59 1
38 86 76 53 43 19 9 94 84 90 43 100 7 100 85 68 98 3 26 48 47 1
39 94 84 82 72 79 69 75 65 85 88 37 16 1 73 81 50 93 70 51 9 2
40 25 15 32 22 38 28 37 27 35 17 79 68 95 19 96 30 10 66 51 11 2
41 90 80 86 76 83 73 79 69 3 23 65 100 6 97 79 38 41 57 36 82 3
42 52 42 110 100 77 67 43 33 81 88 30 13 35 76 20 10 84 88 58 61 4
43 71 61 32 22 84 74 45 35 55 42 89 71 13 97 83 80 57 35 86 16 2
44 48 38 99 89 57 47 108 98 65 28 99 55 93 89 44 94 78 26 20 18 3
45 80 70 25 15 77 67 30 20 86 84 85 99 84 76 47 67 7 57 18 93 2
46 71 61 53 43 28 18 110 100 12 7 76 69 41 68 12 65 11 51 10 18 3
47 20 10 13 3 97 87 90 80 75 31 1 38 67 23 46 28 67 70 14 32 2
48 89 79 107 97 26 16 44 34 6 20 95 64 25 23 59 47 16 80 39 32 4
49 45 35 90 80 34 24 79 69 5 56 83 100 93 75 13 80 66 26 8 82 4
