4 50
466 513 591 537 
0 70 52 47 70 31 89 8 7 72 13 31 8 71 79 84 20 17 52 79 71 4
1 23 4 39 39 48 81 64 16 50 75 94 24 38 90 24 1 51 91 72 44 1
2 76 30 77 1 85 71 86 50 63 74 52 38 79 19 43 69 98 55 20 59 4
3 32 23 9 78 85 24 70 79 87 65 49 33 88 4 99 21 83 55 88 30 2
4 10 100 78 43 47 93 23 44 93 25 44 56 39 19 13 88 26 60 8 18 4
5 1 42 10 88 18 43 27 89 73 78 27 62 74 78 15 94 46 14 65 43 3
6 10 9 58 36 15 62 63 89 12 76 90 56 10 53 28 14 73 31 16 97 3
7 24 28 56 66 97 5 29 43 34 10 65 59 58 86 40 15 6 79 90 27 2
8 59 17 11 92 72 58 24 25 54 69 67 43 18 25 19 99 23 52 18 67 3
9 91 6 51 53 20 7 80 54 37 20 89 37 41 27 70 95 15 87 29 61 3
10 11 64 96 10 88 49 73 95 97 91 1 98 48 97 51 78 34 61 33 92 2
11 43 99 16 10 80 20 53 31 80 41 27 28 71 86 67 54 86 83 75 63 1
12 55 100 16 51 76 93 37 36 73 55 52 17 9 65 17 48 6 26 29 82 4
13 2 4 43 51 83 89 32 36 24 93 16 35 93 4 67 46 26 36 83 21 2
14 79 1 52 35 24 62 97 96 25 85 93 38 49 43 49 58 65 65 94 81 2
15 40 57 85 79 37 94 90 16 20 9 22 8 62 68 26 72 10 83 60 45 4
16 42 97 95 84 39 70 84 57 46 20 97 85 17 78 72 52 75 77 90 61 3
17 94 20 31 15 67 9 4 96 88 6 7 38 76 87 96 91 90 25 20 2 1
18 39 29 75 44 12 66 48 81 52 11 27 75 70 4 54 61 40 3 72 71 3
19 50 6 38 81 35 47 23 14 70 47 46 99 6 44 76 30 34 69 10 51 3
20 38 57 34 64 31 70 27 77 10 44 89 25 3 43 91 80 64 30 22 83 4
21 71 80 24 46 84 5 45 71 62 23 29 73 82 66 76 98 17 73 56 57 2
22 56 84 9 35 61 93 6 44 88 95 35 59 98 26 62 15 64 87 82 86 1
23 80 7 73 89 65 64 58 46 92 71 27 75 32 18 67 81 10 69 69 20 2
24 57 45 10 63 54 82 99 100 59 95 63 78 21 18 45 81 19 41 34 14 2
25 63 64 27 79 100 93 72 8 51 14 72 72 28 31 61 58 43 21 68 25 2
26 52 70 81 13 1 47 30 90 72 11 91 40 64 100 71 81 94 18 44 66 1
27 56 24 24 62 85 1 53 39 21 98 48 17 53 75 45 77 36 30 20 85 1
28 34 38 47 60 59 83 72 5 79 2 59 55 28 44 34 30 97 83 23 8 2
29 29 47 45 18 54 88 70 67 5 23 5 10 78 1 25 57 26 53 91 70 4
30 49 34 22 64 86 95 59 25 3 33 48 6 3 55 11 47 58 3 72 91 3
31 52 96 85 82 9 61 42 47 91 94 22 48 27 36 74 75 55 38 96 47 1
32 44 12 81 42 9 81 46 11 71 34 69 13 85 33 42 36 21 94 83 80 4
33 19 37 64 20 8 10 45 1 5 25 91 38 59 16 57 54 53 31 3 48 3
34 68 72 24 71 73 69 29 68 31 35 85 8 89 88 18 50 85 3 43 33 2
35 65 57 34 92 94 18 55 53 93 86 50 25 60 15 37 11 43 68 16 100 4
36 65 48 2 23 30 5 67 88 64 9 12 8 99 30 79 81 75 92 33 95 1
37 43 81 4 47 56 14 17 80 7 81 10 7 67 83 24 25 3 57 14 67 1
38 67 80 19 23 64 57 16 100 6 59 63 33 21 62 59 11 84 93 96 89 1
39 56 79 20 37 77 96 41 54 64 16 85 76 31 39 7 87 41 1 100 31 3
40 32 35 37 10 41 84 38 59 69 18 17 28 36 41 85 97 39 70 54 55 3
41 38 6 2 80 67 63 23 37 68 60 63 82 83 68 42 22 13 12 91 50 2
42 14 38 42 97 71 55 7 22 90 30 96 17 48 4 96 63 100 10 37 32 3
43 55 22 100 44 44 75 89 97 10 34 72 1 85 15 69 72 6 89 19 86 2
44 67 43 75 22 84 100 92 79 100 16 6 68 92 3 21 89 55 89 21 29 4
45 91 91 4 93 16 88 37 90 36 60 43 55 69 62 6 25 65 73 88 96 4
46 5 26 85 64 66 3 46 33 37 24 52 21 28 13 100 55 97 73 31 28 2
47 81 42 65 16 42 99 26 73 48 82 84 50 34 79 74 78 74 19 87 93 2
48 21 27 41 66 62 96 74 27 9 87 95 84 66 100 77 89 36 85 32 88 1
49 86 100 62 19 47 29 23 40 71 3 10 45 93 30 12 95 22 25 32 87 4
