4 50
1251 1368 1140 1357 
0 36 26 54 44 73 63 91 81 81 55 79 64 57 85 80 62 60 51 29 76 1
1 86 76 63 53 39 29 16 6 46 58 55 45 42 5 45 50 70 52 37 37 1
2 72 62 107 97 49 39 84 74 34 35 13 29 19 83 60 81 60 36 69 3 1
3 95 85 103 93 20 10 28 18 68 38 100 75 82 99 27 59 92 13 85 16 4
4 78 68 49 39 19 9 90 80 18 87 29 76 29 59 77 41 4 54 23 57 1
5 48 38 57 47 57 47 66 56 76 9 55 62 66 68 11 28 96 71 9 17 3
6 39 29 86 76 40 30 87 77 80 86 38 71 30 56 29 32 89 34 5 57 1
7 52 42 29 19 105 95 82 72 44 26 73 23 50 8 92 95 42 19 51 47 1
8 24 14 75 65 25 15 68 58 40 25 3 1 27 4 55 38 39 35 68 96 1
9 94 84 62 52 39 29 107 97 16 97 45 24 69 16 17 20 25 12 34 69 4
10 78 68 32 22 79 69 33 23 58 30 100 80 32 24 49 51 38 96 37 50 3
11 41 31 50 40 58 48 67 57 37 27 57 64 28 65 8 47 88 72 88 86 2
12 89 79 16 6 42 32 69 59 43 60 91 68 56 35 77 59 20 60 76 7 3
13 102 92 50 40 99 89 55 45 55 79 28 50 82 16 88 85 30 63 40 91 4
14 44 34 82 72 21 11 59 49 6 96 66 100 10 96 32 61 70 78 93 65 2
15 108 98 40 30 81 71 21 11 34 24 26 58 71 14 87 24 97 86 63 25 2
16 41 31 108 98 82 72 49 39 88 55 12 26 42 95 82 52 81 54 48 29 1
17 59 49 11 1 64 54 24 14 77 98 89 33 16 44 22 95 27 10 19 80 1
18 14 4 69 59 15 5 70 60 50 89 65 40 17 71 64 1 64 56 53 99 1
19 47 37 107 97 76 66 36 26 52 5 62 95 92 39 54 69 35 4 17 33 3
20 68 58 106 96 53 43 91 81 49 14 91 10 71 23 30 17 38 72 12 69 2
21 51 41 36 26 28 18 13 3 48 50 17 33 35 50 67 76 84 21 35 8 4
22 95 85 106 96 16 6 27 17 56 92 28 49 2 58 6 4 94 7 95 35 1
23 47 37 20 10 84 74 57 47 46 98 7 84 4 39 25 92 79 13 57 74 1
24 40 30 91 81 33 23 84 74 26 55 54 51 3 100 55 75 91 55 86 19 2
25 27 17 88 78 48 38 109 99 91 88 29 99 13 71 76 61 14 71 23 33 1
26 104 94 51 41 97 87 36 26 69 28 83 12 38 12 25 95 17 95 76 81 1
27 66 56 107 97 55 45 96 86 32 4 32 6 22 79 5 16 12 24 85 99 4
28 65 55 99 89 26 16 60 50 20 5 21 49 13 47 83 31 12 55 93 3 1
29 87 77 60 50 24 14 97 87 36 9 77 19 7 39 47 84 33 53 96 19 4
30 25 15 47 37 70 60 92 82 97 57 90 10 16 9 33 65 1 37 19 83 3
31 60 50 13 3 65 55 110 100 39 56 92 32 100 43 70 84 77 57 40 17 2
32 17 7 104 94 90 80 77 67 7 11 35 81 100 97 54 41 80 65 98 63 1
33 50 40 95 85 39 29 92 82 87 56 85 90 83 52 47 66 23 51 62 71 3
34 88 78 83 73 69 59 64 54 45 81 39 29 86 6 77 72 97 25 16 56 1
35 102 92 39 29 67 57 104 94 50 24 27 80 84 18 68 99 58 43 38 78 1
36 89 79 104 94 26 16 49 39 79 44 54 50 95 7 81 23 52 75 32 5 2
37 19 9 55 45 92 82 28 18 13 75 9 13 100 28 98 79 19 7 7 90 1
38 22 12 97 87 63 53 38 28 45 46 14 92 48 40 61 62 50 57 61 34 1
39 54 44 42 32 39 29 27 17 17 81 22 38 19 98 24 8 85 60 66 81 2
40 73 63 80 70 86 76 93 83 45 30 30 76 28 65 56 40 50 30 54 99 4
41 18 8 14 4 11 1 107 97 34 20 85 37 59 64 57 10 85 12 11 90 3
42 36 26 102 92 61 51 27 17 77 79 95 31 91 16 33 15 25 81 27 87 3
43 103 93 64 54 24 14 77 67 12 65 2 79 81 50 64 13 42 43 77 100 3
44 12 2 63 53 21 11 72 62 48 61 35 30 61 35 39 42 65 14 1 67 3
45 84 74 29 19 81 71 34 24 86 10 10 36 40 18 35 9 64 21 95 4 1
46 43 33 17 7 100 90 74 64 64 88 53 5 42 12 44 41 86 51 22 36 4
47 96 86 89 79 81 71 66 56 69 1 27 12 54 63 47 38 65 55 28 94 3
48 33 23 59 49 78 68 96 86 78 97 24 91 97 63 66 50 26 96 85 7 1
49 81 71 26 16 70 60 15 5 91 13 4 83 35 81 67 74 85 29 96 72 4
