4 50
508 531 481 481 
0 98 100 75 18 59 37 36 55 18 84 42 12 87 88 11 31 43 34 91 22 4
1 23 12 31 47 48 81 56 24 21 11 17 16 2 18 79 68 7 25 12 55 1
2 12 2 13 73 21 51 22 22 65 82 84 27 49 82 91 72 6 89 100 84 1
3 60 27 45 74 21 28 98 75 40 23 98 83 2 72 97 26 81 38 80 8 2
4 82 80 50 31 19 81 95 24 63 49 12 81 90 74 13 66 82 11 22 29 1
5 61 46 70 92 70 47 79 93 74 26 24 55 66 32 29 100 37 51 29 16 4
6 14 21 70 48 19 74 67 1 11 47 56 70 5 22 4 35 20 28 19 90 1
7 16 36 56 74 89 21 29 59 31 63 58 2 88 14 26 9 14 27 3 16 4
8 95 65 55 40 8 6 60 73 62 5 86 30 7 56 24 54 65 90 69 86 2
9 7 10 75 65 36 11 4 66 9 100 84 57 67 81 1 73 60 29 86 96 2
10 19 4 4 50 96 89 81 35 23 69 19 64 78 19 92 84 91 23 19 38 4
11 99 83 64 94 36 4 1 7 64 90 29 52 94 72 87 14 10 96 43 50 2
12 39 72 100 15 60 65 21 8 32 54 11 69 72 73 93 56 81 2 84 1 1
13 42 52 83 91 23 37 64 76 16 45 85 2 54 74 99 5 6 86 21 32 1
14 43 53 16 79 88 14 61 40 65 7 33 73 34 15 31 17 71 93 83 54 2
15 36 21 81 43 33 58 86 80 28 33 59 98 41 33 13 97 70 21 33 82 4
16 30 81 75 60 19 46 72 33 52 43 57 29 62 37 49 100 57 89 13 100 1
17 86 60 23 55 59 49 96 44 59 25 19 50 63 76 20 26 65 78 39 54 2
18 31 77 67 100 4 22 40 37 68 87 76 64 92 82 33 49 71 93 80 74 1
19 90 62 78 37 75 3 63 78 53 47 27 71 100 48 97 1 43 30 60 60 3
20 10 9 6 16 3 22 99 29 89 70 95 3 64 78 9 93 78 25 83 30 3
21 31 96 92 54 44 21 5 87 7 85 36 74 15 71 99 79 43 62 30 25 4
22 52 20 5 71 57 29 2 80 88 17 90 45 83 42 60 23 99 63 32 60 2
23 4 35 97 17 89 100 74 74 98 84 86 17 85 47 40 21 3 15 69 32 4
24 21 93 66 11 10 30 55 48 82 48 45 42 9 80 45 52 19 47 61 15 1
25 11 88 83 3 56 17 20 32 14 28 77 57 7 72 67 16 68 100 34 99 2
26 56 78 85 21 13 55 34 98 24 31 71 89 35 34 36 16 67 33 22 11 1
27 80 16 40 54 9 93 77 23 33 89 96 77 85 96 92 35 92 84 51 49 4
28 26 18 39 40 51 63 64 85 51 8 34 4 100 88 9 68 93 37 43 80 3
29 29 27 37 98 54 68 62 47 78 61 80 85 70 39 79 16 93 11 72 40 3
30 97 70 70 100 34 31 7 61 4 1 49 85 73 2 73 24 37 22 48 74 3
31 88 64 21 50 53 37 78 15 99 7 86 62 98 16 3 74 67 3 61 3 2
32 4 64 33 94 69 25 98 55 34 94 54 84 42 51 45 33 90 27 24 86 3
33 59 29 96 20 40 10 85 93 75 43 37 77 59 35 95 72 62 86 90 54 3
34 4 60 60 59 17 57 73 56 61 24 36 23 100 95 97 68 65 18 36 67 4
35 81 9 42 36 2 70 71 97 5 90 63 54 8 1 68 34 80 84 87 100 4
36 25 84 62 59 90 41 27 24 33 65 45 78 48 88 35 22 95 82 71 21 3
37 95 13 48 79 8 46 61 12 3 97 33 11 24 72 1 65 82 93 54 71 4
38 63 96 7 31 60 73 4 16 98 100 41 6 79 23 45 25 1 93 43 65 3
39 64 39 28 97 93 56 57 14 83 77 53 45 16 92 89 55 16 73 53 88 4
40 52 39 57 14 61 96 58 71 63 81 53 84 100 16 33 80 40 64 26 35 1
41 38 34 2 8 67 91 31 65 63 31 11 37 13 13 70 82 65 89 28 95 2
42 58 22 86 81 23 47 51 6 48 64 5 53 48 55 88 78 98 91 7 70 1
43 19 34 64 64 8 87 53 17 1 39 99 55 76 65 29 73 21 29 44 60 2
44 43 63 51 42 60 20 68 99 89 51 75 89 50 16 91 21 41 82 13 47 2
45 99 95 12 97 24 92 37 94 25 7 16 35 55 24 7 88 26 48 96 86 3
46 57 18 37 48 18 87 98 25 39 39 80 36 32 71 39 22 99 99 78 56 1
47 25 70 9 52 86 27 70 9 84 93 29 23 42 47 85 75 64 19 22 10 2
48 61 95 81 34 94 64 14 3 68 43 28 46 100 77 66 71 88 41 14 52 4
49 14 100 90 19 75 29 51 40 8 25 56 68 96 92 66 59 43 5 38 56 1
