4 50
516 503 527 478 
0 96 86 14 4 33 23 51 41 96 7 51 24 96 90 50 34 41 36 19 28 2
1 46 36 23 13 99 89 84 74 33 87 16 50 10 30 32 41 74 88 69 89 2
2 48 38 91 81 25 15 68 58 19 42 73 22 2 11 39 74 85 27 73 31 2
3 11 1 27 17 36 26 52 42 67 53 7 12 3 6 32 76 55 45 80 3 4
4 110 100 81 71 51 41 22 12 65 77 48 34 10 21 51 99 22 3 3 95 1
5 84 74 85 75 93 83 94 84 41 48 26 58 27 47 70 68 75 47 30 93 4
6 35 25 90 80 36 26 91 81 40 38 30 29 23 17 9 34 99 14 53 9 2
7 88 78 73 63 49 39 26 16 35 30 34 12 9 84 6 42 20 50 76 28 3
8 100 90 51 41 93 83 44 34 61 61 82 44 23 58 94 84 5 40 33 20 1
9 34 24 102 92 79 69 47 37 45 11 61 5 52 19 59 42 12 51 93 33 4
10 58 48 104 94 59 49 105 95 66 58 67 79 75 67 66 44 97 72 29 3 3
11 65 55 74 64 74 64 83 73 68 90 5 20 76 28 59 75 89 99 68 71 3
12 13 3 40 30 74 64 101 91 84 60 46 49 49 29 32 65 62 87 46 96 2
13 66 56 14 4 63 53 19 9 8 27 50 59 61 84 68 97 90 69 91 75 1
14 72 62 110 100 49 39 87 77 14 43 27 17 94 93 74 47 88 23 45 77 4
15 24 14 56 46 97 87 29 19 13 84 26 37 4 20 48 68 7 17 91 58 4
16 93 83 60 50 34 24 101 91 91 23 63 83 84 94 22 28 41 61 5 11 3
17 63 53 15 5 76 66 28 18 72 9 44 52 95 3 72 33 34 22 6 38 3
18 78 68 25 15 79 69 26 16 57 69 57 87 90 77 91 79 17 1 97 70 1
19 51 41 11 1 80 70 40 30 39 65 67 44 46 28 47 89 11 20 47 14 2
20 60 50 106 96 45 35 91 81 51 31 24 15 76 55 58 54 54 4 18 42 3
21 19 9 104 94 88 78 81 71 17 50 65 33 95 30 6 64 80 7 68 62 4
22 83 73 94 84 104 94 15 5 21 33 25 60 95 79 94 96 44 77 54 7 2
23 83 73 56 46 20 10 93 83 18 40 3 41 53 39 8 15 92 24 75 97 4
24 96 86 39 29 81 71 32 22 67 5 45 24 69 84 97 89 38 98 97 93 1
25 23 13 84 74 44 34 105 95 93 70 28 68 57 39 36 36 57 74 14 84 3
26 80 70 27 17 73 63 12 2 19 12 2 39 92 22 95 9 36 32 74 40 2
27 66 56 15 5 55 45 96 86 33 83 62 33 43 68 35 80 21 94 47 97 2
28 45 35 71 61 106 96 32 22 29 39 30 87 81 57 68 22 99 31 47 93 3
29 67 57 32 22 104 94 77 67 85 29 47 63 25 54 36 20 87 52 67 39 4
30 13 3 35 25 50 40 72 62 51 79 29 43 91 29 98 78 40 65 70 9 3
31 80 70 33 23 77 67 30 20 26 95 78 97 75 75 3 35 56 59 28 76 4
32 21 11 108 98 94 84 81 71 90 67 63 78 86 69 82 81 51 20 57 82 1
33 26 16 71 61 23 13 68 58 14 84 2 8 26 22 78 88 17 26 80 56 4
34 72 62 67 57 53 43 48 38 68 51 59 98 1 42 69 36 5 75 78 4 4
35 50 40 87 77 23 13 60 50 13 95 80 34 69 99 59 23 92 67 51 17 1
36 109 99 32 22 54 44 69 59 92 65 91 72 7 90 67 17 52 2 34 43 3
37 51 41 87 77 24 14 60 50 46 98 25 46 91 84 3 3 31 41 27 89 1
38 42 32 109 99 75 65 50 40 7 78 15 13 77 16 23 22 4 37 9 36 3
39 46 36 42 32 31 21 27 17 89 14 96 22 92 40 21 58 24 29 60 54 3
40 37 27 44 34 50 40 57 47 35 16 26 27 34 82 7 7 53 20 77 75 1
41 58 48 54 44 51 41 47 37 63 41 73 8 82 56 98 10 87 80 35 3 1
42 80 70 46 36 105 95 71 61 40 30 39 82 11 42 53 43 67 7 54 59 2
43 87 77 48 38 100 90 61 51 2 96 23 51 19 19 55 72 6 88 31 38 2
44 32 22 83 73 41 31 92 82 56 63 25 24 68 20 72 41 93 95 57 67 2
45 96 86 49 39 101 91 46 36 66 27 19 17 1 88 28 99 68 99 76 18 1
46 79 69 53 43 36 26 18 8 97 71 84 67 25 46 72 65 36 67 77 3 1
47 92 82 77 67 69 59 62 52 87 16 33 8 70 37 23 19 39 61 18 82 4
48 77 67 95 85 14 4 32 22 63 74 10 43 34 65 6 41 60 2 6 90 3
49 77 67 22 12 66 56 11 1 29 62 75 59 7 56 61 61 69 89 87 2 2
