4 50
1337 1116 1264 1343 
0 92 82 110 100 29 19 47 37 15 85 100 5 51 87 81 56 100 52 68 20 1
1 102 92 79 69 55 45 32 22 87 87 29 31 72 54 95 7 57 93 24 55 3
2 56 46 99 89 33 23 76 66 83 17 42 26 29 58 21 40 94 87 85 54 2
3 103 93 19 9 28 18 44 34 49 87 25 74 73 27 9 44 27 72 52 93 4
4 54 44 25 15 95 85 74 64 16 77 56 65 49 75 24 64 44 62 45 27 2
5 48 38 57 47 57 47 58 48 7 22 64 20 64 84 73 20 28 48 90 20 4
6 35 25 90 80 36 26 91 81 24 60 70 79 6 99 50 41 27 65 10 21 4
7 52 42 29 19 13 3 90 80 5 44 93 19 40 59 1 88 31 5 1 7 3
8 68 58 19 9 69 59 12 2 68 91 42 14 94 45 34 68 87 64 65 37 2
9 78 68 46 36 23 13 91 81 92 9 63 74 91 12 55 78 30 75 94 41 3
10 66 56 20 10 67 57 21 11 22 23 47 53 96 62 73 58 85 28 45 8 1
11 77 67 86 76 86 76 95 85 21 62 85 39 26 85 72 4 43 47 89 32 1
12 45 35 72 62 98 88 25 15 1 44 1 44 3 65 80 25 82 2 75 16 4
13 82 72 30 20 79 69 27 17 43 45 87 53 28 90 26 33 77 7 47 19 4
14 104 94 42 32 81 71 19 9 67 60 64 80 92 38 52 9 40 51 60 16 3
15 16 6 48 38 89 79 29 19 22 18 37 54 64 53 47 81 11 77 8 57 1
16 89 79 64 54 30 20 97 87 85 41 96 89 42 10 27 30 51 49 24 66 4
17 43 33 95 85 48 38 108 98 54 46 92 87 12 1 5 82 38 69 80 66 3
18 94 84 41 31 95 85 42 32 99 65 34 45 25 95 35 15 6 76 95 82 3
19 91 81 51 41 20 10 80 70 92 8 42 41 51 37 74 70 35 64 69 75 1
20 40 30 86 76 25 15 71 61 54 29 17 4 55 32 3 94 93 4 48 71 2
21 27 17 20 10 104 94 97 87 100 49 30 65 46 9 39 18 96 12 46 59 4
22 51 41 62 52 72 62 83 73 85 50 73 2 89 11 34 97 72 95 47 86 3
23 87 77 60 50 24 14 97 87 37 44 69 66 42 91 15 22 57 62 6 84 2
24 32 22 75 65 25 15 68 58 24 10 28 55 21 82 92 25 65 81 56 43 1
25 83 73 44 34 104 94 65 55 39 83 46 44 26 45 83 72 97 48 85 50 2
26 76 66 15 5 61 51 100 90 75 19 38 97 66 38 94 98 78 4 33 73 1
27 46 36 87 77 35 25 76 66 23 25 83 6 52 1 44 2 60 22 53 52 2
28 33 23 59 49 94 84 20 10 14 23 99 59 49 78 34 89 74 39 80 46 3
29 95 85 68 58 32 22 105 95 47 14 7 53 41 80 91 62 95 21 44 66 1
30 41 31 63 53 78 68 100 90 41 19 35 89 45 86 25 16 89 95 99 13 1
31 72 62 25 15 69 59 22 12 9 18 36 73 61 31 17 6 6 18 62 11 3
32 81 71 68 58 54 44 41 31 38 54 37 81 62 72 65 39 54 76 56 57 3
33 94 84 47 37 91 81 36 26 62 91 80 44 28 65 88 54 76 61 18 14 2
34 60 50 47 37 41 31 36 26 31 66 41 34 82 37 44 97 52 44 98 70 2
35 26 16 63 53 99 89 36 26 10 4 75 67 78 14 60 79 23 39 97 6 1
36 21 11 44 34 58 48 81 71 55 30 93 64 74 79 56 24 72 88 52 90 2
37 35 25 71 61 108 98 44 34 45 4 69 53 31 30 86 68 74 13 73 42 1
38 54 44 21 11 95 85 62 52 79 17 43 6 89 30 45 1 62 64 12 22 3
39 26 16 22 12 11 1 107 97 78 16 8 35 93 71 70 91 75 62 32 17 3
40 33 23 40 30 46 36 53 43 36 8 26 14 34 15 17 67 90 27 78 15 4
41 102 92 98 88 95 85 91 81 70 68 96 99 6 75 5 36 95 92 47 77 3
42 104 94 62 52 29 19 95 85 57 5 49 82 38 37 62 100 34 2 75 32 3
43 15 5 76 66 28 18 89 79 45 18 39 5 33 16 67 39 39 10 35 1 3
44 104 94 55 45 13 3 64 54 24 48 4 69 66 49 42 83 87 24 31 50 2
45 88 78 41 31 93 83 38 28 16 58 59 57 85 26 46 42 17 45 69 46 1
46 43 33 25 15 100 90 82 72 90 64 41 70 48 51 68 50 41 2 8 98 3
47 32 22 25 15 109 99 102 92 35 8 44 48 52 82 40 35 60 91 20 70 1
48 81 71 99 89 18 8 36 26 3 87 61 29 57 22 65 31 60 32 36 33 3
49 97 87 42 32 86 76 31 21 46 16 28 59 91 67 78 52 2 5 97 16 1
