4 50
545 452 556 469 
0 22 12 40 30 59 49 77 67 62 35 89 38 84 56 74 40 73 40 89 84 2
1 32 22 109 99 85 75 70 60 67 30 57 68 47 38 56 66 73 45 50 16 2
2 102 92 37 27 71 61 14 4 88 75 38 82 87 52 47 31 57 57 2 57 4
3 61 51 77 67 86 76 102 92 33 40 55 88 52 2 42 85 26 23 57 78 3
4 20 10 91 81 61 51 32 22 2 94 38 2 15 96 86 47 48 67 95 54 3
5 66 56 67 57 75 65 76 66 63 21 79 86 66 3 75 46 7 61 94 1 2
6 41 31 88 78 34 24 89 79 43 78 38 98 61 97 29 20 36 94 84 98 3
7 74 64 51 41 35 25 12 2 18 29 5 52 53 23 53 73 67 99 46 71 3
8 106 96 57 47 107 97 50 40 79 77 26 60 22 93 43 62 35 79 56 40 3
9 52 42 20 10 89 79 65 55 96 48 64 54 37 34 92 32 36 40 94 68 1
10 56 46 102 92 57 47 103 93 36 61 50 14 26 18 67 57 75 35 33 8 3
11 39 29 40 30 48 38 57 47 76 80 32 69 94 16 91 13 92 19 78 57 1
12 107 97 34 24 60 50 87 77 84 19 6 59 75 2 15 11 22 86 86 10 1
13 64 54 12 2 61 51 17 7 21 51 46 10 14 53 23 53 7 94 60 67 4
14 18 8 56 46 95 85 33 23 75 5 91 63 15 20 48 90 5 71 27 61 1
15 70 60 110 100 43 33 83 73 64 67 64 10 1 85 48 64 50 25 39 7 3
16 19 9 86 76 60 50 27 17 42 9 93 13 98 45 54 44 22 77 32 90 3
17 45 35 97 87 50 40 110 100 31 26 21 61 1 97 41 49 94 26 30 87 4
18 68 58 23 13 77 67 24 14 36 57 49 83 60 70 7 91 7 97 61 43 4
19 85 75 53 43 22 12 82 72 61 52 48 27 65 6 93 35 91 36 100 88 4
20 90 80 36 26 75 65 21 11 76 39 61 60 78 32 28 53 47 56 86 21 2
21 65 55 50 40 42 32 27 17 77 14 40 29 47 77 54 43 11 63 56 50 3
22 49 39 60 50 62 52 73 63 8 97 58 44 57 3 98 57 22 72 41 87 1
23 109 99 74 64 46 36 19 9 66 69 9 45 66 17 19 80 26 81 35 46 2
24 110 100 53 43 103 93 46 36 63 43 13 50 80 83 77 79 15 99 57 72 4
25 81 71 42 32 102 92 63 53 5 58 31 69 89 83 33 78 30 12 81 11 2
26 110 100 57 47 95 85 42 32 68 100 39 53 1 32 35 83 73 18 9 94 3
27 96 86 45 35 85 75 26 16 60 82 16 97 61 32 56 23 73 59 35 76 1
28 15 5 49 39 76 66 110 100 81 17 72 46 43 43 1 81 64 45 83 36 3
29 85 75 50 40 22 12 95 85 81 29 75 15 69 59 8 74 98 39 18 35 3
30 31 21 53 43 68 58 90 80 29 56 65 21 81 37 98 53 50 79 25 72 4
31 78 68 31 21 83 73 28 18 89 33 78 4 9 35 96 7 44 51 40 28 4
32 83 73 70 60 56 46 43 33 28 92 26 32 53 91 7 4 100 100 11 68 4
33 32 22 85 75 29 19 82 72 37 57 94 86 97 8 80 74 31 86 43 54 3
34 94 84 89 79 83 73 78 68 45 71 88 2 46 87 5 3 62 83 42 11 2
35 104 94 41 31 77 67 14 4 9 76 46 37 66 75 71 87 39 55 5 43 3
36 35 25 58 48 72 62 95 85 39 43 97 19 18 76 100 21 74 17 22 52 4
37 105 95 41 31 78 68 14 4 29 3 78 3 15 88 24 28 96 10 32 38 4
38 60 50 35 25 101 91 68 58 45 35 95 86 60 31 97 29 77 37 28 20 1
39 76 66 72 62 61 51 57 47 68 15 23 81 26 51 60 88 2 72 19 89 2
40 19 9 18 8 24 14 31 21 95 95 79 39 46 83 9 37 54 58 97 14 4
41 72 62 68 58 65 55 61 51 11 83 63 27 1 92 10 32 12 30 47 53 3
42 22 12 88 78 47 37 13 3 41 62 6 13 32 44 53 90 67 9 98 15 2
43 53 43 14 4 74 64 27 17 66 99 63 3 18 92 4 21 93 76 35 57 4
44 14 4 65 55 23 13 74 64 12 95 85 62 71 90 87 25 95 82 17 50 2
45 102 92 47 37 99 89 52 42 99 56 60 48 7 55 100 47 81 44 23 54 3
46 65 55 39 29 22 12 96 86 96 94 55 75 78 73 90 98 54 38 39 75 2
47 30 20 15 5 107 97 100 90 92 75 9 2 32 39 63 22 81 41 1 58 4
48 103 93 21 11 40 30 58 48 70 71 43 89 69 50 59 18 9 78 37 86 2
49 91 81 44 34 88 78 33 23 64 90 9 71 49 75 87 29 96 49 61 4 2
