4 50
524 509 500 471 
0 70 60 88 78 107 97 25 15 77 78 1 45 16 34 82 72 44 26 7 66 1
1 60 50 37 27 13 3 98 88 46 27 79 78 74 85 97 12 77 99 13 81 2
2 102 92 45 35 79 69 14 4 29 97 99 61 42 92 88 96 73 65 48 30 3
3 61 51 69 59 86 76 94 84 6 90 42 77 30 9 30 48 30 24 18 21 3
4 92 82 63 53 33 23 12 2 75 98 33 75 90 73 61 55 28 78 98 78 2
5 94 84 103 93 103 93 12 2 5 47 92 64 9 86 7 13 63 77 63 97 4
6 37 27 84 74 38 28 85 75 34 16 7 62 89 63 79 70 98 77 18 55 3
7 102 92 87 77 63 53 40 30 90 40 13 36 50 22 25 90 87 1 58 90 2
8 94 84 45 35 87 77 38 28 69 82 72 77 72 22 78 82 53 59 70 78 1
9 24 14 92 82 61 51 37 27 73 76 15 84 21 79 41 68 21 92 15 6 2
10 60 50 106 96 61 51 107 97 14 53 44 98 17 94 78 49 93 1 40 64 3
11 91 81 100 90 108 98 17 7 14 50 70 31 46 67 73 45 56 66 90 77 1
12 27 17 54 44 80 70 107 97 44 30 18 15 59 60 49 84 51 46 6 24 3
13 68 58 16 6 73 63 21 11 43 36 59 58 35 41 21 14 98 28 30 94 2
14 34 24 72 62 11 1 49 39 36 10 57 67 9 82 50 74 52 48 7 91 4
15 70 60 110 100 43 33 83 73 68 66 3 91 24 90 29 80 17 77 35 53 1
16 67 57 34 24 108 98 75 65 11 51 70 76 86 30 91 10 38 73 12 70 2
17 81 71 33 23 94 84 46 36 17 40 9 90 73 79 89 35 79 79 12 27 1
18 80 70 27 17 81 71 36 26 81 60 42 11 49 2 27 12 61 68 23 96 3
19 109 99 69 59 38 28 106 96 4 33 18 85 32 23 31 4 80 97 14 62 3
20 30 20 76 66 15 5 61 51 18 98 22 63 29 91 51 34 28 54 15 53 4
21 65 55 58 48 42 32 35 25 61 63 23 8 59 89 95 6 24 18 32 94 1
22 25 15 36 26 46 36 57 47 82 7 53 26 26 47 51 55 8 94 30 100 2
23 57 47 30 20 102 92 67 57 51 1 40 37 83 33 1 75 73 69 57 81 1
24 74 64 25 15 67 57 18 8 10 88 1 77 1 93 51 25 46 62 56 39 2
25 65 55 26 16 86 76 47 37 66 55 66 10 91 16 54 53 77 52 85 74 1
26 58 48 97 87 43 33 82 72 20 65 68 99 19 1 22 96 39 56 9 37 1
27 36 26 85 75 25 15 66 56 89 33 8 80 8 73 11 36 25 25 88 100 2
28 67 57 93 83 28 18 54 44 50 14 67 58 71 22 90 14 88 3 7 22 3
29 49 39 14 4 86 76 59 49 91 69 51 59 55 5 2 44 91 50 4 88 4
30 95 85 17 7 32 22 54 44 60 87 48 33 17 34 81 46 24 63 9 54 2
31 74 64 27 17 79 69 24 14 33 99 11 76 76 44 60 41 30 67 26 85 3
32 67 57 46 36 32 22 19 9 56 33 69 64 1 69 83 43 84 61 71 14 1
33 20 10 65 55 17 7 62 52 8 83 21 10 89 4 42 95 10 12 92 22 1
34 42 32 37 27 31 21 18 8 47 92 8 42 65 4 14 45 34 92 5 78 1
35 96 86 33 23 69 59 106 96 99 57 14 34 26 95 11 51 39 82 9 62 2
36 91 81 106 96 28 18 51 41 64 76 30 1 76 65 40 24 86 55 64 22 4
37 97 87 33 23 70 60 106 96 31 17 62 54 55 72 78 35 21 43 41 9 4
38 16 6 91 81 57 47 24 14 90 66 27 78 12 42 2 24 34 43 43 16 3
39 16 6 12 2 101 91 97 87 57 8 96 51 22 96 89 25 29 16 45 71 1
40 63 53 70 60 76 66 83 73 59 68 34 56 7 64 31 57 74 3 7 79 1
41 44 34 40 30 37 27 33 23 7 52 32 89 82 91 55 16 66 56 26 57 2
42 38 28 96 86 63 53 29 19 69 7 64 32 97 91 36 98 8 93 86 27 1
43 21 11 74 64 34 24 95 85 89 66 47 53 6 31 19 92 3 58 49 70 3
44 50 40 101 91 59 49 110 100 9 64 90 56 99 95 80 5 99 80 40 75 3
45 98 88 43 33 95 85 48 38 68 62 47 59 84 72 66 68 49 9 73 83 1
46 93 83 75 65 50 40 32 22 81 77 74 5 84 47 4 7 73 22 28 46 4
47 46 36 39 29 31 21 24 14 10 60 90 69 89 1 41 36 59 43 22 86 1
48 51 41 69 59 88 78 106 96 23 49 55 93 67 64 61 89 82 4 64 81 1
49 55 45 100 90 44 34 89 79 50 57 15 34 17 38 46 77 58 19 80 77 2
