4 50
493 548 484 495 
0 100 90 18 8 37 27 55 45 24 49 98 78 11 49 71 56 94 70 39 5 4
1 90 80 67 57 43 33 28 18 4 58 81 26 17 95 41 6 70 70 76 57 4
2 40 30 83 73 17 7 60 50 96 45 28 53 28 18 12 27 18 24 34 14 1
3 19 9 35 25 44 34 52 42 57 69 77 22 57 62 62 93 68 13 1 26 2
4 58 48 29 19 99 89 78 68 84 10 43 2 76 18 91 6 14 70 48 12 3
5 12 2 21 11 21 11 30 20 25 50 71 83 1 9 28 73 65 60 42 34 2
6 35 25 90 80 36 26 91 81 89 13 53 98 85 29 9 64 76 58 62 85 2
7 24 14 109 99 85 75 62 52 13 31 38 8 90 65 77 73 48 46 20 43 4
8 32 22 83 73 25 15 76 66 53 60 53 22 82 20 18 51 32 4 72 57 3
9 90 80 66 56 35 25 103 93 39 17 3 84 82 66 98 70 59 58 34 1 1
10 42 32 96 86 43 33 97 87 57 92 51 21 59 76 48 92 66 2 3 39 2
11 53 43 62 52 62 52 71 61 7 47 8 22 36 44 93 85 71 58 24 67 3
12 89 79 16 6 42 32 69 59 87 43 5 16 40 23 14 48 98 14 47 100 4
13 50 40 98 88 55 45 103 93 66 51 25 86 13 80 31 9 90 80 12 53 3
14 48 38 86 76 25 15 63 53 42 86 34 99 14 55 98 100 47 5 81 100 1
15 24 14 64 54 105 95 37 27 85 10 35 16 96 56 12 27 20 68 92 41 2
16 97 87 64 54 30 20 105 95 7 51 48 76 46 92 76 88 35 1 1 54 1
17 83 73 43 33 96 86 48 38 11 63 30 4 53 81 4 64 7 85 47 73 1
18 62 52 109 99 63 53 110 100 48 67 89 21 26 14 51 34 9 79 2 96 4
19 11 1 71 61 40 30 100 90 1 5 57 40 9 95 34 83 31 35 59 29 2
20 80 70 26 16 65 55 11 1 3 14 48 6 81 5 45 83 22 35 13 31 1
21 103 93 88 78 80 70 65 55 5 20 95 33 54 92 10 75 58 26 70 54 1
22 23 13 34 24 44 34 55 45 64 58 89 77 70 31 81 89 5 92 36 53 3
23 79 69 52 42 16 6 89 79 68 24 91 99 55 43 30 19 14 91 15 16 4
24 52 42 103 93 45 35 88 78 92 17 77 30 53 57 71 69 65 43 71 96 2
25 63 53 24 14 84 74 45 35 78 1 38 85 21 4 18 80 43 94 38 39 3
26 92 82 39 29 77 67 24 14 12 60 88 92 96 1 89 7 30 34 91 40 3
27 94 84 35 25 75 65 16 6 11 70 3 35 100 53 23 10 94 40 75 38 4
28 49 39 83 73 110 100 44 34 40 18 21 67 20 78 81 12 79 64 6 39 3
29 39 29 104 94 76 66 49 39 28 70 26 80 11 38 89 98 61 60 40 49 4
30 85 75 107 97 30 20 44 34 84 72 39 26 68 19 71 94 43 88 27 13 2
31 88 78 33 23 85 75 38 28 84 28 58 30 1 72 45 3 70 71 52 35 2
32 69 59 56 46 34 24 21 11 30 91 15 21 29 93 2 35 10 76 43 70 4
33 58 48 103 93 55 45 100 90 18 11 90 3 79 99 7 64 28 28 33 36 2
34 84 74 79 69 65 55 60 50 60 54 7 97 9 52 72 87 96 43 28 58 3
35 66 56 103 93 39 29 76 66 88 31 59 5 45 24 36 4 27 90 21 47 2
36 105 95 20 10 42 32 57 47 26 95 18 9 88 19 78 44 34 81 7 37 4
37 67 57 103 93 40 30 76 66 65 5 40 9 22 70 8 18 95 72 98 64 1
38 22 12 97 87 63 53 38 28 19 97 57 14 40 41 53 98 59 61 61 69 2
39 66 56 54 44 51 41 39 29 40 76 26 91 19 52 83 38 8 99 20 60 2
40 41 31 48 38 54 44 61 51 65 12 49 29 44 19 43 9 1 99 8 86 1
41 14 4 110 100 107 97 103 93 55 95 28 99 25 71 38 53 3 12 78 37 3
42 56 46 22 12 81 71 47 37 12 24 18 22 97 99 7 6 90 98 5 79 4
43 59 49 20 10 72 62 33 23 78 93 28 15 99 78 16 12 5 67 85 64 4
44 60 50 11 1 69 59 20 10 68 4 82 13 47 38 95 35 91 54 27 43 2
45 104 94 57 47 101 91 54 44 26 92 64 16 52 82 43 22 46 63 69 15 4
46 15 5 89 79 72 62 54 44 84 69 58 39 12 69 21 100 89 9 1 73 1
47 44 34 37 27 29 19 14 4 54 85 15 10 72 42 6 59 6 98 24 70 2
48 73 63 91 81 110 100 28 18 93 56 11 79 85 81 53 63 55 13 84 31 1
49 57 47 102 92 46 36 91 81 1 95 38 20 76 99 11 45 45 33 34 50 4
