4 50
478 529 520 548 
0 26 48 3 66 87 85 64 3 45 18 59 81 49 48 4 85 62 81 38 56 4
1 15 12 31 55 40 89 56 24 65 100 13 72 31 84 76 99 49 95 62 24 1
2 40 82 49 53 49 23 58 94 14 83 96 41 4 72 100 88 22 97 53 20 3
3 96 23 73 78 49 24 34 79 71 85 85 75 32 14 40 60 63 82 66 30 3
4 54 68 22 19 91 61 67 12 89 9 17 40 8 47 90 33 20 52 38 55 1
5 13 50 22 96 30 51 39 97 36 96 41 46 84 86 4 99 41 23 50 13 2
6 26 41 74 68 23 94 79 21 85 19 62 24 42 3 2 22 66 59 100 27 1
7 16 52 48 90 89 29 29 67 75 19 92 57 80 20 4 63 7 18 89 90 2
8 39 21 91 88 44 54 4 29 2 66 74 6 77 79 22 54 56 82 94 63 2
9 31 22 91 69 60 23 20 70 92 40 18 81 89 43 43 96 29 64 68 99 3
10 27 44 12 90 4 37 89 75 7 84 87 55 70 92 47 100 65 17 100 37 3
11 47 59 20 70 84 80 57 91 17 1 86 2 93 74 61 27 15 72 95 50 2
12 15 44 76 87 36 29 97 80 29 14 68 38 33 77 61 78 54 96 43 2 2
13 82 92 23 39 63 77 4 24 24 36 4 9 60 60 82 17 14 67 24 19 3
14 7 97 80 23 52 58 25 84 61 24 12 22 99 67 44 58 98 96 27 57 2
15 32 85 85 99 29 22 82 44 77 11 7 21 96 51 15 14 48 3 2 58 3
16 10 57 63 44 7 30 52 9 18 96 78 6 19 92 55 15 69 67 12 58 4
17 78 8 15 3 51 89 88 84 31 70 96 8 75 71 72 19 84 45 29 98 1
18 23 33 59 56 96 70 32 93 75 71 13 28 32 48 79 92 37 35 62 43 2
19 30 26 18 93 15 59 3 34 48 14 52 6 12 88 86 34 33 97 26 11 2
20 82 53 78 60 75 66 71 73 17 21 88 48 19 9 66 33 84 48 94 10 3
21 99 4 52 70 12 29 73 95 4 37 88 91 72 2 31 45 10 84 66 56 2
22 48 56 1 7 53 65 98 16 41 18 53 65 9 86 97 5 87 33 13 98 3
23 28 71 21 53 5 28 98 10 61 93 88 93 17 45 51 38 3 87 79 73 3
24 85 49 30 67 74 86 19 4 64 53 12 53 91 95 16 81 13 57 75 52 2
25 67 12 39 27 4 41 76 56 76 30 74 19 11 42 13 47 26 65 29 5 1
26 68 86 89 29 17 63 46 6 34 99 21 21 68 13 60 2 92 23 95 16 1
27 4 8 64 46 33 77 93 15 11 29 91 13 75 39 81 25 10 32 39 96 1
28 18 98 31 20 43 43 56 65 58 55 13 35 54 71 64 3 54 81 25 58 2
29 21 7 37 78 46 48 62 27 22 55 79 82 11 34 100 40 39 24 74 35 1
30 53 6 18 36 90 67 55 97 26 71 99 22 11 52 84 6 71 86 21 28 4
31 32 40 57 26 89 5 22 91 13 26 87 30 1 24 67 88 67 47 4 45 1
32 56 8 93 38 21 69 58 99 52 67 56 83 17 32 76 84 71 55 88 57 1
33 91 29 36 20 80 2 17 93 4 79 49 21 10 1 62 34 8 52 26 36 2
34 48 48 4 47 61 45 17 52 91 42 1 17 14 43 17 49 40 77 83 62 4
35 89 53 50 88 18 22 79 49 54 69 30 12 84 5 81 13 87 80 99 90 2
36 85 20 22 95 50 77 87 52 80 55 80 5 5 72 6 25 40 36 21 36 3
37 47 45 100 19 52 86 13 52 100 17 9 17 17 98 97 5 64 3 4 26 4
38 51 4 3 47 56 89 100 24 42 27 15 56 51 52 59 68 19 98 85 51 3
39 72 99 36 57 1 16 65 74 55 48 69 26 85 62 64 19 58 7 60 24 1
40 72 51 77 26 73 100 78 75 85 73 92 11 6 72 2 3 63 41 97 44 2
41 38 54 2 36 67 11 31 93 83 37 17 63 87 73 25 69 50 21 43 99 1
42 2 14 38 73 67 31 95 90 21 88 35 38 22 89 91 45 86 65 97 38 2
43 83 54 28 84 72 7 17 37 77 91 13 21 42 50 62 58 71 74 1 64 3
44 19 91 27 70 36 48 44 27 25 34 7 73 58 63 21 26 72 61 29 98 3
45 99 99 12 1 32 96 45 98 77 87 27 15 69 47 13 6 84 22 60 96 4
46 1 2 89 40 70 79 50 9 7 66 81 71 74 51 99 63 8 63 95 69 1
47 69 98 53 80 30 55 14 37 38 66 50 42 42 19 90 12 64 50 97 72 2
48 1 71 21 2 34 40 54 71 98 59 76 40 97 69 53 22 83 75 46 8 4
49 42 100 18 19 3 29 79 40 13 65 23 91 74 5 23 85 2 25 53 67 3
