4 50
546 551 498 542 
0 74 64 92 82 11 1 29 19 54 46 51 48 34 86 29 53 61 38 2 91 3
1 104 94 81 71 57 47 42 32 77 2 2 13 20 24 69 17 2 47 72 64 4
2 94 84 37 27 71 61 106 96 96 83 75 62 77 15 34 35 9 58 39 70 4
3 69 59 77 67 94 84 102 92 44 95 69 90 21 15 97 99 96 31 77 61 1
4 48 38 19 9 89 79 60 50 100 64 28 31 90 18 12 78 74 44 19 2 4
5 30 20 31 21 39 29 40 30 35 19 54 87 13 20 1 43 81 34 39 84 4
6 37 27 84 74 38 28 85 75 26 58 92 100 35 92 30 82 18 90 45 72 1
7 46 36 23 13 99 89 76 66 28 14 61 21 76 16 88 74 1 31 44 41 3
8 26 16 69 59 19 9 70 60 40 60 82 73 23 59 56 22 79 99 67 61 4
9 80 70 48 38 17 7 93 83 58 74 100 4 84 9 1 83 62 16 18 7 3
10 44 34 98 88 53 43 99 89 92 79 45 9 31 42 31 11 14 77 55 60 2
11 79 69 88 78 96 86 97 87 43 55 46 46 95 62 43 79 30 67 53 32 4
12 95 85 22 12 48 38 75 65 96 50 28 70 56 38 44 64 17 30 62 22 3
13 52 42 108 98 57 47 105 95 71 46 74 84 46 11 4 12 15 51 44 50 1
14 102 92 40 30 79 69 17 7 91 45 90 50 28 100 99 76 93 64 87 69 4
15 78 68 110 100 51 41 83 73 19 79 8 67 14 64 24 76 35 65 21 59 4
16 71 61 38 28 104 94 79 69 72 56 17 38 13 51 5 57 68 100 62 55 3
17 109 99 61 51 14 4 66 56 15 35 30 30 85 78 22 97 41 71 44 99 1
18 64 54 19 9 65 55 20 10 76 75 42 45 57 100 23 4 62 11 42 65 4
19 69 59 37 27 98 88 66 56 9 84 67 55 61 83 53 4 45 24 58 34 4
20 50 40 96 86 35 25 81 71 8 75 46 63 21 13 14 87 7 82 34 40 1
21 57 47 42 32 34 24 19 9 52 69 100 57 66 7 80 29 38 42 1 92 1
22 65 55 76 66 86 76 97 87 50 65 2 18 35 63 9 25 53 25 82 5 2
23 53 43 26 16 90 80 63 53 29 87 47 7 70 60 25 80 65 98 85 48 4
24 38 28 81 71 31 21 74 64 3 77 43 69 71 87 92 79 40 47 48 87 4
25 105 95 66 56 18 8 79 69 92 95 74 69 90 1 36 54 67 67 12 59 3
26 62 52 109 99 55 45 94 84 51 19 81 84 27 65 70 58 23 77 12 20 4
27 56 46 105 95 45 35 86 76 20 85 16 34 56 50 37 80 71 32 34 63 4
28 71 61 105 95 32 22 66 56 1 12 42 63 53 6 29 54 75 30 97 57 3
29 21 11 86 76 58 48 31 21 42 21 25 62 7 18 90 58 78 46 20 66 1
30 67 57 89 79 12 2 26 16 9 28 51 44 70 90 86 72 16 31 1 99 4
31 82 72 35 25 87 77 32 22 54 32 72 8 78 8 45 51 97 70 42 51 1
32 107 97 94 84 80 70 59 49 5 33 88 67 95 94 82 11 21 13 18 85 4
33 52 42 97 87 49 39 94 84 6 61 26 81 53 16 34 88 100 17 15 69 4
34 54 44 49 39 43 33 30 20 4 15 2 40 22 86 50 79 30 16 62 68 1
35 12 2 49 39 85 75 22 12 47 6 49 78 42 75 89 66 84 54 80 31 4
36 79 69 102 92 16 6 39 29 72 9 19 30 77 2 7 35 93 12 57 94 3
37 13 3 49 39 86 76 22 12 52 80 3 95 63 57 82 23 24 31 88 28 2
38 104 94 71 61 45 35 12 2 67 80 67 96 25 61 52 51 29 46 69 24 2
39 36 26 24 14 21 11 17 7 8 22 87 53 87 68 26 92 87 54 66 43 3
40 67 57 74 64 80 70 87 77 84 82 66 23 30 89 56 30 10 19 48 95 4
41 100 90 96 86 93 83 89 79 35 87 97 12 90 66 71 74 12 69 17 89 4
42 14 4 72 62 39 29 105 95 58 91 29 19 56 12 67 7 22 72 81 6 2
43 93 83 46 36 106 96 67 57 45 49 90 13 88 16 39 40 61 56 49 21 2
44 78 68 29 19 87 77 38 28 70 4 4 28 79 37 91 42 91 76 16 82 4
45 106 96 51 41 103 93 56 46 23 50 62 65 56 30 20 30 56 43 70 13 1
46 29 19 11 1 86 76 68 58 71 21 22 40 38 7 55 37 42 73 81 69 1
47 106 96 99 89 83 73 76 66 41 25 1 41 84 69 48 70 16 67 64 8 3
48 47 37 65 55 84 74 102 92 96 91 32 49 79 93 23 21 18 94 61 28 1
49 35 25 80 70 24 14 69 59 62 51 5 10 31 79 52 47 10 69 14 45 4
