4 50
489 517 486 536 
0 52 42 70 60 89 79 107 97 31 100 52 65 8 8 54 38 11 90 57 45 3
1 62 52 39 29 23 13 100 90 44 82 50 82 24 5 100 33 11 55 80 53 3
2 40 30 75 65 17 7 52 42 6 83 17 7 95 44 17 44 62 83 23 86 2
3 27 17 35 25 44 34 60 50 32 9 49 4 78 28 15 41 20 23 84 3 2
4 86 76 57 47 27 17 98 88 5 23 86 10 50 27 72 84 81 79 69 1 3
5 76 66 85 75 85 75 94 84 83 70 24 83 87 80 8 51 47 10 18 49 1
6 39 29 86 76 40 30 87 77 96 26 15 96 20 34 90 57 7 59 74 34 4
7 96 86 73 63 49 39 34 24 29 98 71 86 97 35 66 45 81 55 91 53 4
8 44 34 95 85 45 35 88 78 35 1 58 91 54 57 93 65 60 68 93 87 2
9 18 8 94 84 63 53 31 21 14 3 55 43 84 40 25 56 41 7 50 83 1
10 38 28 92 82 39 29 93 83 42 86 54 32 48 47 21 61 31 87 39 39 4
11 93 83 102 92 110 100 19 9 45 29 87 91 29 22 83 60 15 83 46 70 4
12 69 59 104 94 30 20 57 47 95 34 70 96 87 16 46 76 10 87 28 44 3
13 46 36 94 84 43 33 99 89 11 17 30 39 43 45 59 42 51 72 50 27 1
14 32 22 70 60 109 99 47 37 59 21 52 66 52 94 78 65 86 26 28 47 2
15 32 22 64 54 105 95 37 27 96 55 73 92 86 33 10 73 36 79 38 64 4
16 49 39 16 6 82 72 49 39 71 51 98 72 33 4 8 62 92 27 48 37 2
17 47 37 99 89 60 50 12 2 86 79 47 57 19 52 67 79 89 61 2 27 4
18 50 40 105 95 51 41 106 96 8 13 99 43 9 5 99 71 5 65 69 71 3
19 87 77 55 45 16 6 84 74 65 79 2 51 3 88 58 47 60 51 75 73 2
20 40 30 78 68 25 15 63 53 71 72 39 90 35 35 51 20 20 85 13 11 2
21 95 85 80 70 72 62 57 47 76 16 67 88 25 16 33 2 31 75 95 56 3
22 39 29 50 40 60 50 71 61 63 10 52 9 20 54 47 99 58 96 33 35 3
23 23 13 96 86 68 58 33 23 84 20 20 76 11 48 57 57 100 39 5 36 2
24 80 70 31 21 73 63 24 14 65 31 40 21 76 51 7 86 64 18 82 16 4
25 79 69 40 30 100 90 61 51 68 78 94 66 68 37 44 95 88 64 60 5 3
26 52 42 91 81 37 27 76 66 40 49 96 50 91 21 79 55 49 28 39 52 4
27 54 44 95 85 35 25 76 66 37 86 75 54 99 39 70 21 27 64 99 5 3
28 105 95 39 29 66 56 100 90 35 45 87 5 41 99 10 19 50 43 15 73 4
29 67 57 40 30 12 2 85 75 33 10 17 10 91 54 14 29 96 65 17 99 1
30 21 11 43 33 66 56 80 70 86 32 88 49 33 88 73 31 15 37 54 12 1
31 92 82 37 27 89 79 42 32 24 8 4 36 20 64 44 63 69 100 80 58 3
32 85 75 72 62 58 48 45 35 42 22 65 51 81 36 74 61 67 7 28 91 3
33 78 68 23 13 67 57 20 10 45 57 85 56 8 46 32 17 76 42 66 47 2
34 36 26 31 21 25 15 20 10 64 21 67 4 28 73 83 75 61 29 83 28 4
35 82 72 19 9 55 45 92 82 55 88 44 54 46 40 98 18 8 44 99 40 1
36 49 39 64 54 86 76 109 99 1 27 44 42 95 82 86 96 62 100 26 78 2
37 75 65 11 1 48 38 84 74 96 15 29 15 48 80 86 18 34 3 89 28 3
38 66 56 41 31 107 97 74 64 70 49 74 53 5 20 13 27 4 7 83 42 1
39 26 16 14 4 11 1 99 89 9 33 35 4 66 63 14 41 84 79 48 10 3
40 97 87 104 94 110 100 17 7 77 71 66 57 14 95 9 13 14 30 84 15 3
41 42 32 38 28 35 25 31 21 65 46 25 96 49 66 24 9 28 41 35 95 4
42 40 30 106 96 73 63 39 29 20 88 98 11 51 98 92 82 89 50 42 22 2
43 99 89 52 42 12 2 73 63 84 84 54 46 7 6 10 65 5 92 35 39 1
44 24 14 75 65 33 23 84 74 20 48 74 43 62 85 85 99 32 90 63 74 4
45 108 98 61 51 105 95 58 48 38 54 61 16 67 82 98 97 49 70 59 72 4
46 79 69 61 51 36 26 18 8 82 54 39 7 9 77 5 34 45 9 10 97 1
47 20 10 13 3 105 95 98 88 25 2 53 89 23 76 18 19 62 38 13 37 2
48 17 7 35 25 54 44 72 62 6 71 53 68 27 32 3 83 40 65 19 20 3
49 93 83 38 28 82 72 27 17 79 31 38 40 82 97 6 96 80 58 50 19 3
