4 50
1297 1210 1444 1161 
0 40 30 58 48 77 67 95 85 2 59 42 15 31 65 10 27 16 90 41 68 2
1 30 20 107 97 83 73 60 50 83 5 39 36 96 13 11 49 22 89 15 48 2
2 64 54 99 89 41 31 76 66 8 97 30 85 38 56 23 95 87 49 20 87 2
3 103 93 11 1 28 18 36 26 71 7 96 85 53 94 30 61 89 89 86 78 2
4 26 16 97 87 75 65 46 36 31 41 51 64 98 96 60 97 31 65 67 1 2
5 84 74 85 75 93 83 94 84 16 36 15 99 47 47 40 4 91 15 78 80 4
6 39 29 86 76 40 30 87 77 17 9 99 70 84 57 50 77 79 21 74 24 4
7 88 78 65 55 41 31 26 16 64 85 29 35 71 70 19 64 57 54 100 68 2
8 56 46 107 97 49 39 100 90 72 83 34 51 42 51 57 52 72 59 6 11 4
9 50 40 18 8 95 85 63 53 84 11 87 99 45 32 29 7 9 58 69 57 2
10 70 60 24 14 71 61 25 15 4 65 46 22 11 14 96 69 35 65 58 97 4
11 29 19 38 28 46 36 55 45 45 99 2 86 46 10 11 79 83 32 46 63 2
12 57 47 84 74 110 100 45 35 83 6 50 99 30 99 84 53 30 31 46 83 4
13 86 76 34 24 91 81 39 29 64 29 56 6 66 51 70 35 90 17 35 20 1
14 12 2 58 48 97 87 35 25 11 59 97 100 82 100 10 94 39 95 99 86 3
15 16 6 48 38 89 79 21 11 13 74 84 47 80 98 93 33 42 95 13 63 1
16 45 35 12 2 78 68 45 35 28 43 92 93 49 34 83 35 71 27 33 89 3
17 79 69 31 21 92 82 44 34 26 6 77 49 36 4 13 53 34 50 38 88 3
18 98 88 53 43 99 89 54 44 6 78 11 71 38 97 22 9 85 70 96 45 1
19 107 97 75 65 36 26 104 94 39 13 74 73 36 41 93 89 43 32 53 13 1
20 80 70 26 16 65 55 11 1 25 16 90 57 58 4 53 85 11 88 17 22 3
21 35 25 28 18 12 2 105 95 22 12 40 70 95 1 87 47 41 84 100 19 4
22 35 25 46 36 56 46 67 57 24 94 45 79 93 31 22 83 94 99 83 65 3
23 43 33 108 98 80 70 53 43 73 9 73 77 51 48 51 4 80 33 99 51 3
24 104 94 47 37 97 87 40 30 81 71 83 79 50 29 92 14 73 52 93 49 1
25 67 57 28 18 88 78 49 39 77 84 57 78 48 61 30 6 6 89 40 13 4
26 16 6 63 53 101 91 48 38 60 11 51 28 92 61 72 40 40 4 18 97 3
27 86 76 27 17 75 65 16 6 4 88 56 61 93 96 42 4 44 92 19 86 1
28 77 67 103 93 38 28 72 62 32 93 85 64 15 33 75 25 4 31 40 81 3
29 59 49 32 22 96 86 69 59 42 31 50 12 87 21 11 70 45 75 72 85 3
30 105 95 19 9 42 32 64 54 67 7 65 4 43 30 5 22 29 39 11 53 2
31 68 58 21 11 65 55 18 8 56 29 77 7 13 24 68 61 27 12 95 4 4
32 57 47 44 34 30 20 17 7 95 52 22 8 43 69 8 82 61 30 45 86 4
33 82 72 27 17 71 61 24 14 92 76 83 90 72 19 53 84 65 46 77 37 3
34 100 90 95 85 89 79 76 66 16 56 53 37 50 20 32 75 30 96 80 29 1
35 18 8 55 45 91 81 28 18 99 84 36 18 80 19 5 5 87 96 68 20 2
36 77 67 100 90 14 4 37 27 7 96 98 78 59 10 62 28 78 60 71 89 3
37 35 25 71 61 108 98 44 34 57 51 37 90 19 2 53 69 81 8 14 60 4
38 110 100 85 75 51 41 18 8 64 82 81 86 34 16 48 95 6 93 44 99 3
39 74 64 62 52 59 49 47 37 1 75 63 70 45 55 51 57 27 25 70 22 2
40 77 67 84 74 90 80 97 87 50 42 70 42 48 49 95 61 48 9 60 33 1
41 74 64 70 60 67 57 63 53 14 49 98 71 7 13 75 28 8 13 71 79 2
42 12 2 78 68 45 35 103 93 42 44 1 47 14 56 54 88 41 17 53 23 3
43 75 65 36 26 96 86 49 39 64 87 28 15 3 79 14 40 24 54 50 51 4
44 40 30 91 81 49 39 100 90 46 2 36 85 91 80 30 24 51 90 98 30 3
45 92 82 37 27 89 79 34 24 50 100 19 56 60 11 11 80 7 71 93 49 1
46 71 61 53 43 36 26 110 100 86 58 66 74 89 69 97 93 34 42 5 20 4
47 56 46 41 31 33 23 26 16 35 14 16 35 79 87 74 45 54 31 12 85 1
48 29 19 47 37 74 64 92 82 72 30 97 89 64 72 7 92 100 42 5 29 4
49 61 51 106 96 50 40 95 85 52 30 72 56 85 16 12 94 56 92 29 50 1
