4 50
1391 1342 1260 1135 
0 14 4 32 22 51 41 69 59 27 76 98 77 30 83 83 72 54 97 96 33 2
1 44 34 21 11 97 87 74 64 71 51 90 33 53 90 99 5 53 21 48 1 1
2 18 8 53 43 95 85 30 20 42 98 41 32 39 35 33 57 21 80 100 93 2
3 53 43 61 51 78 68 86 76 33 36 30 54 59 30 32 57 59 29 68 65 2
4 16 6 87 77 57 47 28 18 17 25 22 35 93 2 78 19 76 26 59 97 2
5 102 92 103 93 11 1 12 2 55 17 53 47 2 16 96 25 88 23 30 26 1
6 41 31 88 78 34 24 89 79 39 73 43 25 63 80 46 25 52 99 54 29 1
7 102 92 79 69 55 45 40 30 16 97 35 33 60 30 74 62 53 69 22 84 2
8 50 40 93 83 43 33 94 84 39 57 64 47 36 49 31 94 24 77 34 36 1
9 32 22 108 98 77 67 45 35 17 96 24 34 19 62 24 24 56 93 9 28 3
10 72 62 26 16 73 63 27 17 77 74 51 28 95 92 12 7 79 19 5 24 3
11 63 53 64 54 72 62 81 71 26 44 53 10 27 44 65 57 84 3 78 23 1
12 71 61 98 88 24 14 51 41 15 86 2 51 59 83 17 41 92 3 9 23 4
13 88 78 36 26 93 83 41 31 7 18 38 37 64 93 38 24 1 95 37 42 1
14 74 64 12 2 51 41 89 79 36 86 14 18 50 85 48 2 71 11 15 52 1
15 62 52 94 84 35 25 75 65 10 92 31 19 96 38 23 49 95 60 37 82 4
16 19 9 86 76 52 42 27 17 62 30 3 87 20 100 10 94 19 85 35 35 2
17 97 87 57 47 110 100 62 52 5 97 51 18 5 12 13 67 32 13 4 57 1
18 100 90 55 45 109 99 56 46 91 88 60 47 3 47 66 97 26 48 32 42 1
19 65 55 33 23 94 84 62 52 54 4 55 48 88 65 41 72 1 83 24 2 1
20 58 48 96 86 43 33 81 71 29 80 29 61 15 59 96 83 7 63 42 59 1
21 89 79 82 72 66 56 59 49 79 57 72 52 76 38 27 100 15 86 44 88 1
22 69 59 80 70 90 80 101 91 31 71 9 48 26 48 62 68 55 60 98 96 2
23 17 7 90 80 54 44 27 17 33 78 78 82 14 11 53 57 31 82 45 84 4
24 90 80 33 23 83 73 26 16 22 65 64 74 32 13 5 4 84 75 7 98 2
25 109 99 70 60 22 12 83 73 35 74 7 10 2 60 75 26 32 27 66 87 3
26 94 84 33 23 79 69 18 8 17 36 37 47 40 32 69 88 77 8 2 21 2
27 56 46 97 87 45 35 86 76 19 40 33 98 58 36 39 52 43 42 15 76 1
28 99 89 33 23 60 50 94 84 22 82 20 9 4 90 23 17 92 50 62 8 3
29 41 31 14 4 78 68 51 41 81 35 76 7 3 77 100 57 15 43 97 83 2
30 87 77 101 91 24 14 46 36 35 63 55 71 64 44 100 5 98 45 59 77 2
31 70 60 15 5 67 57 20 10 15 93 12 82 67 19 59 31 49 3 96 72 4
32 103 93 82 72 68 58 55 45 39 23 34 71 14 97 73 92 16 90 55 70 2
33 68 58 21 11 65 55 18 8 99 7 63 18 47 62 80 96 73 85 89 66 3
34 70 60 65 55 59 49 54 44 77 80 28 80 72 93 10 1 28 20 63 72 2
35 64 54 101 91 37 27 74 64 92 67 1 44 81 47 45 27 6 18 89 38 3
36 51 41 74 64 96 86 11 1 98 83 36 4 79 86 76 96 93 4 48 39 4
37 81 71 17 7 54 44 90 80 86 2 27 35 77 43 52 86 44 76 42 5 2
38 92 82 59 49 25 15 100 90 71 75 8 22 37 99 46 8 13 52 91 67 4
39 44 34 32 22 29 19 17 7 42 55 42 11 44 53 89 7 21 11 34 15 4
40 103 93 110 100 16 6 23 13 17 41 56 39 66 16 4 59 25 45 78 25 4
41 60 50 56 46 53 43 49 39 24 56 48 82 47 35 53 17 7 21 32 20 2
42 70 60 36 26 95 85 61 51 87 46 23 53 69 48 1 41 50 93 21 26 1
43 109 99 70 60 30 20 83 73 20 44 81 49 86 95 68 72 46 14 57 66 4
44 58 48 109 99 67 57 18 8 83 72 61 10 18 66 92 33 98 79 76 29 2
45 86 76 39 29 83 73 36 26 10 63 27 55 61 99 20 77 24 50 45 69 1
46 93 83 67 57 50 40 24 14 10 13 9 1 64 77 25 52 71 39 100 17 3
47 18 8 103 93 95 85 88 78 98 50 62 86 50 5 17 55 57 30 76 10 4
48 11 1 29 19 48 38 66 56 24 20 36 81 71 94 12 53 16 34 79 100 1
49 39 29 84 74 28 18 73 63 84 62 42 31 33 89 24 41 75 52 41 85 3
