4 50
514 536 582 505 
0 71 80 90 98 22 17 33 35 72 42 89 44 10 92 63 70 31 62 27 73 2
1 53 52 79 87 26 29 73 64 9 100 49 40 76 68 33 78 54 42 71 9 2
2 53 46 17 17 92 87 56 58 94 63 38 81 15 92 16 1 62 12 41 43 4
3 23 27 74 74 31 28 69 75 48 100 55 41 32 64 31 10 35 74 54 13 3
4 27 36 86 79 19 29 86 80 86 73 34 80 95 62 53 95 19 77 56 5 4
5 103 94 58 48 105 95 52 49 67 47 5 41 47 33 1 16 64 95 61 3 1
6 62 65 83 92 20 26 62 53 61 82 52 78 79 3 83 62 56 60 70 97 3
7 89 80 19 18 59 57 89 95 88 41 42 4 96 48 92 50 56 35 38 51 3
8 53 61 38 36 1 2 79 69 6 75 90 72 66 20 87 61 95 27 78 9 1
9 87 90 38 45 81 91 45 46 19 53 79 61 14 60 35 2 6 78 10 25 3
10 13 12 62 58 90 97 39 43 39 76 72 54 9 69 83 16 75 39 72 3 1
11 104 99 10 10 22 20 28 31 28 36 23 97 48 96 14 100 5 63 13 74 2
12 64 68 21 19 68 61 4 12 76 30 85 16 28 10 19 16 5 71 76 66 3
13 99 100 41 39 76 85 18 24 65 29 37 59 20 42 33 46 67 65 50 72 2
14 11 1 28 35 58 62 88 96 71 66 61 22 100 88 67 50 13 78 78 27 3
15 49 53 65 75 81 90 5 12 4 32 7 35 40 35 37 50 28 82 72 39 3
16 70 65 55 52 46 38 23 17 9 45 88 67 69 65 100 32 41 37 83 9 4
17 93 100 77 87 88 81 80 76 12 32 80 22 24 60 8 24 90 33 69 98 4
18 21 29 50 52 71 66 79 89 5 38 54 21 48 77 63 62 3 83 95 75 4
19 37 38 10 5 78 79 51 46 47 8 58 40 8 42 9 48 56 91 25 84 4
20 81 81 94 88 86 94 1 1 77 47 34 99 13 50 67 31 71 68 15 7 4
21 12 8 69 74 31 33 109 99 49 26 69 19 61 49 41 96 23 22 77 19 4
22 78 80 28 31 97 89 47 40 71 53 50 66 76 28 97 14 38 95 99 95 4
23 67 63 39 37 19 20 12 2 8 69 78 76 87 48 54 46 35 13 63 44 4
24 31 21 48 39 65 58 82 76 44 40 44 69 8 99 20 64 85 84 92 73 4
25 11 20 37 35 58 57 63 72 4 43 27 8 95 90 84 52 86 62 74 96 1
26 56 50 92 85 26 27 62 62 62 3 71 94 61 58 64 4 18 100 62 78 1
27 11 12 58 50 99 89 25 27 1 67 55 58 34 33 4 11 93 60 94 46 4
28 16 26 52 48 67 71 95 93 80 23 92 18 54 80 46 25 54 57 28 92 1
29 15 19 100 98 69 68 46 39 85 69 99 94 94 87 48 33 1 83 70 16 2
30 12 22 57 52 89 83 13 13 42 98 97 36 44 51 3 99 83 19 89 30 3
31 74 84 78 70 61 57 28 35 27 46 74 37 15 11 25 92 78 25 11 58 2
32 17 12 38 42 67 73 9 3 48 68 26 86 80 39 47 88 92 44 57 56 4
33 15 5 91 96 86 78 70 69 97 27 47 13 7 25 36 93 37 90 69 71 2
34 82 72 68 71 75 69 61 68 27 22 86 12 75 84 71 12 53 85 4 62 4
35 101 97 40 32 48 58 95 93 22 77 80 10 35 78 7 48 4 57 65 87 3
36 35 36 26 19 94 93 85 76 100 38 35 99 28 91 92 11 59 52 17 48 2
37 65 65 22 31 92 98 62 64 23 90 53 56 86 24 61 14 69 81 76 93 2
38 28 24 59 59 6 1 37 36 77 21 27 41 3 30 53 11 45 26 85 72 1
39 34 31 81 89 51 48 1 6 20 5 48 20 48 23 58 58 78 17 67 94 2
40 24 19 96 94 66 68 51 43 18 99 45 59 35 18 11 12 28 85 85 82 4
41 83 90 57 64 54 47 28 21 67 25 42 9 72 84 93 37 71 66 10 44 1
42 93 94 52 53 19 19 86 78 40 72 61 72 9 64 71 83 11 24 5 1 3
43 17 10 35 32 69 63 95 93 18 21 88 10 21 22 62 19 3 31 46 21 3
44 6 11 97 90 67 68 37 47 64 99 61 86 85 97 50 41 67 1 30 25 2
45 43 43 36 37 37 40 38 42 1 20 38 69 94 83 54 99 14 63 38 41 1
46 104 98 40 36 65 75 14 5 32 71 27 47 93 10 10 42 76 1 41 9 1
47 76 74 65 56 35 31 11 13 18 93 17 37 100 95 68 55 41 1 73 85 1
48 103 99 29 30 71 68 105 99 70 21 37 12 40 49 89 7 52 45 98 21 4
49 1 8 25 19 39 29 45 40 97 40 94 41 60 97 33 17 61 17 66 87 4
