4 50
522 504 505 531 
0 12 74 89 92 73 11 50 29 3 28 24 17 56 88 93 11 36 25 12 94 1
1 73 58 81 1 98 35 6 78 35 58 84 20 21 18 97 71 100 56 96 72 2
2 30 92 31 63 39 33 40 4 49 74 66 24 95 60 78 100 41 62 3 74 1
3 74 29 59 76 35 22 12 77 32 89 21 36 98 4 50 36 51 26 4 59 1
4 64 74 40 25 9 75 77 18 52 26 1 32 68 14 12 54 10 37 25 6 4
5 87 48 96 94 4 49 5 95 94 1 49 46 74 76 43 59 74 28 45 36 3
6 24 27 72 54 21 80 69 15 19 95 60 47 72 40 65 68 79 31 70 4 4
7 62 98 2 36 43 75 75 13 23 46 14 43 51 97 18 19 21 34 91 10 1
8 13 47 73 14 26 80 78 47 30 81 59 72 45 40 38 74 19 5 71 26 2
9 65 12 33 67 94 21 62 68 89 50 57 4 96 10 4 7 26 54 17 22 3
10 73 74 58 20 50 59 35 5 39 4 36 67 12 65 78 51 88 67 41 33 3
11 73 17 46 28 10 38 83 49 63 38 94 6 32 37 65 47 58 12 48 28 1
12 81 58 42 1 94 51 55 94 46 87 67 23 7 31 16 25 57 83 10 82 3
13 12 22 53 61 93 7 34 54 63 70 8 82 94 28 57 26 44 57 35 38 1
14 25 75 98 1 70 36 43 62 84 73 85 37 26 95 7 90 97 67 24 62 3
15 30 3 83 17 35 40 80 62 84 66 37 2 23 68 16 32 8 73 3 58 3
16 16 19 69 6 13 84 66 71 32 36 83 29 21 92 41 48 27 60 85 79 2
17 32 38 69 25 5 19 42 14 43 10 80 69 64 42 19 65 98 63 18 21 1
18 77 59 13 74 50 96 86 19 8 39 61 65 87 39 91 55 71 24 22 92 1
19 60 44 48 11 45 85 33 52 19 27 62 56 42 34 9 58 30 49 27 60 2
20 96 27 92 34 89 40 85 47 27 65 66 65 60 98 86 87 80 70 94 52 4
21 65 46 18 12 78 79 39 37 63 27 3 29 65 81 73 3 79 54 5 100 4
22 54 38 7 89 51 47 4 98 8 24 41 66 39 87 82 19 55 33 88 9 2
23 66 57 59 31 43 14 36 88 26 87 62 48 72 81 38 75 80 14 96 95 2
24 99 75 52 93 96 12 41 30 85 70 86 28 9 58 33 33 21 3 14 18 2
25 93 46 57 61 30 83 94 98 70 5 51 22 62 80 82 1 5 16 38 72 4
26 62 32 91 75 11 9 40 52 6 89 38 42 91 1 89 93 52 26 97 56 4
27 38 62 6 100 67 31 35 69 89 83 47 33 11 16 15 64 69 4 11 74 3
28 76 8 89 30 1 53 6 75 68 91 85 26 75 54 12 54 23 25 34 47 3
29 79 17 87 88 4 58 12 37 80 61 63 16 30 95 35 15 32 68 34 26 2
30 79 84 44 14 16 45 81 75 42 87 28 2 46 54 16 52 70 79 55 19 3
31 10 2 43 88 67 75 100 53 7 1 6 99 26 70 47 25 24 30 8 75 3
32 34 86 63 16 91 47 28 77 61 8 30 79 91 8 25 58 42 29 40 14 3
33 29 83 66 66 10 56 55 47 2 34 16 17 91 79 31 96 68 89 6 61 4
34 30 54 86 53 35 51 91 50 15 18 37 49 18 39 63 80 53 36 8 75 3
35 31 31 100 66 60 92 29 27 1 87 41 6 39 1 83 61 53 5 76 12 3
36 55 98 92 81 20 55 57 38 3 45 81 38 32 43 87 1 45 77 1 61 2
37 21 79 74 45 34 12 87 78 41 33 64 90 16 53 39 16 60 32 56 71 2
38 57 50 9 93 54 27 6 70 39 52 6 5 94 79 7 79 14 57 32 57 3
39 22 73 86 31 43 82 7 40 24 32 66 58 61 60 81 65 80 56 99 42 3
40 62 45 67 20 63 94 68 69 86 73 4 4 62 5 64 80 31 81 77 97 1
41 88 40 52 22 17 97 81 79 65 31 5 9 12 30 85 27 7 51 59 4 1
42 80 64 16 31 45 89 73 48 23 91 12 30 42 73 8 3 65 25 39 96 3
43 97 48 42 70 86 1 31 23 4 44 45 37 59 63 50 34 12 91 28 1 3
44 77 77 93 56 2 34 10 13 19 11 63 67 7 80 69 96 91 51 63 60 1
45 49 97 62 99 74 94 87 96 7 11 1 6 65 70 21 30 52 77 19 35 1
46 79 56 59 94 40 33 20 71 99 13 45 58 54 54 25 17 52 89 95 87 1
47 47 84 31 66 8 41 92 23 80 5 29 52 43 21 70 7 19 1 79 95 2
48 35 33 47 64 68 2 88 33 95 44 81 4 99 14 81 65 50 23 35 26 2
49 28 50 4 69 89 79 65 90 100 19 64 34 8 75 94 97 14 79 42 25 2
