4 50
1161 1252 1274 1183 
0 58 48 76 66 95 85 13 3 51 85 90 51 65 85 73 16 49 78 97 18 3
1 20 10 105 95 81 71 58 48 8 73 17 68 86 100 37 20 33 25 27 48 1
2 26 16 69 59 103 93 46 36 70 53 23 19 45 3 46 33 23 43 50 1 2
3 37 27 53 43 62 52 78 68 47 49 71 44 94 81 10 43 93 96 59 58 1
4 40 30 11 1 81 71 52 42 55 73 84 74 95 68 9 81 25 94 98 56 4
5 102 92 103 93 11 1 12 2 6 43 24 81 35 56 62 71 96 55 66 99 2
6 37 27 92 82 38 28 85 75 96 74 72 54 56 42 8 22 95 66 27 17 1
7 94 84 79 69 55 45 32 22 19 28 81 95 84 40 51 9 36 23 61 80 3
8 106 96 49 39 99 89 50 40 97 33 6 87 51 83 3 98 4 94 64 86 1
9 48 38 24 14 93 83 61 51 14 26 33 79 28 38 29 91 85 24 31 83 3
10 92 82 38 28 93 83 39 29 73 76 17 11 30 54 96 63 100 48 61 31 4
11 27 17 36 26 44 34 53 43 14 83 41 47 97 91 96 99 71 65 37 10 4
12 107 97 42 32 68 58 95 85 31 53 93 46 67 35 81 97 55 64 79 11 2
13 108 98 64 54 13 3 61 51 53 51 93 48 63 28 3 6 97 17 26 69 3
14 14 4 52 42 91 81 29 19 23 5 65 80 36 75 47 14 29 26 72 18 2
15 54 44 86 76 27 17 67 57 59 10 59 99 69 9 71 76 100 81 26 36 3
16 63 53 38 28 104 94 71 61 82 58 84 54 22 16 18 35 73 31 43 62 2
17 13 3 73 63 26 16 78 68 6 76 63 47 68 99 12 86 34 99 17 74 1
18 28 18 75 65 29 19 84 74 38 25 96 86 6 50 99 40 31 79 10 37 4
19 21 11 89 79 58 48 18 8 44 38 21 21 84 29 54 20 21 16 85 20 1
20 78 68 16 6 63 53 101 91 28 10 96 10 94 58 38 15 35 98 32 32 4
21 13 3 98 88 90 80 75 65 96 23 30 63 92 6 89 63 34 80 48 68 2
22 21 11 32 22 42 32 53 43 36 5 34 53 37 72 59 43 82 89 63 98 1
23 77 67 42 32 14 4 87 77 80 10 84 87 36 86 65 97 39 99 79 24 4
24 98 88 41 31 91 81 34 24 73 84 40 66 16 22 13 43 52 19 4 95 3
25 45 35 106 96 66 56 27 17 89 94 2 40 66 42 41 65 79 37 36 20 3
26 22 12 69 59 15 5 54 44 100 28 59 1 20 15 92 82 66 24 66 14 2
27 76 66 17 7 57 47 106 96 35 33 86 16 66 82 17 45 3 85 65 30 2
28 31 21 65 55 100 90 26 16 98 70 62 15 4 39 50 95 94 58 43 39 1
29 33 23 106 96 78 68 43 33 93 13 51 64 24 22 80 48 13 46 10 23 4
30 71 61 93 83 16 6 38 28 13 92 12 92 85 67 52 85 79 65 7 6 2
31 58 48 11 1 55 45 108 98 60 87 87 1 47 58 86 73 41 48 86 53 3
32 39 29 26 16 104 94 91 81 89 22 91 6 51 46 71 83 35 15 27 67 4
33 24 14 69 59 21 11 66 56 75 54 52 29 89 81 52 47 83 13 77 46 3
34 98 88 93 83 87 77 82 72 58 78 88 15 54 48 42 11 77 88 96 1 3
35 32 22 69 59 105 95 42 32 50 66 81 88 94 14 46 51 41 82 84 89 3
36 19 9 42 32 56 46 79 69 51 17 8 29 94 85 76 95 74 53 7 54 1
37 57 47 93 83 30 20 66 56 61 52 40 43 9 2 41 11 70 66 91 70 4
38 60 50 35 25 101 91 68 58 98 49 10 76 75 5 95 12 64 47 100 64 1
39 64 54 60 50 49 39 45 35 60 41 74 14 90 80 88 43 11 37 97 73 1
40 43 33 50 40 56 46 63 53 10 5 66 87 33 64 52 94 95 11 14 31 2
41 68 58 64 54 61 51 57 47 22 64 52 5 33 10 31 31 19 16 61 69 1
42 102 92 68 58 35 25 93 83 8 4 26 62 90 12 71 2 1 20 76 95 1
43 105 95 58 48 18 8 79 69 50 78 79 59 19 100 58 5 99 86 40 71 3
44 66 56 17 7 75 65 26 16 2 88 56 39 33 54 40 47 9 83 27 18 3
45 74 64 27 17 79 69 24 14 89 37 73 39 20 47 17 44 12 36 8 1 2
46 85 75 67 57 42 32 24 14 69 87 90 52 100 92 9 19 58 24 12 7 2
47 82 72 67 57 59 49 52 42 77 47 93 36 42 52 35 12 20 29 29 49 4
48 63 53 81 71 100 90 18 8 68 44 41 37 17 27 4 6 31 99 75 48 3
49 23 13 68 58 12 2 57 47 77 55 81 94 30 16 68 46 73 14 11 45 1
