4 50
1305 1307 1364 1308 
0 95 94 6 12 25 31 57 49 47 86 65 3 44 11 71 40 31 77 25 77 1
1 24 22 71 65 97 99 44 42 69 12 34 17 51 3 40 68 32 3 52 56 2
2 1 4 78 75 40 45 17 16 26 18 3 27 4 48 95 12 99 28 27 56 4
3 27 25 73 80 22 26 81 81 47 50 69 3 30 10 40 86 29 86 28 35 2
4 59 54 105 97 51 47 97 98 83 68 70 86 47 78 86 47 42 63 68 12 2
5 33 24 88 78 27 25 82 79 86 51 12 78 82 48 32 48 59 78 73 63 1
6 53 47 82 74 103 100 24 27 52 45 6 70 34 17 65 70 33 35 74 47 1
7 11 6 49 44 81 83 19 21 12 33 70 88 97 72 40 12 22 67 19 70 3
8 74 83 59 58 15 24 100 91 40 100 17 36 55 19 18 74 28 56 56 84 4
9 42 36 77 83 28 37 92 84 5 83 50 88 67 59 7 19 29 56 55 45 2
10 96 90 37 28 73 75 14 13 36 82 87 76 21 54 72 42 20 47 31 69 2
11 50 45 56 56 68 66 82 77 100 2 98 86 38 4 54 81 87 75 85 72 1
12 1 6 46 49 93 99 42 42 86 79 68 88 16 59 85 75 98 30 12 98 4
13 102 94 31 41 71 79 21 26 88 25 17 88 18 88 35 66 35 37 50 78 3
14 43 51 73 77 11 12 41 38 56 8 84 97 55 86 63 52 33 72 12 45 4
15 44 47 60 69 84 92 21 14 78 45 86 27 32 20 57 35 80 35 41 70 2
16 104 99 89 86 80 72 57 51 41 49 30 74 54 53 15 100 1 98 75 43 2
17 85 86 77 81 67 75 72 62 46 60 15 42 41 49 48 91 13 96 41 13 3
18 75 83 96 98 25 20 33 43 15 51 66 66 28 55 21 8 38 18 49 20 2
19 107 100 67 75 48 41 1 8 83 56 1 84 67 74 1 15 57 1 4 74 3
20 48 43 40 50 45 48 58 55 85 91 82 94 42 94 29 38 98 45 2 4 1
21 21 22 78 88 40 47 18 13 71 43 35 47 27 83 48 91 30 66 76 40 2
22 71 78 21 29 90 87 40 38 21 28 13 2 67 98 86 27 5 89 5 52 4
23 49 41 13 15 93 98 65 72 88 67 90 60 54 16 35 61 22 87 94 1 1
24 69 59 86 77 103 96 20 14 4 75 97 99 2 22 69 75 73 16 17 64 4
25 102 98 15 21 28 35 54 50 40 52 93 36 28 54 53 31 8 60 51 4 4
26 28 36 72 79 6 13 63 56 25 92 41 55 54 7 84 98 59 81 100 78 3
27 10 10 49 48 69 79 16 17 55 89 53 59 47 99 85 97 49 75 96 71 3
28 14 24 50 46 65 69 101 91 21 55 3 59 12 78 97 69 56 87 13 19 4
29 2 9 71 80 56 58 25 29 86 37 10 66 95 45 86 69 70 59 65 74 3
30 25 24 41 46 73 77 1 7 86 73 53 39 40 86 42 97 7 84 62 75 4
31 96 86 71 64 54 51 29 37 19 96 95 84 38 65 91 96 49 40 79 2 4
32 53 62 95 92 24 23 45 53 53 16 74 67 39 83 21 33 27 79 67 58 4
33 52 43 28 26 10 16 99 99 66 55 40 64 50 36 77 19 87 30 5 51 3
34 14 22 21 21 28 19 27 18 55 10 66 31 100 89 98 39 14 82 20 67 1
35 79 71 5 6 34 32 60 67 3 49 17 53 36 69 23 91 96 45 32 70 2
36 31 30 22 13 90 87 60 70 47 26 60 58 42 22 82 75 45 100 12 69 3
37 6 7 76 73 33 40 3 6 88 32 48 16 53 20 40 59 41 30 87 16 1
38 50 42 68 77 15 19 46 54 40 52 2 66 11 32 40 7 10 100 25 80 4
39 57 57 17 15 66 74 26 24 94 37 91 95 76 78 95 92 78 70 35 45 2
40 68 61 40 36 10 10 95 85 4 23 63 39 66 18 17 86 27 43 19 58 3
41 18 28 1 10 76 85 58 67 56 41 10 77 50 55 75 28 74 69 58 88 1
42 63 72 30 31 97 97 56 56 2 46 77 93 16 46 24 100 7 70 36 6 3
43 96 100 22 30 69 61 87 83 27 11 31 75 31 95 2 28 77 27 18 11 2
44 54 49 24 28 15 6 85 85 18 17 93 62 62 47 41 78 16 30 99 82 3
45 65 65 66 67 59 62 60 64 84 71 41 50 66 82 54 52 6 48 96 13 2
46 89 88 17 18 55 57 99 95 52 17 18 70 75 75 1 33 80 17 95 77 3
47 35 44 16 18 1 1 75 75 12 56 49 43 90 27 46 24 90 38 24 15 1
48 86 85 20 16 54 54 88 85 59 95 100 63 55 38 86 63 48 53 75 91 4
49 64 58 70 69 84 79 90 90 13 41 37 94 49 65 47 9 92 33 44 26 1
