4 50
1199 1193 1404 1264 
0 52 14 29 32 5 51 82 69 99 8 19 79 75 90 47 49 98 26 24 29 1
1 49 82 65 17 74 59 90 94 96 100 54 68 32 84 93 17 45 57 64 14 4
2 94 60 3 31 3 1 12 80 61 28 32 67 71 58 58 86 86 91 86 48 3
3 38 25 15 80 91 26 76 73 74 80 25 5 51 54 75 74 9 81 81 60 2
4 24 98 92 49 69 99 37 42 12 83 18 49 79 51 5 43 58 40 9 92 3
5 71 76 72 22 80 77 89 23 6 89 63 77 89 37 24 9 2 67 94 64 2
6 52 3 8 30 57 56 5 83 40 41 2 16 58 9 8 85 38 42 97 36 3
7 54 70 86 8 27 47 59 85 34 32 48 83 68 11 18 21 73 86 62 81 4
8 9 95 69 62 22 28 74 95 71 27 14 77 64 27 12 19 10 90 51 38 3
9 61 56 29 3 98 57 58 12 75 61 47 3 91 39 17 94 8 97 78 40 3
10 5 82 98 20 82 67 75 5 96 11 55 60 21 66 81 40 8 6 3 63 1
11 37 29 10 40 74 50 47 61 14 58 6 1 40 97 30 85 77 86 59 26 4
12 85 2 46 53 98 95 59 46 67 18 85 85 6 19 27 42 62 99 2 63 1
13 4 46 53 85 93 31 34 78 50 43 65 94 62 69 64 16 35 98 82 44 3
14 53 95 18 29 90 56 63 90 74 55 47 99 63 47 72 72 30 57 21 4 3
15 18 15 63 37 15 60 68 74 43 60 88 2 39 87 82 47 90 100 39 97 4
16 40 15 85 94 37 80 82 67 6 99 80 38 6 97 83 55 74 64 81 45 2
17 84 54 21 49 57 35 94 30 59 85 64 99 41 16 21 72 95 99 18 6 4
18 37 31 73 54 10 68 46 91 7 55 90 9 17 79 45 35 65 31 59 8 4
19 60 32 56 99 45 65 41 40 20 81 50 36 71 21 55 4 59 21 55 85 2
20 48 71 44 70 41 76 37 83 67 76 12 26 82 41 14 84 50 60 12 39 1
21 81 10 42 68 2 35 55 1 73 41 69 91 83 80 74 66 34 22 49 50 1
22 34 18 87 69 39 27 84 78 30 7 39 39 19 37 2 92 27 100 99 51 2
23 78 13 63 95 55 78 48 52 15 8 81 57 12 50 63 55 94 62 97 84 4
24 11 31 56 49 100 68 45 86 79 33 35 77 63 12 50 79 17 57 53 4 3
25 49 66 21 81 86 95 58 10 77 76 46 24 64 50 79 60 64 60 53 43 4
26 98 72 19 7 47 49 76 84 16 33 97 62 53 8 20 42 18 9 68 75 4
27 42 14 10 44 79 83 39 21 96 91 81 58 51 48 93 14 41 53 66 44 1
28 36 16 41 38 53 61 66 83 59 49 35 73 12 16 39 59 28 11 49 2 3
29 63 17 71 88 88 58 96 29 48 69 15 3 99 86 4 65 31 70 21 8 2
30 27 64 100 94 64 25 37 55 49 87 43 23 24 67 14 30 66 7 80 19 4
31 98 66 31 44 63 31 88 17 12 11 83 63 15 1 15 3 31 45 53 67 3
32 10 14 39 44 67 75 4 5 32 40 42 94 5 19 1 4 74 46 4 17 1
33 5 67 50 58 94 40 39 31 70 54 49 30 62 83 27 19 81 96 66 13 2
34 34 10 90 9 47 7 3 6 3 84 82 80 38 45 21 68 59 79 22 18 4
35 87 75 56 10 16 44 85 71 37 13 9 91 13 8 37 98 18 35 34 22 3
36 55 78 92 53 20 35 57 18 35 28 41 93 27 12 52 17 11 29 94 89 4
37 65 55 18 21 78 88 31 54 31 23 83 100 84 63 21 61 25 55 98 6 2
38 29 14 73 57 26 91 70 34 63 33 32 99 9 74 14 100 35 98 8 6 2
39 70 65 34 23 99 82 63 40 97 32 52 14 11 72 93 55 51 99 78 26 2
40 54 81 59 56 55 30 60 13 63 32 38 51 34 47 23 20 80 6 84 57 1
41 96 72 52 54 17 29 81 3 5 43 48 17 96 13 40 34 35 76 80 10 2
42 16 100 44 67 73 25 1 84 88 75 39 18 90 18 23 34 90 94 78 13 1
43 9 32 54 54 98 85 43 15 29 96 93 88 71 31 96 61 8 10 73 30 1
44 65 1 73 80 82 58 90 37 29 98 28 70 50 68 76 33 27 75 4 4 1
45 73 17 86 19 98 22 11 24 10 87 40 66 93 33 34 21 76 92 90 37 3
46 31 100 19 38 100 77 80 7 18 21 68 25 85 59 3 73 92 65 18 82 4
47 75 40 59 14 36 97 20 71 10 3 42 37 36 94 14 93 5 5 24 79 2
48 27 81 47 20 68 50 80 89 45 65 27 99 86 54 90 58 56 62 21 87 2
49 68 58 44 69 29 79 5 90 28 13 58 24 99 65 76 50 10 68 71 16 3
