4 50
436 585 472 529 
0 87 84 1 2 30 21 41 39 80 61 4 50 36 89 48 85 81 89 37 29 2
1 43 44 69 79 16 21 63 56 9 89 87 61 77 78 9 26 58 39 50 47 2
2 104 94 60 65 51 43 7 14 77 8 48 82 26 33 95 94 51 95 21 31 3
3 32 27 83 74 27 28 78 75 85 21 54 35 74 89 13 78 78 58 5 22 1
4 54 60 8 11 54 61 13 4 20 95 26 96 52 23 95 73 16 95 54 31 3
5 90 86 37 32 84 87 39 41 12 66 6 26 39 43 16 59 3 7 59 45 2
6 44 41 73 68 94 94 15 21 19 23 20 8 39 28 51 84 61 21 52 88 4
7 55 48 101 94 33 33 71 71 22 5 85 61 84 66 19 6 6 30 15 29 1
8 59 65 36 32 8 6 64 73 88 39 75 25 10 12 58 16 7 39 97 40 4
9 65 74 29 29 72 75 36 30 64 97 50 51 84 81 30 12 59 74 63 67 3
10 34 32 83 78 11 17 60 63 6 28 10 50 33 68 12 59 95 35 51 55 1
11 23 31 37 42 49 52 55 63 9 37 51 91 45 44 92 20 20 15 89 5 4
12 32 32 81 75 28 25 77 68 47 13 58 68 79 22 49 14 13 61 36 77 3
13 1 4 44 51 100 97 42 36 95 49 78 53 13 95 52 27 42 43 45 81 1
14 20 13 29 39 80 74 110 100 48 20 24 41 8 99 81 73 14 64 40 86 2
15 16 25 40 47 64 70 93 84 73 32 90 15 34 89 48 88 24 46 98 96 2
16 15 5 100 92 70 78 55 65 31 50 12 57 93 27 50 91 60 90 18 47 4
17 6 12 1 7 101 93 93 88 50 23 69 37 5 63 62 9 65 30 99 13 3
18 10 17 39 40 68 62 68 77 34 11 7 54 29 72 19 18 80 58 38 10 2
19 25 26 98 93 58 59 39 34 8 74 4 65 79 8 25 99 43 97 63 72 3
20 86 85 99 92 91 98 4 5 10 79 31 97 81 92 35 62 53 15 97 74 1
21 91 84 48 50 18 17 67 75 71 40 19 64 71 37 81 53 72 22 63 63 3
22 15 8 65 59 13 17 63 68 21 86 31 8 38 15 100 53 86 26 23 50 3
23 99 99 71 73 64 56 36 30 79 80 31 29 42 79 64 56 64 54 65 94 3
24 14 17 31 35 48 54 73 72 8 80 51 75 82 38 6 36 36 86 80 85 3
25 80 72 93 95 6 9 32 24 32 4 34 25 97 71 71 83 76 23 77 83 3
26 30 34 74 77 8 11 44 54 73 34 35 66 5 15 47 84 66 18 67 52 4
27 44 36 70 74 3 5 50 43 84 83 57 44 93 19 6 46 26 17 48 51 1
28 66 66 81 88 17 11 32 33 4 68 67 6 98 47 22 64 95 29 5 40 4
29 65 59 29 38 1 8 75 79 11 76 92 30 14 78 1 41 93 90 53 2 3
30 59 58 83 80 7 11 39 41 66 37 71 37 10 58 95 75 54 13 67 51 3
31 50 40 25 26 8 13 83 91 48 59 62 28 74 28 47 56 58 87 40 65 2
32 20 24 49 54 91 85 12 15 67 80 47 16 33 17 19 7 62 1 65 88 4
33 7 13 104 96 86 86 62 69 49 10 79 82 13 59 4 71 18 50 70 4 1
34 91 88 77 87 76 85 83 84 32 69 58 60 39 92 19 28 53 95 55 36 2
35 1 1 37 36 53 62 92 97 34 100 61 98 16 88 54 98 88 80 77 12 3
36 68 64 46 47 27 21 1 4 67 72 47 20 81 45 29 96 71 14 47 30 2
37 86 93 56 59 34 26 83 92 1 8 29 87 24 89 46 1 68 65 63 77 1
38 93 92 40 35 79 77 18 12 57 63 49 5 30 87 71 74 84 67 43 81 3
39 9 11 69 69 18 28 86 86 76 73 76 4 11 100 65 74 24 6 33 85 2
40 1 3 84 78 54 52 26 27 67 90 12 81 99 62 9 20 50 60 97 4 3
41 30 34 12 16 101 91 83 73 89 38 70 90 26 35 62 67 57 62 83 43 3
42 11 18 78 77 45 43 4 2 50 56 1 69 94 19 71 85 64 26 35 60 1
43 86 78 104 100 30 31 48 53 49 4 62 85 27 31 33 40 86 65 36 29 2
44 73 63 43 42 13 20 104 99 27 35 31 95 39 21 50 58 13 69 83 36 4
45 22 27 23 29 24 32 25 34 36 68 30 87 36 36 54 63 62 56 62 12 2
46 23 22 59 60 89 91 25 29 48 86 54 74 7 16 41 44 58 67 27 10 3
47 17 10 85 92 84 75 44 49 46 86 13 70 45 40 64 89 10 97 43 24 3
48 51 55 85 94 19 24 61 63 75 95 75 59 50 21 31 12 84 25 10 67 4
49 17 8 23 19 37 29 43 40 75 70 100 97 53 31 14 28 9 58 67 51 4
