4 50
447 513 552 477 
0 44 54 63 72 95 91 6 9 62 62 31 78 74 18 86 76 61 43 67 81 3
1 1 6 46 41 85 75 19 18 88 29 72 83 16 8 98 54 29 79 64 8 2
2 31 28 16 7 78 77 55 48 92 50 72 39 19 71 5 88 83 84 59 50 1
3 26 29 77 76 21 30 72 77 77 64 52 40 34 52 91 65 21 16 63 21 2
4 32 22 78 73 24 23 78 74 96 42 53 87 31 69 4 72 23 59 71 8 4
5 99 96 54 50 101 97 56 51 5 35 96 50 33 25 98 89 33 38 33 26 2
6 83 79 12 6 33 32 54 59 87 7 42 71 79 2 14 65 17 46 19 20 3
7 29 34 80 72 28 19 66 57 70 19 29 37 64 7 62 92 22 24 57 27 3
8 35 35 20 10 84 76 40 43 45 8 59 48 42 83 98 7 72 37 4 31 1
9 88 92 52 47 95 93 38 48 80 63 67 79 39 11 38 46 62 98 13 77 1
10 88 82 37 28 65 67 14 13 35 24 28 96 16 85 6 31 37 47 7 43 4
11 40 41 46 52 58 62 72 73 66 12 8 66 99 100 19 80 90 80 37 59 2
12 51 54 100 97 47 47 96 90 37 55 9 25 89 18 99 85 77 87 72 69 2
13 66 70 16 17 56 55 1 2 61 31 72 95 80 4 81 27 93 88 88 31 4
14 18 23 56 57 86 84 16 18 12 27 66 99 66 86 2 30 65 9 46 54 3
15 42 35 66 57 74 72 98 94 64 83 100 67 67 19 24 27 53 16 35 86 1
16 6 3 99 90 82 76 54 63 59 21 59 91 38 97 8 40 17 41 80 4 4
17 70 70 62 65 44 51 36 46 100 90 29 44 74 12 76 54 8 12 4 12 1
18 8 11 29 26 58 48 58 63 28 86 37 51 21 5 98 51 66 38 40 67 1
19 11 12 79 87 52 53 20 28 38 65 99 33 100 43 69 40 63 20 89 80 4
20 12 7 1 6 9 12 22 19 4 100 23 44 47 11 30 98 94 49 87 38 4
21 66 66 28 24 85 91 63 57 83 65 86 80 12 9 66 16 25 91 66 75 4
22 103 98 45 49 1 7 51 58 90 53 40 31 88 49 7 14 61 1 4 46 4
23 84 77 64 59 36 34 8 16 51 13 23 1 35 29 83 94 88 69 92 85 4
24 99 95 16 13 33 32 50 50 22 76 1 4 33 46 76 47 17 100 52 82 3
25 76 86 10 1 15 15 28 30 87 39 35 41 99 13 92 70 44 5 19 17 2
26 4 4 32 39 74 81 10 16 39 97 55 59 41 50 44 30 35 90 11 96 2
27 66 58 105 96 33 35 64 65 49 49 44 55 36 23 60 5 88 46 23 51 2
28 10 16 46 38 61 61 76 83 77 28 30 67 86 44 19 2 90 57 12 42 4
29 15 9 79 88 48 58 25 29 65 66 94 71 71 95 85 71 30 24 32 82 1
30 45 44 77 74 1 5 25 27 64 69 45 66 66 93 47 52 79 55 32 69 1
31 32 22 15 8 90 95 65 73 38 4 61 76 45 57 92 70 46 44 22 86 3
32 46 42 67 72 9 3 38 33 75 93 14 36 27 44 17 76 59 18 75 90 2
33 57 51 41 42 15 24 20 15 14 95 78 84 27 78 77 11 4 16 43 33 2
34 68 66 67 65 53 63 60 62 88 17 6 64 82 10 64 38 3 100 94 36 4
35 32 27 50 54 87 88 5 15 88 55 44 10 23 60 33 29 24 34 98 54 1
36 61 58 23 33 20 15 82 90 22 45 41 22 81 100 76 72 53 50 88 64 3
37 40 31 89 97 67 64 37 30 76 93 41 71 88 88 10 83 10 97 85 86 2
38 84 78 23 13 62 55 88 98 72 22 68 45 6 25 50 1 11 48 93 50 4
39 60 57 7 15 77 74 24 32 1 86 33 40 28 95 39 85 33 41 68 33 3
40 21 17 101 100 71 74 56 49 46 1 54 34 93 12 20 84 37 23 74 64 3
41 12 4 86 78 70 61 36 35 91 38 57 79 68 8 98 75 6 91 18 37 3
42 45 36 104 95 58 61 17 20 51 64 1 35 3 35 43 43 81 28 87 11 1
43 13 16 39 46 78 69 104 99 16 30 96 78 39 61 53 20 91 69 2 54 4
44 15 25 6 4 76 82 67 61 46 17 64 56 2 95 9 35 28 1 54 47 2
45 39 45 40 39 41 42 42 44 51 5 70 65 11 17 11 67 56 36 87 45 3
46 52 44 88 82 18 13 54 51 94 78 67 77 32 97 34 94 79 41 88 84 4
47 94 88 70 70 53 45 29 27 86 54 11 28 54 36 39 56 61 5 84 68 1
48 39 37 73 68 99 98 41 37 26 25 32 15 99 41 48 5 62 42 83 12 4
49 59 58 65 69 79 79 85 90 46 77 18 40 90 69 10 95 98 91 24 80 4
