4 50
1215 1267 1232 1280 
0 38 40 15 58 91 77 76 95 93 46 22 29 15 55 57 56 64 40 49 67 4
1 7 28 15 71 32 5 40 48 65 31 76 76 82 18 59 10 13 72 6 48 1
2 76 78 85 49 85 19 94 90 86 64 44 31 1 17 31 70 37 32 5 63 4
3 24 23 1 78 77 24 54 79 8 66 46 84 62 48 2 36 87 65 24 95 3
4 34 4 10 55 79 5 55 56 58 63 9 93 1 45 82 40 17 42 74 91 3
5 37 66 46 20 54 75 63 21 43 70 94 98 66 89 23 9 20 7 27 93 1
6 50 97 6 24 55 50 3 77 42 69 38 100 65 15 29 45 83 69 36 23 3
7 100 8 40 46 81 85 13 23 93 31 85 65 63 37 53 34 35 100 56 48 3
8 91 13 43 88 4 54 56 21 15 8 51 95 72 45 90 92 10 86 72 95 2
9 3 54 71 1 32 55 100 2 73 92 77 71 80 81 12 17 96 21 85 29 4
10 51 12 44 50 28 97 21 35 66 84 74 98 8 47 12 74 4 29 76 77 2
11 63 87 28 98 100 8 65 19 87 100 4 4 83 28 75 84 13 48 47 83 1
12 43 16 4 67 64 9 25 60 62 85 20 21 66 81 39 14 34 95 31 39 3
13 34 76 83 15 23 61 64 100 58 44 37 90 1 94 76 67 70 9 95 62 3
14 71 73 36 7 8 34 81 68 3 1 51 37 93 46 14 49 61 55 37 35 1
15 16 33 69 55 13 78 66 100 63 44 20 33 42 11 30 71 69 45 95 13 3
16 46 69 99 56 43 42 88 29 57 85 40 74 41 27 49 51 14 38 63 48 4
17 38 84 75 71 11 65 48 60 94 78 70 88 5 41 32 56 99 12 62 56 2
18 91 57 27 72 64 94 100 17 30 44 29 76 51 12 18 45 90 12 100 27 2
19 90 50 86 17 75 91 71 58 80 16 20 20 73 44 27 56 59 6 20 63 3
20 62 45 58 52 55 58 51 65 8 81 55 53 22 3 23 19 32 34 100 38 4
21 47 52 8 10 68 77 29 43 82 20 55 99 26 86 26 94 15 63 47 36 1
22 40 100 85 51 37 9 90 60 37 33 91 79 46 3 90 32 81 97 42 66 1
23 16 99 1 81 93 56 86 38 8 90 35 11 35 3 24 59 47 35 2 61 2
24 25 57 70 75 22 94 67 12 44 45 35 4 24 95 45 73 95 96 57 49 3
25 75 8 47 23 12 37 84 52 46 59 30 49 56 36 5 2 18 82 1 43 3
26 92 18 21 53 41 95 70 30 65 15 15 59 81 28 74 3 68 94 90 6 4
27 84 68 52 6 13 37 81 75 56 60 44 38 69 85 39 86 23 93 54 19 1
28 86 26 99 48 11 71 24 93 77 89 87 78 44 87 37 3 19 48 65 18 1
29 13 27 29 98 38 68 54 39 6 69 54 90 16 60 79 29 26 26 22 89 3
30 53 50 26 80 90 3 63 33 77 28 86 85 20 81 37 3 45 40 7 89 4
31 84 28 9 14 41 93 74 79 84 9 5 87 70 58 20 80 38 77 69 35 4
32 80 92 9 22 45 53 74 83 90 46 38 24 48 4 34 70 21 65 17 28 4
33 43 21 80 4 24 94 69 77 80 53 79 26 58 38 66 45 80 30 51 30 4
34 16 16 72 15 21 13 77 12 14 49 75 28 13 13 13 89 4 90 98 38 3
35 37 53 98 88 58 14 27 49 1 94 34 74 61 21 59 45 57 90 31 90 2
36 25 56 62 39 90 21 27 96 30 11 100 9 72 1 76 18 59 33 24 32 4
37 39 89 92 55 52 22 5 88 44 18 60 89 9 69 96 8 44 38 69 85 1
38 27 60 79 95 24 37 76 72 39 95 100 73 86 65 70 45 98 8 68 1 4
39 20 39 84 89 41 48 5 6 25 100 20 59 27 32 89 75 27 78 94 74 2
40 44 75 49 58 53 32 50 7 30 28 48 70 63 3 14 11 81 66 85 32 4
41 46 58 2 40 67 15 31 97 16 11 56 3 50 72 58 30 61 6 14 53 1
42 94 58 22 17 51 83 79 42 20 100 53 60 73 20 47 15 82 93 78 69 2
43 31 26 76 48 20 79 65 1 9 32 58 15 51 29 20 81 26 20 7 72 2
44 23 87 31 66 40 44 48 23 40 45 6 5 78 42 99 45 66 1 49 69 3
45 23 15 36 17 48 20 61 14 14 45 51 17 52 54 54 3 10 90 38 100 2
46 9 54 89 92 70 31 50 69 99 75 13 37 12 25 10 31 80 80 70 75 1
47 53 26 37 100 14 83 98 57 99 70 31 38 52 85 69 26 87 11 59 95 3
48 61 51 81 82 94 20 14 51 58 9 25 58 76 23 64 95 83 47 67 63 3
49 54 8 30 19 15 29 91 40 57 85 76 74 87 49 62 83 57 99 44 8 2
