4 50
502 507 534 524 
0 26 16 44 34 63 53 81 71 89 33 19 95 18 48 64 83 79 44 68 53 2
1 76 66 53 43 29 19 14 4 97 89 36 85 76 28 49 63 10 3 57 10 2
2 94 84 29 19 63 53 106 96 83 74 80 41 4 5 33 81 64 76 59 90 2
3 69 59 85 75 94 84 110 100 74 70 51 62 88 17 93 1 58 33 56 68 4
4 68 58 47 37 17 7 88 78 80 49 43 64 40 43 79 8 16 43 66 8 4
5 94 84 103 93 103 93 12 2 16 11 39 59 95 76 63 33 48 34 92 88 1
6 33 23 88 78 34 24 89 79 8 15 8 51 67 97 66 87 41 48 47 76 3
7 110 100 87 77 71 61 48 38 43 18 56 47 74 80 66 89 28 71 51 86 2
8 38 28 89 79 31 21 82 72 56 24 38 25 7 89 4 22 80 76 15 4 3
9 108 98 76 66 45 35 21 11 48 96 74 48 29 79 62 99 27 6 74 78 2
10 40 30 94 84 41 31 95 85 39 84 58 42 75 96 76 14 61 4 69 97 2
11 27 17 28 18 36 26 45 35 57 81 98 42 59 23 7 63 24 9 71 53 2
12 83 73 110 100 36 26 63 53 45 63 23 69 51 27 16 47 4 18 98 63 1
13 48 38 96 86 45 35 101 91 76 89 92 73 13 66 31 39 56 60 30 70 3
14 86 76 24 14 63 53 109 99 78 68 93 41 28 5 41 69 63 79 24 36 3
15 78 68 18 8 51 41 91 81 21 84 3 84 87 51 8 84 47 86 57 27 2
16 23 13 90 80 56 46 23 13 59 43 70 59 89 17 55 49 33 73 56 26 1
17 65 55 17 7 78 68 30 20 19 37 87 55 87 91 95 66 74 48 27 28 1
18 52 42 107 97 61 51 108 98 26 44 62 86 12 49 22 70 47 86 2 42 2
19 53 43 13 3 82 72 42 32 63 92 57 26 59 29 53 83 97 41 59 67 3
20 110 100 48 38 95 85 33 23 88 82 92 56 53 3 31 11 11 70 15 35 1
21 49 39 34 24 26 16 11 1 97 91 72 51 94 61 44 17 25 66 75 5 1
22 81 71 92 82 102 92 13 3 95 35 87 26 14 63 67 84 71 71 44 2 1
23 105 95 70 60 42 32 107 97 69 62 27 52 86 27 22 15 62 85 3 83 4
24 66 56 17 7 59 49 110 100 61 39 46 69 78 55 77 55 82 55 33 6 2
25 21 11 82 72 42 32 103 93 53 59 29 25 61 93 91 62 65 90 18 14 4
26 22 12 61 51 107 97 54 44 7 70 24 75 72 81 38 17 66 68 42 70 1
27 24 14 65 55 105 95 46 36 76 40 12 91 78 68 70 11 31 93 42 48 3
28 27 17 61 51 88 78 22 12 14 65 56 33 16 31 95 85 52 21 79 1 3
29 49 39 22 12 94 84 67 57 75 79 99 33 41 41 41 89 35 14 19 60 1
30 103 93 25 15 48 38 62 52 83 19 80 61 97 93 38 72 45 81 89 74 4
31 86 76 39 29 83 73 36 26 75 67 70 63 99 38 100 15 13 15 6 100 4
32 31 21 110 100 96 86 83 73 98 13 4 75 24 51 76 33 96 72 76 43 2
33 64 54 17 7 61 51 14 4 36 82 17 38 27 88 98 54 62 25 61 46 1
34 14 4 101 91 95 85 90 80 62 94 56 64 95 66 59 30 16 8 67 78 3
35 28 18 65 55 93 83 30 20 8 98 66 70 71 78 93 72 30 65 56 48 1
36 23 13 46 36 60 50 83 73 88 4 35 14 45 1 57 9 98 31 23 89 2
37 21 11 57 47 94 84 30 20 63 80 74 95 88 79 22 31 60 100 68 30 2
38 48 38 15 5 89 79 56 46 75 45 90 14 72 94 5 25 44 99 40 8 2
39 96 86 84 74 81 71 69 59 30 72 21 44 5 86 8 18 85 99 53 79 4
40 23 13 30 20 36 26 35 25 28 54 91 36 65 34 42 55 8 58 85 67 3
41 28 18 24 14 21 11 17 7 7 28 57 29 80 85 38 6 74 83 52 72 3
42 98 88 64 54 31 21 89 79 29 78 70 18 54 8 2 81 6 82 23 100 1
43 25 15 86 76 46 36 99 89 84 13 51 69 43 87 98 78 11 77 99 12 4
44 42 32 93 83 51 41 102 92 1 75 44 8 59 33 59 89 92 22 58 78 1
45 110 100 55 45 107 97 60 50 56 82 93 73 80 4 27 81 63 51 23 85 4
46 101 91 75 65 58 48 32 22 21 21 96 3 94 48 56 37 24 98 5 59 1
47 82 72 75 65 67 57 52 42 8 84 27 3 88 87 53 11 54 39 4 26 2
48 91 81 109 99 36 26 54 44 81 58 72 33 53 59 12 67 30 20 54 17 4
49 71 61 16 6 60 50 105 95 23 39 95 26 48 15 8 74 47 80 52 22 3
