2 30
811 778 
0 105 95 23 13 96 40 2
1 15 5 92 82 15 16 2
2 97 87 32 22 35 28 2
3 100 90 108 98 7 74 2
4 51 41 22 12 36 74 2
5 61 51 62 52 64 16 2
6 100 90 55 45 6 90 1
7 21 11 98 88 73 31 1
8 49 39 100 90 10 88 2
9 71 61 39 29 78 99 2
10 11 1 65 55 43 8 1
11 98 88 107 97 59 82 2
12 94 84 21 11 28 9 2
13 55 45 11 1 14 87 2
14 57 47 95 85 57 47 2
15 89 79 21 11 53 17 2
16 98 88 73 63 13 91 2
17 44 34 104 94 6 59 1
18 27 17 82 72 76 23 1
19 56 46 24 14 29 67 2
20 109 99 47 37 88 88 1
21 84 74 77 67 47 62 2
22 52 42 63 53 95 65 1
23 80 70 45 35 12 82 1
24 77 67 20 10 3 25 1
25 40 30 101 91 90 19 1
26 33 23 72 62 33 23 1
27 39 29 80 70 60 57 1
28 26 16 60 50 21 79 2
29 84 74 57 47 14 95 1
