2 30
858 821 
0 82 92 1 10 27 29 2
1 47 40 65 75 79 74 2
2 9 14 94 93 4 75 1
3 85 95 44 42 19 32 2
4 15 8 61 59 26 92 1
5 83 82 30 28 25 52 1
6 64 69 106 96 42 9 1
7 54 52 84 90 87 85 1
8 80 81 44 48 82 39 1
9 83 82 26 29 45 90 1
10 68 76 17 22 17 82 1
11 50 51 56 62 41 7 2
12 5 8 62 59 20 82 2
13 76 84 18 23 87 1 2
14 61 57 91 83 25 45 1
15 78 73 94 95 1 59 2
16 66 65 51 52 85 2 2
17 58 68 71 63 58 30 2
18 14 17 35 32 74 16 1
19 33 38 14 5 27 27 2
20 100 97 13 4 62 8 2
21 85 88 55 54 27 30 2
22 50 48 100 99 67 53 1
23 54 59 34 41 95 74 1
24 71 73 88 91 75 24 1
25 88 84 101 99 46 80 2
26 49 58 1 1 10 19 2
27 16 24 55 62 13 86 1
28 25 26 40 48 48 92 1
29 14 7 83 78 45 18 1
