2 30
323 318 
0 72 62 90 80 25 40 2
1 98 88 75 65 21 4 1
2 12 2 47 37 35 24 1
3 83 73 91 81 11 26 2
4 58 48 37 27 51 67 2
5 80 70 89 79 92 26 1
6 99 89 54 44 90 18 1
7 96 86 81 71 48 56 1
8 80 70 31 21 75 25 1
9 82 72 58 48 68 44 2
10 102 92 56 46 16 23 2
11 69 59 78 68 22 92 1
12 17 7 44 34 8 65 1
13 42 32 90 80 39 83 2
14 48 38 86 76 21 31 1
15 16 6 56 46 42 37 1
16 61 51 36 26 81 24 1
17 59 49 11 1 44 63 2
18 110 100 57 47 97 33 2
19 87 77 55 45 31 20 1
20 44 34 82 72 8 94 2
21 91 81 84 74 9 40 1
22 71 61 82 72 58 28 2
23 31 21 104 94 48 51 1
24 40 30 91 81 93 39 1
25 51 41 12 2 4 73 1
26 52 42 99 89 82 6 1
27 78 68 19 9 39 21 2
28 77 67 11 1 28 11 1
29 11 1 84 74 4 34 2
