2 30
778 695 
0 49 40 68 58 59 57 2
1 44 40 78 83 5 70 1
2 102 94 58 65 20 67 2
3 91 91 50 46 63 77 2
4 91 96 37 47 46 85 1
5 83 86 22 32 85 13 2
6 90 81 1 8 3 13 2
7 63 68 1 6 67 87 1
8 31 29 87 96 48 79 2
9 77 86 41 41 25 60 2
10 18 16 67 62 29 63 1
11 43 35 36 46 84 7 2
12 79 80 28 23 98 95 1
13 31 24 81 71 3 12 1
14 1 1 26 27 85 62 1
15 30 37 67 59 3 80 2
16 54 49 26 36 93 15 2
17 12 8 4 3 27 54 1
18 72 65 80 88 54 58 1
19 89 94 70 61 7 68 1
20 46 41 38 48 88 61 2
21 6 4 55 62 62 97 1
22 92 84 42 35 95 81 2
23 96 95 68 69 78 7 2
24 36 29 40 47 18 74 2
25 18 8 23 23 5 98 1
26 58 66 2 9 90 11 1
27 10 16 57 54 42 63 2
28 1 6 36 28 12 39 2
29 85 87 62 58 11 22 1
