2 30
903 828 
0 31 21 49 39 33 11 2
1 101 91 78 68 59 69 1
2 43 33 78 68 68 91 1
3 50 40 58 48 62 30 2
4 69 59 40 30 3 30 2
5 43 33 44 34 62 93 2
6 106 96 53 43 70 43 1
7 107 97 84 74 25 99 1
8 55 45 106 96 48 17 1
9 81 71 57 47 21 90 1
10 109 99 63 53 19 71 2
11 72 62 81 71 34 87 1
12 88 78 15 5 48 76 2
13 53 43 101 91 74 18 1
14 95 85 41 31 2 12 1
15 35 25 75 65 53 77 1
16 24 14 99 89 76 22 2
17 26 16 86 76 22 88 2
18 25 15 72 62 63 51 2
19 98 88 66 56 63 85 2
20 39 29 77 67 80 2 2
21 30 20 23 13 8 30 1
22 110 100 21 11 49 44 1
23 98 88 71 61 89 50 1
24 91 81 34 24 7 70 2
25 98 88 59 49 34 50 2
26 55 45 102 92 11 83 2
27 69 59 110 100 24 81 1
28 104 94 38 28 84 25 2
29 102 92 75 65 80 19 1
