2 30
1157 1091 
0 53 43 71 61 2 13 1
1 43 33 20 10 96 55 1
2 97 87 32 22 97 57 1
3 92 82 108 98 97 61 1
4 31 21 102 92 76 51 1
5 89 79 98 88 60 32 2
6 104 94 51 41 38 21 1
7 49 39 34 24 26 40 1
8 37 27 80 70 24 58 1
9 43 33 11 1 1 96 2
10 23 13 69 59 88 93 1
11 58 48 59 49 41 97 1
12 14 4 41 31 7 88 2
13 67 57 15 5 54 99 2
14 73 63 11 1 51 51 2
15 81 71 21 11 67 39 2
16 54 44 21 11 45 65 2
17 88 78 40 30 25 47 2
18 31 21 86 76 39 15 1
19 80 70 40 30 58 55 1
20 49 39 87 77 53 56 1
21 92 82 85 75 56 67 2
22 36 26 47 37 99 63 1
23 28 18 101 91 72 55 1
24 49 39 92 82 75 90 2
25 16 6 77 67 66 89 1
26 73 63 20 10 99 20 1
27 79 69 20 10 96 41 1
28 70 60 104 94 2 84 1
29 48 38 21 11 9 73 2
