2 30
1294 1229 
0 79 77 90 95 32 88 2
1 17 17 51 60 11 59 2
2 41 35 1 6 45 26 1
3 99 92 37 39 62 84 1
4 83 89 50 40 91 72 1
5 77 87 24 33 81 16 1
6 40 34 61 61 14 65 2
7 54 45 92 83 54 38 1
8 72 70 36 37 17 21 2
9 84 87 48 42 30 81 2
10 1 1 44 47 63 67 1
11 48 56 75 67 26 35 2
12 83 73 11 16 94 58 2
13 8 17 58 56 60 12 1
14 64 62 94 88 59 94 1
15 83 74 86 96 42 16 1
16 22 14 1 1 20 53 2
17 94 97 86 92 31 13 1
18 9 10 30 25 71 98 2
19 30 35 11 2 7 23 2
20 51 54 64 61 32 20 2
21 33 29 103 95 41 29 1
22 98 93 40 44 5 16 2
23 61 52 33 26 59 76 1
24 57 66 74 84 6 39 2
25 36 37 62 52 79 73 1
26 36 43 93 86 41 54 1
27 77 85 16 23 83 80 1
28 43 51 79 73 28 55 2
29 39 36 16 7 63 33 1
