2 30
298 323 
0 86 52 63 70 1 1 2
1 47 16 55 59 20 10 2
2 16 46 25 17 53 100 1
3 52 91 29 46 29 5 1
4 86 84 62 35 3 91 1
5 37 54 46 100 87 54 1
6 78 93 26 20 44 43 2
7 76 80 16 26 88 34 1
8 63 33 15 100 17 93 2
9 83 38 51 93 85 60 1
10 79 76 72 14 95 18 2
11 79 47 52 58 2 88 2
12 35 56 96 7 1 13 2
13 18 60 67 99 78 71 1
14 71 29 44 55 15 65 2
15 76 53 29 75 90 28 2
16 10 77 63 56 29 60 2
17 58 52 95 47 43 46 1
18 31 37 67 60 68 70 1
19 26 50 22 17 16 79 1
20 34 61 30 68 76 13 1
21 19 32 80 90 30 45 2
22 16 68 61 19 15 9 1
23 8 3 93 77 65 80 1
24 85 17 30 35 19 61 1
25 51 64 15 79 43 27 1
26 84 26 13 61 50 22 1
27 16 72 76 10 88 62 2
28 18 18 31 40 10 66 2
29 1 7 17 86 81 32 2
