2 30
1351 1531 
0 90 80 108 98 91 45 2
1 96 86 73 63 53 96 2
2 74 64 109 99 2 52 2
3 17 7 33 23 53 46 1
4 72 62 43 33 8 100 2
5 98 88 107 97 53 11 2
6 105 95 52 42 46 50 2
7 110 100 87 77 72 45 1
8 30 20 81 71 55 83 2
9 88 78 56 46 13 5 2
10 24 14 70 60 64 10 1
11 67 57 76 66 67 98 1
12 67 57 94 84 35 23 1
13 64 54 20 10 38 44 2
14 50 40 88 78 24 35 1
15 54 44 94 84 44 98 2
16 87 77 54 44 79 39 1
17 93 83 53 43 37 66 1
18 40 30 87 77 73 87 1
19 109 99 77 67 98 11 1
20 34 24 72 62 45 63 2
21 69 59 54 44 78 83 1
22 57 47 68 58 11 89 1
23 65 55 38 28 44 26 2
24 34 24 85 75 63 26 2
25 37 27 98 88 22 51 2
26 58 48 105 95 83 47 2
27 68 58 109 99 80 60 2
28 39 29 65 55 5 30 1
29 93 83 58 48 99 3 1
