2 30
1125 1104 
0 79 69 97 87 53 10 2
1 29 19 106 96 82 68 2
2 43 33 86 76 13 40 1
3 42 32 58 48 50 74 1
4 41 31 12 2 76 70 2
5 71 61 80 70 58 67 2
6 102 92 57 47 95 31 2
7 35 25 20 10 71 64 2
8 43 33 94 84 67 37 1
9 53 43 29 19 95 49 2
10 13 3 67 57 51 10 1
11 24 14 33 23 40 39 2
12 108 98 35 25 98 41 1
13 57 47 13 3 21 7 1
14 11 1 49 39 29 11 2
15 35 25 75 65 28 69 1
16 72 62 47 37 72 86 1
17 70 60 22 12 76 83 1
18 29 19 84 74 76 96 1
19 22 12 82 72 43 61 1
20 79 69 17 7 2 77 1
21 38 28 31 21 41 50 1
22 94 84 105 95 82 53 2
23 54 44 19 9 96 10 2
24 63 53 106 96 94 97 2
25 74 64 35 25 31 98 2
26 103 93 50 40 7 40 1
27 109 99 50 40 16 3 1
28 48 38 82 72 64 65 2
29 66 56 39 29 59 55 2
