2 30
338 309 
0 109 99 27 17 92 36 2
1 59 49 36 26 5 61 2
2 81 71 24 14 45 60 2
3 108 98 16 6 26 32 1
4 107 97 78 68 79 87 1
5 89 79 98 88 53 38 2
6 100 90 55 45 30 85 2
7 57 47 34 24 3 68 1
8 81 71 32 22 24 41 2
9 27 17 95 85 66 60 2
10 103 93 57 47 18 34 2
11 86 76 95 85 29 10 1
12 70 60 97 87 51 88 1
13 39 29 95 85 69 36 1
14 25 15 63 53 47 30 2
15 89 79 29 19 46 34 2
16 102 92 69 59 21 81 1
17 72 62 24 14 18 2 2
18 11 1 66 56 1 52 1
19 24 14 84 74 87 33 2
20 29 19 67 57 44 88 2
21 68 58 61 51 87 47 2
22 92 82 95 85 64 19 2
23 68 58 41 31 24 51 1
24 33 23 84 74 30 71 2
25 72 62 33 23 100 100 2
26 37 27 84 74 27 2 2
27 59 49 108 98 93 97 2
28 38 28 72 62 18 44 2
29 56 46 29 19 56 72 2
