2 30
736 895 
0 68 58 86 76 13 80 2
1 54 44 31 21 92 67 2
2 20 10 55 45 10 95 1
3 75 65 83 73 8 41 2
4 110 100 81 71 13 74 2
5 52 42 53 43 49 59 2
6 99 89 54 44 31 41 1
7 60 50 45 35 83 4 2
8 56 46 99 89 20 41 1
9 26 16 102 92 55 60 1
10 110 100 64 54 88 11 1
11 81 71 90 80 62 81 1
12 41 31 68 58 35 21 1
13 58 48 106 96 35 45 1
14 80 70 18 8 42 67 1
15 108 98 48 38 95 14 2
16 65 55 32 22 42 91 1
17 39 29 91 81 75 8 2
18 26 16 73 63 96 89 1
19 27 17 95 85 69 86 1
20 24 14 62 52 65 29 1
21 107 97 100 90 77 5 1
22 31 21 42 32 69 62 1
23 35 25 108 98 8 97 1
24 84 74 27 17 97 12 1
25 19 9 80 70 11 11 1
26 48 38 87 77 68 59 1
27 58 48 99 89 63 31 1
28 65 55 99 89 3 73 1
29 47 37 12 2 4 61 1
