2 30
1037 1358 
0 42 32 60 50 49 45 1
1 68 58 45 35 40 88 1
2 66 56 109 99 93 95 1
3 25 15 33 23 24 90 1
4 100 90 71 61 39 63 2
5 70 60 71 61 63 33 1
6 101 91 56 46 53 52 1
7 82 72 59 49 92 67 1
8 50 40 93 83 86 76 1
9 16 6 84 74 97 90 1
10 12 2 66 56 49 15 2
11 15 5 24 14 14 76 2
12 47 37 82 72 92 3 2
13 60 50 108 98 100 7 1
14 34 24 72 62 41 27 2
15 62 52 94 84 43 44 1
16 39 29 106 96 26 49 2
17 57 47 109 99 71 4 2
18 28 18 83 73 77 66 2
19 93 83 53 43 2 77 1
20 94 84 32 22 37 6 2
21 61 51 54 44 28 2 1
22 73 63 84 74 1 56 2
23 17 7 82 72 8 58 1
24 70 60 13 3 71 9 2
25 53 43 14 4 14 27 2
26 18 8 57 47 84 71 1
27 28 18 69 59 34 44 1
28 87 77 21 11 39 12 1
29 29 19 94 84 3 62 1
