2 40
1760 1699 
0 22 16 33 34 66 67 2
1 99 96 38 31 68 6 1
2 88 82 52 53 85 67 2
3 92 91 38 46 26 42 1
4 10 20 56 63 26 23 2
5 56 50 103 96 74 59 1
6 64 57 85 84 70 36 1
7 32 36 83 74 27 94 2
8 16 21 101 96 94 61 1
9 86 82 37 37 68 54 2
10 13 12 41 50 9 89 1
11 23 19 37 30 79 8 2
12 24 20 73 63 24 82 1
13 58 68 1 7 17 10 2
14 45 45 75 71 41 55 2
15 101 97 9 11 43 95 2
16 89 93 82 80 72 76 2
17 37 36 21 23 51 25 1
18 38 29 38 44 18 67 2
19 64 74 45 49 44 64 2
20 1 9 13 16 48 99 1
21 45 40 2 6 77 100 1
22 20 16 70 67 22 69 1
23 86 79 58 61 96 93 1
24 43 53 81 71 14 20 2
25 80 88 1 3 67 99 2
26 48 46 84 89 19 64 1
27 94 96 33 26 21 62 1
28 84 74 99 96 37 50 1
29 43 47 20 18 75 61 1
30 50 58 82 88 33 50 1
31 81 84 64 70 54 16 2
32 64 68 106 98 42 67 1
33 3 9 108 100 69 68 1
34 75 72 61 71 31 10 1
35 27 33 74 68 20 41 2
36 86 80 56 63 43 78 1
37 82 89 52 55 100 45 1
38 63 72 10 15 46 86 1
39 53 43 1 1 88 39 1
