2 40
1612 1508 
0 44 34 62 52 11 5 1
1 82 72 67 57 83 72 1
2 68 58 103 93 37 33 1
3 27 17 43 33 66 34 2
4 98 88 69 59 31 67 1
5 60 50 61 51 13 50 2
6 107 97 54 44 95 15 2
7 44 34 21 11 89 15 1
8 72 62 23 13 69 17 2
9 90 80 58 48 57 19 1
10 74 64 28 18 30 15 2
11 61 51 62 52 100 86 2
12 17 7 44 34 30 58 2
13 38 28 94 84 96 39 1
14 48 38 86 76 66 72 2
15 76 66 16 6 30 67 2
16 57 47 24 14 97 89 2
17 103 93 55 45 68 1 1
18 22 12 69 59 52 94 1
19 67 57 27 17 49 63 1
20 12 2 50 40 18 39 1
21 95 85 80 70 88 5 1
22 15 5 26 16 72 100 1
23 67 57 40 30 35 58 2
24 24 14 67 57 9 5 1
25 87 77 48 38 51 54 1
26 84 74 23 13 30 12 1
27 30 20 71 61 28 18 2
28 109 99 43 33 75 50 1
29 15 5 88 78 86 54 1
30 73 63 95 85 60 51 1
31 20 10 65 55 85 7 1
32 77 67 64 54 20 26 2
33 82 72 27 17 49 35 1
34 44 34 39 29 3 92 2
35 98 88 35 25 3 44 2
36 81 71 104 94 13 84 2
37 43 33 79 69 97 7 2
38 34 24 109 99 43 59 1
39 70 60 66 56 34 52 2
