2 40
1577 1443 
0 70 24 47 42 81 36 2
1 99 72 7 15 2 1 2
2 88 86 97 57 28 15 1
3 92 91 77 46 92 71 2
4 86 76 62 27 68 19 1
5 29 26 38 80 77 1 1
6 74 1 30 28 84 8 2
7 36 80 76 18 5 73 1
8 99 29 59 96 16 32 1
9 55 50 23 5 7 42 1
10 83 44 68 90 32 76 1
11 15 91 88 2 41 7 1
12 71 40 32 83 36 32 2
13 70 84 19 31 67 91 1
14 75 61 48 87 87 3 2
15 36 41 81 63 85 97 2
16 86 81 39 60 3 97 1
17 14 60 51 55 79 66 2
18 35 5 71 28 83 98 1
19 2 50 98 17 4 69 2
20 34 17 30 24 76 11 1
21 15 92 76 58 91 1 2
22 68 72 21 23 16 72 1
23 12 51 97 33 97 8 2
24 41 45 86 63 13 83 1
25 79 92 51 7 55 67 1
26 80 22 9 57 64 73 2
27 4 36 72 66 2 90 1
28 98 46 11 68 72 96 1
29 69 27 77 98 93 94 2
30 49 14 14 44 4 16 1
31 52 96 85 82 52 32 1
32 24 84 53 14 46 46 1
33 43 25 80 8 31 30 2
34 100 12 56 11 43 54 2
35 21 41 82 68 65 64 1
36 69 36 98 19 7 82 2
37 55 45 16 11 78 13 1
38 39 24 91 59 70 89 2
39 68 3 32 61 75 13 2
