2 40
450 376 
0 79 83 11 1 38 86 2
1 16 11 55 46 85 68 1
2 79 89 56 60 95 29 2
3 93 90 52 45 29 29 1
4 53 51 1 2 11 77 1
5 33 33 88 87 97 94 1
6 75 72 96 99 9 1 2
7 28 27 74 73 44 19 1
8 81 84 66 59 26 45 2
9 70 65 13 12 61 27 2
10 49 39 85 85 58 38 1
11 32 30 46 41 23 92 2
12 80 83 37 34 44 46 1
13 84 87 34 34 10 8 1
14 86 88 16 22 66 36 1
15 28 24 52 46 21 15 1
16 66 68 51 47 90 83 2
17 60 59 52 54 100 13 2
18 77 80 6 3 27 57 1
19 24 21 92 96 68 30 2
20 108 100 1 7 96 35 2
21 84 91 46 49 68 44 2
22 38 35 80 86 71 67 1
23 66 58 38 40 45 92 1
24 21 12 38 30 70 76 2
25 10 11 23 26 24 32 2
26 60 61 88 96 26 60 2
27 39 43 78 81 91 5 2
28 62 69 98 91 48 57 1
29 39 38 16 9 22 22 2
30 41 33 65 55 87 11 1
31 65 75 53 53 37 94 2
32 17 19 59 49 6 42 2
33 45 44 21 27 81 39 2
34 91 91 98 90 66 74 2
35 77 76 8 3 68 70 2
36 60 51 22 26 30 32 1
37 76 84 46 50 26 26 1
38 66 71 1 6 11 88 1
39 11 6 58 64 55 28 2
