2 40
978 1102 
0 28 2 5 20 13 88 1
1 49 18 65 61 24 24 2
2 42 24 43 95 66 32 2
3 50 93 27 40 54 11 1
4 32 2 100 45 62 93 2
5 43 20 52 66 81 98 2
6 68 75 16 2 6 99 1
7 90 10 30 48 9 79 1
8 45 99 97 74 6 83 2
9 81 36 41 91 81 8 2
10 21 34 6 80 71 13 1
11 85 65 58 76 25 52 1
12 45 82 6 33 24 22 2
13 60 66 9 13 18 21 2
14 29 95 2 21 67 26 2
15 38 95 91 17 88 57 2
16 12 59 65 46 86 79 1
17 76 42 13 37 34 31 2
18 97 75 33 98 58 33 1
19 92 12 88 87 35 63 2
20 76 47 72 54 69 88 1
21 21 26 82 92 15 33 1
22 70 18 23 69 9 60 1
23 26 1 19 83 75 20 1
24 99 15 44 33 36 2 2
25 49 10 21 25 7 61 2
26 70 60 99 3 53 65 2
27 30 98 90 36 25 52 2
28 64 76 77 98 33 68 1
29 19 57 35 28 58 18 1
30 19 64 92 94 1 59 2
31 94 90 27 76 97 55 1
32 42 18 71 48 33 93 2
33 33 79 78 62 18 90 2
34 38 22 94 21 50 66 1
35 47 67 16 94 94 86 2
36 79 86 8 61 98 39 1
37 85 47 38 13 56 64 2
38 49 54 1 89 54 16 2
39 2 17 66 75 56 21 2
