2 40
448 401 
0 85 75 103 93 27 38 2
1 87 77 64 54 100 29 2
2 37 27 72 62 22 60 2
3 60 50 76 66 73 62 2
4 95 85 66 56 76 88 1
5 97 87 98 88 34 58 2
6 100 90 55 45 52 18 2
7 41 31 18 8 77 22 1
8 97 87 48 38 77 76 1
9 83 73 59 49 94 29 2
10 67 57 13 3 73 75 2
11 58 48 67 57 9 57 1
12 46 36 73 63 24 83 1
13 27 17 75 65 7 59 2
14 101 91 39 29 47 6 1
15 57 47 97 87 5 11 2
16 94 84 61 51 35 75 1
17 36 26 88 78 67 68 2
18 107 97 54 44 11 69 2
19 56 46 16 6 53 66 2
20 17 7 55 45 81 21 2
21 56 46 41 31 3 90 1
22 68 58 79 69 33 83 1
23 100 90 73 63 98 73 1
24 73 63 24 14 76 32 2
25 48 38 109 99 65 24 2
26 81 71 20 10 62 1 1
27 31 21 80 70 59 7 2
28 82 72 108 98 39 16 1
29 32 22 105 95 2 9 1
30 90 80 12 2 70 10 1
31 25 15 70 60 18 53 2
32 90 80 77 67 53 90 2
33 11 1 56 46 91 21 1
34 45 35 40 30 90 66 2
35 87 77 24 14 29 77 2
36 106 96 29 19 76 79 2
37 32 22 68 58 93 84 1
38 63 53 30 20 57 50 1
39 75 65 63 53 52 6 2
