2 40
460 424 
0 36 46 68 64 21 68 1
1 43 34 69 69 70 100 1
2 32 40 25 19 91 17 1
3 106 97 36 44 52 66 2
4 53 50 1 1 7 99 2
5 39 32 86 86 54 91 2
6 25 19 46 46 41 76 2
7 58 50 96 88 32 73 1
8 61 51 17 18 66 26 1
9 63 64 19 11 93 19 1
10 51 54 108 100 59 93 1
11 14 9 28 20 88 36 2
12 97 90 33 41 47 13 1
13 7 2 57 49 100 22 1
14 18 27 56 61 75 44 2
15 96 87 1 9 11 7 2
16 98 95 83 82 22 12 2
17 65 70 70 65 83 100 2
18 48 43 48 58 91 43 1
19 91 88 51 55 21 71 2
20 90 95 95 94 11 82 2
21 49 58 27 24 95 59 1
22 19 26 82 77 30 55 2
23 1 1 65 75 57 85 2
24 66 75 83 93 43 69 1
25 92 82 97 97 39 38 1
26 82 84 18 19 57 94 2
27 64 66 11 4 37 32 2
28 19 24 47 46 60 13 1
29 93 97 70 68 83 35 2
30 64 72 1 2 17 61 1
31 1 2 82 88 32 32 2
32 67 58 88 88 52 86 2
33 74 71 50 54 59 29 2
34 98 94 84 93 84 98 1
35 22 15 32 42 58 37 1
36 101 94 63 69 12 71 1
37 49 51 19 17 24 25 2
38 88 94 19 29 42 9 1
39 102 97 49 55 29 96 2
