2 40
1804 1824 
0 49 42 60 60 9 36 2
1 32 42 79 77 81 42 1
2 89 92 66 63 93 32 1
3 97 97 48 44 98 48 1
4 26 26 64 69 100 39 2
5 39 48 99 94 38 74 1
6 51 51 72 78 96 12 2
7 92 82 22 20 53 49 2
8 55 47 19 22 98 46 1
9 72 80 28 27 61 97 1
10 38 42 87 80 62 1 1
11 87 77 80 88 23 12 2
12 37 34 86 77 61 6 2
13 83 90 33 37 46 74 2
14 9 15 47 49 91 69 1
15 21 15 37 29 13 98 2
16 53 55 38 42 10 95 2
17 52 58 44 53 20 71 2
18 51 47 80 70 85 64 2
19 90 100 63 67 53 66 1
20 90 83 82 90 15 19 1
21 91 82 48 48 58 45 1
22 103 98 45 49 73 46 1
23 69 65 33 39 57 48 2
24 75 79 92 97 93 19 2
25 15 22 49 45 70 74 1
26 108 100 44 35 3 76 2
27 47 50 86 88 67 83 2
28 82 84 1 6 72 98 1
29 64 57 20 28 97 56 1
30 46 44 70 74 30 44 1
31 52 46 27 32 80 33 2
32 43 46 85 76 77 98 1
33 53 63 58 54 75 27 1
34 68 78 75 77 77 81 1
35 17 11 43 46 77 36 2
36 60 58 51 41 12 1 2
37 28 23 85 89 24 92 2
38 28 18 46 53 81 36 1
39 19 9 66 67 10 46 2
