2 40
1092 1154 
0 1 5 30 23 65 21 1
1 59 65 106 100 19 69 2
2 50 51 27 22 31 53 1
3 102 96 40 43 50 21 1
4 26 25 72 76 88 35 2
5 29 39 84 93 13 53 2
6 101 98 22 25 28 10 2
7 14 5 52 43 59 35 2
8 14 14 91 81 100 2 2
9 86 79 21 26 82 63 2
10 53 49 89 95 71 10 2
11 48 56 62 67 32 20 2
12 41 41 90 84 1 100 2
13 14 5 43 52 15 12 1
14 49 54 79 88 48 30 2
15 60 70 84 92 90 14 2
16 77 82 62 69 100 9 2
17 78 77 70 72 98 39 2
18 1 10 30 33 2 83 2
19 49 59 22 26 76 51 2
20 64 70 77 77 67 73 1
21 51 57 29 23 38 58 1
22 97 89 47 40 51 62 2
23 17 8 89 82 59 25 1
24 41 42 58 60 62 63 1
25 97 93 2 8 45 22 1
26 17 23 66 58 9 64 1
27 80 73 19 11 70 85 2
28 39 39 54 61 43 61 1
29 18 8 87 79 83 14 1
30 90 83 14 13 76 6 1
31 73 81 77 67 59 81 1
32 93 85 14 15 1 34 2
33 82 90 79 73 6 58 1
34 83 81 90 80 61 53 1
35 49 50 80 77 40 69 1
36 1 1 92 84 70 62 2
37 80 90 58 56 88 15 2
38 50 41 81 76 99 3 2
39 97 100 65 58 70 15 2
