2 40
863 914 
0 33 23 51 41 86 68 2
1 15 5 92 82 26 29 2
2 37 27 80 70 30 79 2
3 60 50 68 58 52 54 2
4 67 57 38 28 46 28 2
5 33 23 34 24 34 89 1
6 104 94 51 41 14 6 2
7 69 59 46 36 88 49 1
8 85 75 36 26 10 62 2
9 55 45 31 21 57 87 1
10 71 61 25 15 1 90 1
11 18 8 27 17 81 46 2
12 58 48 85 75 35 41 1
13 31 21 87 77 100 31 2
14 109 99 47 37 58 89 1
15 57 47 89 79 52 77 2
16 42 32 17 7 21 81 1
17 72 62 32 22 74 60 1
18 11 1 66 56 82 100 2
19 72 62 40 30 90 91 2
20 57 47 95 85 33 30 1
21 64 54 49 39 3 74 2
22 52 42 63 53 41 34 1
23 56 46 29 19 44 74 1
24 45 35 88 78 85 30 1
25 24 14 85 75 51 32 1
26 21 11 68 58 72 67 1
27 71 61 20 10 23 19 2
28 26 16 52 42 58 44 2
29 96 86 69 59 19 95 1
30 54 44 76 66 23 17 2
31 21 11 66 56 44 63 1
32 66 56 53 43 44 75 1
33 91 81 36 26 4 96 2
34 85 75 80 70 47 17 2
35 79 69 16 6 42 3 2
36 62 52 85 75 38 36 2
37 24 14 60 50 60 74 1
38 19 9 86 76 29 3 2
39 15 5 11 1 47 97 1
