2 40
1145 988 
0 96 86 14 4 17 68 1
1 54 44 39 29 81 25 2
2 60 50 103 93 4 48 1
3 35 25 43 33 89 31 2
4 26 16 97 87 44 96 2
5 24 14 25 15 53 47 2
6 103 93 58 48 94 75 1
7 108 98 93 83 35 38 1
8 92 82 35 25 87 70 2
9 18 8 86 76 92 73 2
10 70 60 24 14 66 59 1
11 101 91 110 100 99 39 2
12 105 95 32 22 12 84 1
13 34 24 82 72 72 99 1
14 32 22 70 60 47 38 2
15 76 66 16 6 45 18 2
16 109 99 76 66 43 70 1
17 67 57 19 9 24 53 2
18 110 100 65 55 47 20 2
19 43 33 11 1 21 96 1
20 72 62 110 100 18 3 2
21 87 77 72 62 59 27 1
22 31 21 42 32 89 39 2
23 19 9 84 74 47 80 1
24 52 42 95 85 83 38 1
25 103 93 64 54 20 21 2
26 36 26 83 73 16 53 1
27 90 80 31 21 3 1 2
28 65 55 91 81 27 49 2
29 51 41 24 14 98 11 2
30 109 99 31 21 56 2 1
31 24 14 69 59 43 68 2
32 101 91 88 78 78 35 2
33 94 84 47 37 59 1 1
34 104 94 91 81 83 50 2
35 106 96 43 33 73 83 1
36 25 15 48 38 64 47 2
37 51 41 87 77 76 77 2
38 78 68 53 43 59 72 2
39 30 20 26 16 50 68 2
