2 40
1929 1635 
0 95 90 6 8 41 95 2
1 37 42 84 85 48 23 1
2 66 64 30 35 99 66 2
3 103 93 33 40 7 20 2
4 15 6 61 57 75 37 1
5 52 52 99 98 95 6 1
6 56 63 98 90 1 7 1
7 101 98 39 36 65 4 1
8 98 95 62 70 89 56 1
9 79 84 30 39 43 72 2
10 88 82 16 20 8 25 2
11 67 61 73 72 64 45 2
12 103 98 39 49 26 55 1
13 46 38 75 85 63 53 1
14 73 67 103 93 88 78 1
15 73 79 89 93 36 6 2
16 33 31 26 18 15 39 2
17 14 6 6 1 99 72 1
18 1 3 25 26 66 23 1
19 46 56 19 23 22 91 1
20 31 35 44 42 37 98 2
21 99 98 61 56 32 92 1
22 24 34 87 85 76 84 2
23 95 93 75 75 34 22 2
24 27 35 44 53 52 12 2
25 37 46 71 61 87 36 2
26 109 100 53 43 43 21 1
27 41 42 80 72 66 78 2
28 57 64 93 86 1 88 2
29 35 29 1 8 26 35 1
30 83 80 7 2 70 32 1
31 18 22 1 8 94 34 1
32 98 90 27 20 73 57 2
33 61 63 37 46 20 50 1
34 74 66 60 65 100 53 2
35 66 63 97 90 47 46 2
36 104 94 74 77 15 55 1
37 57 55 27 21 53 11 1
38 27 26 66 69 63 49 1
39 79 69 26 27 3 62 1
