2 40
348 455 
0 47 17 24 35 5 100 1
1 32 41 40 76 7 32 2
2 97 3 6 74 91 14 1
3 61 96 38 43 4 23 1
4 15 21 91 64 3 64 1
5 74 15 83 61 63 43 1
6 59 10 7 37 57 91 1
7 25 17 57 55 53 45 1
8 96 18 48 85 46 64 2
9 28 31 96 78 95 87 1
10 36 9 21 47 11 89 1
11 92 68 65 79 25 5 2
12 48 17 9 68 72 23 2
13 39 41 80 80 81 43 2
14 20 90 93 16 78 37 1
15 45 94 90 16 68 41 1
16 35 10 80 97 30 75 1
17 19 13 56 8 69 23 1
18 24 82 60 5 45 51 2
19 67 15 55 90 45 64 1
20 11 90 7 97 42 31 1
21 40 85 1 51 84 91 1
22 77 73 30 24 3 10 2
23 25 16 18 90 81 94 2
24 46 30 91 48 67 70 2
25 64 57 28 72 33 58 2
26 17 75 38 18 87 62 2
27 77 37 37 75 59 14 1
28 47 51 60 73 38 15 1
29 2 28 10 7 57 83 1
30 34 67 99 97 89 4 1
31 1 49 26 35 94 66 1
32 25 13 54 43 63 66 1
33 12 6 57 97 79 69 1
34 89 37 45 36 97 88 1
35 10 54 79 89 17 29 1
36 54 93 83 68 93 12 1
37 20 74 81 40 5 30 1
38 64 61 8 4 21 74 1
39 65 40 29 98 90 75 2
