2 40
1044 1002 
0 95 13 80 31 1 34 1
1 24 49 40 84 51 10 1
2 69 55 70 26 34 24 2
3 25 96 2 43 96 16 2
4 59 89 35 40 4 28 2
5 86 23 95 69 30 35 2
6 75 42 23 69 22 76 1
7 17 49 49 87 87 2 1
8 76 14 28 81 79 9 1
9 68 47 36 94 69 85 2
10 52 89 37 35 50 7 1
11 4 28 69 39 20 66 1
12 8 61 69 4 31 56 2
13 19 29 60 68 66 1 2
14 48 78 21 4 60 18 1
15 37 22 82 36 61 50 1
16 3 70 48 57 75 82 2
17 95 1 32 96 75 70 1
18 16 94 52 9 9 66 1
19 47 35 43 2 6 27 2
20 55 86 51 93 6 38 1
21 68 9 29 75 20 24 2
22 69 45 22 96 43 76 1
23 65 80 58 54 1 57 2
24 66 34 11 52 42 68 1
25 68 97 32 20 81 69 1
26 25 91 54 34 53 79 1
27 17 13 85 51 17 41 1
28 31 11 44 33 46 34 1
29 94 88 2 59 17 39 1
30 30 39 3 69 7 44 2
31 73 93 6 79 98 20 1
32 29 1 66 31 19 100 1
33 92 98 29 89 92 19 1
34 69 13 25 12 93 35 1
35 34 50 95 85 23 27 2
36 74 65 3 40 74 5 2
37 24 46 77 12 14 11 1
38 48 85 100 28 61 29 2
39 81 60 45 18 4 13 1
