2 40
1092 858 
0 103 94 14 12 79 73 1
1 27 34 74 77 78 98 2
2 25 20 81 91 84 88 1
3 91 93 42 40 87 100 1
4 29 38 96 89 2 44 1
5 31 36 86 90 38 83 1
6 38 39 67 66 48 6 2
7 75 66 5 4 89 99 1
8 104 99 68 66 90 84 1
9 70 68 21 23 19 90 1
10 101 94 37 40 88 7 2
11 94 93 1 4 56 89 2
12 71 62 1 5 28 69 2
13 49 50 91 89 95 2 2
14 74 71 12 5 44 45 1
15 48 51 72 73 54 17 1
16 78 71 50 58 3 39 1
17 19 18 11 13 49 93 1
18 93 99 14 14 85 92 1
19 34 44 7 11 9 30 2
20 36 39 49 46 6 32 2
21 78 74 27 32 80 62 2
22 61 62 3 13 96 51 1
23 27 29 7 11 56 100 2
24 31 31 48 49 97 68 2
25 14 6 27 21 38 6 2
26 99 92 27 27 49 69 1
27 66 58 92 96 75 58 2
28 1 4 22 26 40 60 1
29 72 77 41 48 88 79 1
30 9 8 33 38 71 90 2
31 73 78 69 64 70 32 2
32 1 2 30 32 17 77 2
33 53 63 50 54 54 29 2
34 91 90 98 89 56 83 2
35 55 59 102 94 70 72 1
36 24 30 7 5 91 11 2
37 91 83 48 49 3 88 1
38 1 2 47 45 59 70 1
39 54 57 14 7 80 46 2
