2 40
356 392 
0 48 38 66 56 97 59 1
1 26 16 11 1 16 24 1
2 60 50 95 85 2 45 1
3 35 25 51 41 66 58 1
4 46 36 25 15 49 13 2
5 88 78 97 87 21 25 1
6 107 97 54 44 87 48 1
7 80 70 57 47 24 56 1
8 104 94 55 45 10 20 1
9 46 36 14 4 29 84 2
10 66 56 12 2 35 98 2
11 49 39 50 40 98 93 1
12 85 75 20 10 47 58 1
13 30 20 78 68 38 16 1
14 16 6 54 44 29 36 1
15 84 74 16 6 91 51 1
16 61 51 28 18 43 77 2
17 23 13 83 73 43 27 1
18 106 96 53 43 85 36 2
19 27 17 87 77 91 8 1
20 32 22 70 60 74 25 1
21 79 69 72 62 75 52 2
22 47 37 58 48 67 86 1
23 63 53 36 26 44 43 2
24 80 70 31 21 93 17 2
25 27 17 88 78 10 30 1
26 96 86 35 25 39 9 1
27 50 40 91 81 86 7 1
28 21 11 47 37 31 60 1
29 87 77 60 50 99 98 2
30 53 43 67 57 65 55 1
31 20 10 73 63 27 70 1
32 17 7 104 94 66 74 2
33 14 4 59 49 66 51 2
34 56 46 51 41 92 27 1
35 14 4 51 41 15 86 1
36 69 59 92 82 39 76 2
37 59 49 95 85 31 26 1
38 22 12 97 87 90 93 1
39 90 80 78 68 48 95 2
