2 40
360 444 
0 67 65 52 83 76 28 2
1 32 41 40 84 57 65 2
2 33 75 34 54 77 78 2
3 89 92 66 47 51 13 2
4 87 1 63 52 93 5 2
5 26 19 35 65 14 80 2
6 63 22 19 49 47 54 2
7 17 33 57 71 26 73 2
8 32 66 92 33 24 67 2
9 52 35 12 90 10 51 1
10 44 49 29 95 1 54 2
11 48 44 21 55 34 40 1
12 32 89 93 40 34 46 1
13 79 81 20 28 41 6 2
14 84 34 57 60 3 61 1
15 41 58 86 72 41 49 2
16 15 86 68 73 17 65 2
17 3 61 40 48 36 33 1
18 24 38 60 53 46 22 2
19 7 71 3 46 29 59 1
20 83 34 79 41 74 66 1
21 8 1 61 59 96 49 1
22 73 9 26 60 53 81 1
23 49 44 34 26 69 8 1
24 2 78 55 96 3 4 1
25 12 81 84 96 7 1 1
26 21 83 50 26 21 95 1
27 93 29 61 59 22 20 2
28 39 31 52 53 95 19 1
29 94 8 10 87 34 7 1
30 82 3 55 33 27 64 1
31 37 25 70 3 70 47 2
32 77 57 6 87 91 23 1
33 52 6 97 89 4 41 2
34 25 25 81 24 21 59 1
35 26 6 87 33 35 79 2
36 14 29 43 4 17 72 1
37 72 14 33 80 67 64 2
38 52 77 4 12 13 51 1
39 73 100 37 58 92 38 2
