2 40
1576 1725 
0 107 97 25 15 5 60 2
1 29 19 106 96 78 53 1
2 91 81 34 24 68 40 2
3 110 100 18 8 60 61 1
4 57 47 28 18 35 89 1
5 51 41 52 42 45 72 1
6 106 96 53 43 84 71 1
7 83 73 68 58 39 98 1
8 79 69 30 20 77 28 1
9 45 35 13 3 10 35 1
10 73 63 27 17 14 85 1
11 44 34 53 43 80 36 2
12 64 54 91 81 49 90 2
13 41 31 89 79 85 83 1
14 71 61 109 99 32 24 1
15 103 93 43 33 11 39 2
16 16 6 91 81 58 9 2
17 90 80 50 40 5 53 2
18 21 11 68 58 64 37 2
19 30 20 98 88 88 61 2
20 27 17 65 55 9 90 2
21 18 8 103 93 4 57 2
22 94 84 105 95 98 69 1
23 30 20 103 93 37 8 2
24 31 21 74 64 50 45 2
25 66 56 27 17 75 36 2
26 99 89 38 28 30 8 1
27 41 31 90 80 99 77 1
28 48 38 82 72 53 86 1
29 78 68 51 41 38 99 1
30 36 26 58 48 69 37 1
31 15 5 68 58 57 98 1
32 12 2 91 81 67 3 1
33 85 75 30 20 88 77 2
34 55 45 50 40 68 58 1
35 25 15 62 52 1 91 2
36 44 34 59 49 33 100 2
37 70 60 106 96 51 80 2
38 101 91 68 58 39 89 2
39 85 75 81 71 9 27 2
