2 40
1622 1395 
0 71 79 103 97 54 62 2
1 26 19 52 54 56 94 1
2 28 33 5 4 99 18 2
3 84 90 43 45 75 73 1
4 10 19 64 70 24 39 1
5 54 49 101 95 35 45 2
6 14 4 22 31 9 2 1
7 62 59 92 97 89 11 1
8 96 88 60 55 11 79 2
9 79 81 35 28 10 86 2
10 36 27 64 65 6 86 2
11 105 98 19 9 56 64 1
12 20 27 69 70 60 34 2
13 89 83 31 22 94 61 2
14 85 84 7 10 75 95 2
15 61 52 77 74 78 41 2
16 21 20 6 7 72 99 2
17 55 47 47 42 35 53 1
18 88 92 9 7 85 9 2
19 31 41 4 8 24 63 2
20 95 96 8 3 85 70 1
21 5 15 67 73 97 25 2
22 1 7 51 58 23 81 1
23 13 22 14 4 32 42 1
24 9 16 26 34 7 91 2
25 62 59 75 74 39 25 1
26 70 69 14 12 59 89 2
27 27 19 66 57 69 43 2
28 33 29 48 51 13 77 1
29 89 98 66 69 66 25 2
30 94 97 26 27 16 5 1
31 10 19 14 5 18 90 2
32 14 7 35 37 21 71 2
33 32 36 29 27 67 23 2
34 82 75 68 74 93 63 2
35 72 72 1 7 96 9 2
36 27 23 89 98 1 67 2
37 55 56 25 22 53 16 1
38 85 95 32 38 37 71 1
39 36 26 83 84 63 97 1
