2 40
1670 1635 
0 37 35 22 53 94 69 1
1 66 3 82 46 13 21 2
2 15 17 24 88 79 70 1
3 67 94 52 41 17 86 1
4 21 63 89 14 8 51 1
5 72 29 73 83 8 22 1
6 81 60 29 87 92 79 1
7 63 19 95 57 93 61 1
8 30 36 82 11 54 69 2
9 50 53 10 8 63 58 1
10 14 99 99 45 40 11 2
11 34 54 99 65 18 19 2
12 34 11 95 62 18 56 1
13 29 47 70 86 30 84 1
14 94 44 67 78 1 68 1
15 27 68 80 82 42 59 1
16 77 84 22 71 59 21 1
17 33 19 70 6 48 92 2
18 54 24 90 47 28 85 1
19 57 65 53 40 51 74 2
20 13 56 9 63 99 9 1
21 62 75 23 41 47 47 2
22 67 99 12 50 74 20 1
23 51 22 44 4 50 39 2
24 8 64 53 82 51 39 2
25 90 87 62 2 38 34 1
26 35 53 64 88 72 28 1
27 99 51 67 89 27 87 1
28 65 89 78 11 53 40 2
29 36 58 52 29 66 57 2
30 60 97 25 19 11 91 1
31 31 99 64 85 47 8 1
32 11 67 48 97 31 30 1
33 94 44 39 35 41 13 2
34 31 3 87 2 63 93 1
35 100 24 69 59 38 80 1
36 64 15 93 98 48 34 2
37 94 52 55 18 54 24 1
38 38 55 90 98 30 40 1
39 47 54 11 4 53 55 1
