2 40
1018 988 
0 81 39 66 57 32 67 2
1 74 95 90 38 77 37 2
2 51 65 52 36 3 6 2
3 3 94 88 41 80 63 2
4 77 95 45 46 99 100 1
5 60 21 61 67 98 84 1
6 65 28 21 55 21 67 2
7 71 87 3 25 30 90 2
8 50 40 10 7 48 89 1
9 10 37 70 92 19 80 2
10 98 19 83 65 17 65 1
11 22 86 95 97 24 34 2
12 66 75 27 18 97 93 2
13 49 59 90 98 12 58 2
14 66 56 39 82 27 90 2
15 35 40 88 54 4 26 2
16 9 32 54 11 91 20 2
17 49 31 86 26 6 32 1
18 70 12 6 35 14 7 1
19 77 53 73 20 23 85 1
20 69 60 65 67 94 48 2
21 34 51 95 17 62 89 2
22 75 27 20 78 94 30 2
23 11 58 96 40 5 89 1
24 88 60 33 78 34 74 2
25 86 39 58 54 11 59 1
26 27 37 48 80 43 80 1
27 59 75 19 5 81 8 1
28 89 21 94 43 14 55 1
29 44 98 60 77 65 100 1
30 56 25 29 55 31 42 1
31 59 55 84 41 46 22 2
32 7 79 36 9 41 36 2
33 22 52 59 43 86 47 2
34 51 19 7 18 77 36 1
35 76 28 45 63 40 35 1
36 44 43 73 26 83 30 2
37 98 80 51 46 97 54 2
38 54 31 98 74 21 76 2
39 31 34 95 92 82 70 2
