2 50
582 451 
0 28 30 5 48 1 12 1
1 17 66 25 1 75 81 2
2 14 32 15 11 40 11 2
3 98 97 75 44 62 29 2
4 16 38 92 81 14 94 2
5 63 72 72 26 38 58 2
6 44 39 92 66 82 58 1
7 58 62 98 100 91 98 1
8 73 43 25 18 98 31 1
9 89 28 57 75 32 79 2
10 1 82 86 28 70 57 2
11 69 65 34 76 7 60 1
12 37 50 98 1 86 53 2
13 100 62 41 9 28 91 1
14 41 87 6 21 93 29 1
15 2 91 47 13 45 88 1
16 40 27 85 14 37 91 1
17 64 22 1 17 93 40 1
18 17 83 53 98 15 57 2
19 40 44 36 11 34 33 2
20 60 71 56 78 31 95 2
21 21 54 82 20 16 56 2
22 34 14 87 65 17 44 2
23 66 57 59 39 14 9 1
24 71 91 16 9 96 93 1
25 25 66 97 81 78 34 2
26 46 40 75 75 53 66 1
27 62 86 22 24 73 74 1
28 68 64 81 86 22 60 2
29 87 29 3 100 8 16 1
30 79 52 52 82 78 21 1
31 22 78 47 64 23 71 2
32 46 18 83 48 35 96 2
33 41 47 86 38 70 83 2
34 90 22 46 21 36 51 1
35 75 7 36 42 100 41 1
36 39 74 68 57 59 92 2
37 25 31 78 97 17 8 1
38 81 90 33 33 91 90 2
39 14 69 78 27 56 74 2
40 78 97 83 72 100 39 2
41 72 80 36 62 12 46 1
42 48 68 76 35 14 34 1
43 17 28 62 50 85 91 1
44 17 73 25 52 39 89 2
45 25 69 38 71 6 14 1
46 83 64 63 2 82 79 1
47 79 72 55 46 27 31 2
48 83 85 95 16 50 53 1
49 44 94 20 5 96 35 1
