2 50
2145 2210 
0 98 100 75 18 99 29 1
1 51 28 67 63 2 50 2
2 96 74 5 45 59 67 1
3 76 91 53 46 26 50 1
4 50 100 18 43 32 3 1
5 1 90 10 36 26 11 1
6 62 77 10 4 69 47 2
7 4 48 44 86 1 11 1
8 71 21 23 88 93 34 2
9 95 46 55 93 13 27 1
10 63 32 56 78 78 99 2
11 47 75 20 86 1 4 2
12 39 72 100 23 55 53 1
13 50 28 91 67 62 92 2
14 51 5 16 31 72 84 1
15 88 1 41 23 89 8 1
16 94 25 47 12 14 17 2
17 94 80 31 75 12 42 1
18 47 69 83 84 29 79 2
19 98 38 86 5 100 43 2
20 90 85 86 92 61 93 1
21 83 36 44 94 9 15 1
22 28 4 73 55 70 45 2
23 68 35 61 17 2 47 1
24 69 77 22 95 93 4 2
25 3 72 75 95 98 61 1
26 68 2 89 45 9 73 1
27 60 16 28 46 72 34 2
28 2 22 7 44 28 90 1
29 37 79 45 50 89 62 1
30 57 46 22 76 71 39 1
31 16 60 41 46 27 70 1
32 88 28 17 58 42 11 2
33 83 93 28 76 81 57 1
34 96 100 52 99 4 19 2
35 49 33 18 60 74 13 2
36 89 60 18 43 7 67 1
37 47 69 100 35 72 18 1
38 67 76 11 11 26 23 2
39 96 15 60 73 51 100 2
40 28 19 25 94 36 44 1
41 22 50 86 24 3 73 1
42 58 86 94 45 3 55 2
43 23 66 68 96 90 96 1
44 11 35 19 14 65 64 2
45 83 79 4 81 26 39 2
46 9 86 89 16 78 3 2
47 89 50 73 24 30 81 1
48 29 59 49 98 38 32 2
49 14 44 90 55 6 33 1
