2 50
2030 1973 
0 70 52 47 70 78 6 2
1 59 20 67 63 51 22 1
2 68 94 69 65 45 85 2
3 48 95 25 42 45 38 1
4 78 12 46 63 82 11 2
5 41 86 50 32 40 89 1
6 58 57 6 84 56 35 2
7 4 40 44 78 7 21 1
8 27 73 79 40 12 64 2
9 71 34 39 89 62 60 1
10 55 92 48 38 78 40 1
11 99 91 64 2 62 82 2
12 55 8 16 51 56 63 2
13 10 80 51 27 46 10 1
14 87 61 52 87 26 44 1
15 92 37 45 59 95 62 2
16 14 41 59 28 70 13 2
17 2 40 39 27 34 97 2
18 55 13 91 36 14 68 2
19 58 74 46 49 53 22 2
20 18 41 14 48 33 62 2
21 15 20 76 86 51 36 1
22 32 68 77 19 81 60 2
23 52 7 37 81 89 40 1
24 13 21 58 39 5 59 1
25 55 48 27 71 97 43 2
26 56 94 85 37 59 96 1
27 44 24 4 62 75 28 1
28 10 42 15 64 74 96 1
29 37 99 45 70 68 33 1
30 1 10 74 40 67 63 1
31 72 92 5 70 3 53 2
32 28 84 65 14 70 6 1
33 43 93 88 76 63 47 1
34 52 12 8 11 100 91 1
35 41 81 2 16 52 16 1
36 29 32 58 7 2 88 1
37 95 37 56 3 55 77 2
38 71 60 23 3 58 37 1
39 80 55 44 13 66 51 2
40 8 7 5 90 17 36 2
41 22 22 86 4 87 28 2
42 14 2 42 61 27 84 2
43 59 54 12 76 24 50 1
44 35 15 43 94 84 37 2
45 83 75 96 77 4 27 2
46 57 94 37 32 70 63 2
47 45 14 21 96 54 1 1
48 89 91 9 22 38 75 1
49 86 44 62 55 83 31 1
