2 50
2144 1920 
0 31 89 8 7 79 78 1
1 84 97 92 40 30 10 1
2 77 43 78 14 89 35 2
3 1 96 78 43 98 86 1
4 23 5 91 56 65 9 1
5 58 87 67 33 6 61 1
6 55 10 11 37 38 31 1
7 77 17 17 55 82 24 2
8 40 6 92 73 56 50 1
9 100 43 68 90 26 11 2
10 32 77 25 23 40 72 1
11 36 12 1 23 96 95 2
12 76 1 37 44 85 69 1
13 91 65 32 12 32 50 2
14 24 22 97 48 74 80 1
15 97 82 42 96 51 24 2
16 11 14 56 1 94 44 2
17 75 21 12 16 4 71 1
18 28 50 64 73 49 69 2
19 43 15 31 90 35 71 1
20 11 54 7 61 88 18 2
21 36 45 97 11 30 39 1
22 29 77 82 28 9 89 2
23 29 64 22 46 100 59 1
24 2 58 47 76 75 46 1
25 92 85 64 100 94 39 2
26 13 71 34 14 63 78 2
27 73 93 33 31 37 3 1
28 27 87 40 9 29 33 1
29 62 48 70 19 49 99 1
30 46 63 11 93 46 60 2
31 37 57 62 43 7 10 1
32 93 45 30 75 79 60 1
33 32 66 69 57 34 46 1
34 65 9 21 8 56 47 2
35 70 42 31 77 95 21 1
36 94 89 23 64 40 7 1
37 8 70 69 36 46 29 2
38 68 37 20 80 76 44 1
39 9 72 73 30 95 56 1
40 9 64 14 39 71 39 1
41 43 79 7 53 67 15 1
42 79 19 7 86 42 2 2
43 56 7 1 29 55 7 2
44 52 72 60 51 50 17 2
45 8 80 21 82 67 81 2
46 18 71 98 1 58 83 1
47 6 71 90 53 43 60 2
48 22 60 42 91 22 52 1
49 39 73 23 84 6 3 2
