2 50
522 464 
0 76 66 94 84 98 25 2
1 34 24 11 1 84 51 1
2 108 98 43 33 36 57 1
3 95 85 11 1 52 21 1
4 62 52 33 23 30 72 1
5 60 50 69 59 54 69 1
6 103 93 58 48 27 63 1
7 28 18 105 95 76 80 1
8 40 30 91 81 71 51 2
9 30 20 98 88 74 33 2
10 26 16 72 62 12 96 2
11 61 51 70 60 90 48 2
12 49 39 76 66 100 52 1
13 106 96 54 44 91 47 1
14 76 66 14 4 83 33 2
15 52 42 84 74 29 23 1
16 105 95 72 62 19 80 1
17 51 41 103 93 22 70 2
18 90 80 45 35 77 21 2
19 43 33 103 93 94 35 2
20 80 70 18 8 47 78 1
21 59 49 44 34 31 43 2
22 55 45 58 48 96 54 1
23 47 37 12 2 21 78 1
24 48 38 99 89 13 65 1
25 11 1 72 62 43 63 1
26 84 74 31 21 57 9 1
27 82 72 23 13 82 16 2
28 13 3 47 37 71 42 1
29 99 89 72 62 17 13 2
30 49 39 63 53 98 42 2
31 84 74 37 27 68 18 2
32 85 75 72 62 52 64 1
33 34 24 87 77 33 51 2
34 36 26 31 21 72 38 2
35 102 92 39 29 81 87 1
36 77 67 92 82 38 71 2
37 79 69 15 5 98 52 2
38 54 44 21 11 56 66 1
39 38 28 34 24 8 73 2
40 13 3 20 10 71 84 1
41 66 56 62 52 67 14 2
42 44 34 110 100 49 21 1
43 83 73 36 26 71 36 2
44 76 66 27 17 10 12 2
45 24 14 69 59 32 5 2
46 95 85 69 59 51 10 2
47 28 18 21 11 80 91 2
48 69 59 87 77 53 74 1
49 105 95 50 40 27 30 1
