2 50
523 541 
0 75 93 52 11 6 45 2
1 92 89 100 32 100 73 2
2 5 91 14 62 30 96 1
3 37 96 22 43 50 3 1
4 79 37 47 88 11 20 1
5 46 71 55 25 77 30 1
6 39 86 95 13 9 65 2
7 85 85 25 23 74 26 2
8 60 10 12 77 42 9 1
9 60 27 28 74 39 49 2
10 24 97 9 43 2 53 1
11 24 44 97 55 7 70 1
12 16 57 77 8 57 91 2
13 11 77 52 16 72 84 2
14 96 26 69 60 66 61 2
15 5 54 50 68 60 83 2
16 43 54 88 41 34 73 2
17 91 33 28 28 80 27 1
18 44 38 80 61 52 82 1
19 55 3 51 70 26 87 1
20 67 58 63 65 58 35 2
21 8 29 69 87 36 72 2
22 37 5 82 56 7 2 1
23 89 100 74 82 47 2 2
24 82 54 27 72 34 19 1
25 88 37 60 52 10 88 2
26 97 63 26 98 55 34 1
27 25 17 93 55 28 76 1
28 43 19 56 41 85 59 1
29 70 88 78 59 28 49 2
30 42 99 7 21 10 37 2
31 57 13 90 99 91 55 2
32 81 57 18 87 79 22 1
33 52 74 97 57 39 32 2
34 85 25 41 24 40 57 2
35 46 46 15 73 90 41 2
36 74 17 3 100 67 13 1
37 12 98 65 64 100 21 1
38 84 13 36 56 63 66 1
39 93 52 49 10 9 22 1
40 77 48 74 23 39 22 2
41 43 31 7 5 16 71 1
42 83 51 11 10 15 43 1
43 28 75 73 97 47 12 1
44 100 16 8 95 87 54 2
45 100 72 13 66 33 3 2
46 22 87 2 25 6 94 1
47 18 15 94 89 20 78 1
48 42 16 62 55 64 30 2
49 83 73 67 84 9 28 1
