2 50
1056 1257 
0 61 51 79 69 79 64 2
1 15 5 92 82 18 66 1
2 85 75 28 18 11 79 1
3 20 10 28 18 86 38 2
4 83 73 54 44 63 46 1
5 105 95 106 96 58 7 1
6 108 98 55 45 16 24 2
7 17 7 94 84 33 67 1
8 21 11 72 62 42 28 1
9 47 37 15 5 55 21 2
10 31 21 77 67 90 9 1
11 30 20 39 29 3 36 2
12 14 4 41 31 15 96 2
13 15 5 63 53 88 69 1
14 69 59 107 97 6 3 2
15 25 15 57 47 85 9 2
16 86 76 61 51 63 95 1
17 100 90 52 42 11 79 1
18 103 93 50 40 28 84 2
19 88 78 56 46 15 1 2
20 105 95 43 33 27 96 2
21 44 34 29 19 68 18 2
22 52 42 63 53 75 100 2
23 32 22 105 95 28 68 1
24 13 3 56 46 29 66 1
25 16 6 77 67 35 35 1
26 17 7 64 54 22 45 2
27 11 1 52 42 21 51 1
28 26 16 52 42 98 36 1
29 108 98 73 63 91 85 1
30 50 40 72 62 57 62 2
31 85 75 30 20 76 99 2
32 34 24 21 11 60 2 2
33 19 9 64 54 67 41 2
34 65 55 60 50 61 89 1
35 67 57 104 94 75 47 2
36 70 60 85 75 77 99 2
37 44 34 80 70 76 12 1
38 51 41 18 8 7 14 2
39 71 61 59 49 18 78 2
40 70 60 77 67 83 85 2
41 31 21 27 17 48 22 1
42 85 75 51 41 21 14 2
43 56 46 17 7 49 32 1
44 21 11 72 62 36 42 1
45 17 7 70 60 78 68 1
46 80 70 62 52 33 40 1
47 29 19 22 12 50 88 1
48 62 52 80 70 40 98 1
49 58 48 103 93 12 76 2
