2 50
523 541 
0 33 37 65 55 74 32 1
1 12 5 38 40 40 36 1
2 23 15 87 86 93 59 1
3 93 92 52 47 66 97 1
4 91 93 37 44 32 58 2
5 97 91 36 37 82 5 1
6 23 30 65 57 15 35 1
7 19 25 65 71 100 24 1
8 54 54 39 29 4 15 2
9 50 47 1 2 73 22 1
10 19 17 55 63 78 70 2
11 104 96 1 7 76 73 1
12 72 65 8 16 69 35 2
13 23 13 44 52 29 55 1
14 64 66 94 92 98 76 1
15 33 38 70 60 66 14 2
16 90 90 83 77 99 23 2
17 75 69 59 56 7 59 2
18 11 6 19 29 4 58 1
19 69 71 50 46 4 91 1
20 98 98 11 5 67 98 2
21 69 61 26 27 50 27 2
22 20 13 70 64 66 89 2
23 105 100 69 74 23 59 2
24 16 14 33 32 95 63 2
25 14 9 19 24 86 67 2
26 85 79 29 22 15 22 1
27 87 85 13 23 59 17 2
28 77 67 92 89 88 95 2
29 26 28 95 99 47 90 2
30 97 99 21 29 59 26 2
31 43 33 18 11 62 26 2
32 81 89 23 19 86 25 1
33 56 66 53 49 3 36 2
34 90 97 97 96 79 74 1
35 102 94 20 21 17 34 2
36 34 25 96 100 84 40 1
37 4 2 74 68 93 60 1
38 62 53 80 88 69 57 2
39 23 32 75 82 87 54 2
40 76 68 48 43 17 82 2
41 8 7 74 81 98 26 1
42 21 11 80 70 62 27 2
43 25 27 51 49 37 68 1
44 101 92 71 71 27 32 1
45 92 84 93 86 11 2 2
46 55 55 91 93 55 33 2
47 12 7 80 81 77 55 1
48 24 28 58 59 69 12 2
49 68 73 82 84 58 91 1
