2 50
1852 2107 
0 109 99 27 17 92 66 2
1 43 33 20 10 51 7 2
2 93 83 28 18 29 19 2
3 12 2 28 18 29 72 2
4 55 45 26 16 39 9 2
5 41 31 42 32 35 23 2
6 104 94 59 49 18 86 2
7 53 43 30 20 38 63 1
8 109 99 52 42 26 64 2
9 19 9 87 77 56 77 2
10 35 25 81 71 85 80 1
11 90 80 99 89 33 96 2
12 34 24 61 51 77 6 2
13 19 9 67 57 53 100 2
14 77 67 23 13 65 8 2
15 17 7 57 47 94 16 2
16 42 32 109 99 39 57 2
17 36 26 96 86 13 2 1
18 107 97 62 52 73 95 1
19 12 2 72 62 46 4 1
20 45 35 83 73 70 74 1
21 44 34 37 27 91 78 2
22 36 26 47 37 55 34 2
23 88 78 61 51 51 31 2
24 85 75 28 18 53 89 2
25 92 82 53 43 15 17 2
26 65 55 104 94 54 4 2
27 51 41 92 82 42 93 2
28 70 60 96 86 39 89 1
29 72 62 37 27 66 41 1
30 14 4 36 26 32 21 1
31 81 71 26 16 30 7 2
32 18 8 97 87 68 100 2
33 99 89 52 42 61 91 2
34 105 95 100 90 11 78 1
35 59 49 96 86 58 8 1
36 26 16 41 31 95 13 2
37 36 26 72 62 28 16 2
38 107 97 74 64 95 22 1
39 11 1 99 89 73 29 1
40 14 4 21 11 83 92 2
41 103 93 99 89 31 54 2
42 93 83 59 49 57 76 1
43 24 14 85 75 12 49 1
44 57 47 108 98 83 53 1
45 13 3 66 56 74 83 2
46 16 6 98 88 5 17 2
47 53 43 46 36 21 61 2
48 110 100 28 18 86 84 2
49 22 12 67 57 77 11 2
