2 50
1239 1441 
0 56 78 33 96 55 23 2
1 9 74 25 9 32 71 1
2 50 12 51 83 7 23 2
3 26 93 11 48 85 52 1
4 88 18 64 69 44 57 2
5 15 84 24 30 91 56 1
6 48 51 4 78 74 40 2
7 58 78 98 16 96 35 1
8 9 99 61 66 41 86 2
9 13 32 73 87 13 9 2
10 1 22 94 68 66 73 1
11 17 49 90 60 4 56 2
12 21 22 82 65 82 84 2
13 40 10 81 49 77 93 2
14 5 39 70 65 66 33 1
15 98 55 43 77 24 95 2
16 20 3 73 90 27 57 2
17 56 62 93 57 57 52 1
18 9 39 45 54 83 31 1
19 88 100 76 67 44 67 1
20 32 15 28 22 82 11 2
21 89 62 42 28 83 80 2
22 30 50 83 1 77 43 1
23 90 93 75 67 87 26 1
24 27 47 80 65 82 14 2
25 81 90 45 5 37 96 2
26 58 48 79 83 27 58 2
27 78 78 46 16 31 19 2
28 60 44 73 74 69 27 1
29 87 9 3 80 38 46 2
30 27 88 100 18 19 59 2
31 58 54 91 40 76 1 1
32 6 62 35 92 69 16 1
33 73 47 18 30 77 33 2
34 34 18 90 17 12 52 1
35 83 59 52 86 64 73 2
36 99 10 28 93 68 89 2
37 69 63 30 29 85 92 2
38 77 6 21 41 59 59 1
39 30 29 94 79 60 74 1
40 98 9 3 84 49 100 1
41 72 8 36 90 77 31 1
42 92 60 20 19 63 82 1
43 81 40 26 70 83 35 2
44 93 1 1 80 53 24 2
45 33 73 46 75 81 14 1
46 35 48 15 86 6 81 1
47 23 100 99 82 80 32 2
48 23 53 35 92 37 17 1
49 72 94 48 5 89 11 1
