2 50
2166 2164 
0 84 81 103 99 17 58 2
1 6 13 53 56 28 92 2
2 36 39 1 10 3 91 1
3 90 96 41 43 52 12 1
4 45 49 99 100 57 57 1
5 2 3 57 57 27 87 2
6 75 74 1 1 73 8 2
7 83 73 21 11 2 50 1
8 1 6 76 73 46 79 2
9 66 67 17 22 81 13 1
10 35 45 76 83 29 42 2
11 49 40 42 51 25 5 1
12 86 81 14 24 59 34 2
13 41 49 83 88 90 9 2
14 90 98 28 32 98 85 2
15 31 30 55 52 84 58 2
16 33 26 18 13 33 36 1
17 95 97 87 92 37 44 1
18 75 74 96 89 47 7 1
19 45 47 5 14 75 12 1
20 39 38 52 45 27 48 2
21 90 93 60 59 75 85 2
22 25 21 75 72 55 21 2
23 86 92 66 74 14 80 1
24 69 66 86 84 44 24 2
25 80 73 101 96 44 20 1
26 1 3 35 38 94 9 2
27 56 53 82 91 41 95 1
28 2 7 38 29 6 2 1
29 68 60 45 39 40 26 1
30 16 7 27 37 27 63 1
31 54 45 37 31 22 59 2
32 20 29 62 59 68 17 2
33 64 58 40 41 81 6 1
34 66 69 81 76 73 71 2
35 33 42 64 69 76 25 1
36 37 33 7 8 7 92 1
37 12 6 82 72 98 30 1
38 88 93 27 28 77 27 1
39 13 4 60 62 5 70 2
40 90 96 62 71 78 42 2
41 90 83 56 57 58 68 1
42 65 71 24 30 81 26 2
43 77 79 1 1 88 27 1
44 65 68 56 47 47 28 2
45 97 96 98 98 30 10 1
46 32 23 60 53 71 36 2
47 94 99 75 73 31 63 2
48 48 40 61 71 66 53 1
49 71 73 85 84 17 43 2
