2 50
2131 1745 
0 83 73 101 91 66 56 1
1 57 47 34 24 94 48 2
2 39 29 82 72 11 60 2
3 62 52 78 68 39 58 2
4 45 35 16 6 71 45 2
5 51 41 60 50 82 5 2
6 106 96 53 43 23 1 2
7 67 57 44 34 16 36 2
8 95 85 46 36 87 81 1
9 101 91 69 59 28 71 2
10 37 27 83 73 37 3 1
11 16 6 25 15 38 12 2
12 40 30 67 57 4 7 1
13 21 11 77 67 76 64 1
14 39 29 77 67 97 52 1
15 71 61 103 93 33 33 2
16 16 6 83 73 19 99 2
17 62 52 14 4 85 26 2
18 109 99 64 54 21 85 2
19 70 60 30 20 76 97 2
20 15 5 53 43 19 86 1
21 98 88 91 81 21 65 2
22 78 68 89 79 3 84 1
23 62 52 35 25 98 83 2
24 71 61 14 4 46 1 2
25 34 24 95 85 92 46 2
26 35 25 82 72 39 76 2
27 21 11 62 52 25 20 2
28 92 82 18 8 71 27 2
29 54 44 19 9 68 6 1
30 96 86 18 8 79 60 2
31 75 65 28 18 36 82 2
32 56 46 43 33 61 53 2
33 93 83 38 28 41 71 1
34 83 73 70 60 27 92 1
35 105 95 42 32 84 98 2
36 100 90 23 13 23 76 2
37 82 72 18 8 1 92 2
38 81 71 56 46 99 33 1
39 81 71 69 59 9 8 1
40 40 30 47 37 81 63 1
41 89 79 85 75 36 87 1
42 51 41 17 7 98 19 2
43 58 48 11 1 36 21 2
44 75 65 26 16 11 50 1
45 15 5 60 50 94 23 2
46 30 20 12 2 68 5 1
47 15 5 100 90 81 48 1
48 92 82 110 100 78 48 1
49 100 90 45 35 40 89 2
