2 50
527 475 
0 39 29 57 47 94 20 1
1 73 63 50 40 83 23 1
2 31 21 66 56 79 18 1
3 78 68 86 76 43 64 2
4 21 11 92 82 34 10 1
5 51 41 60 50 72 83 2
6 102 92 57 47 13 12 2
7 67 57 52 42 64 60 1
8 47 37 90 80 44 21 1
9 85 75 61 51 61 46 1
10 17 7 71 61 32 54 2
11 52 42 61 51 48 61 2
12 96 86 23 13 23 25 2
13 101 91 49 39 92 83 1
14 99 89 37 27 37 78 1
15 79 69 11 1 61 47 1
16 64 54 31 21 57 45 2
17 46 36 98 88 21 71 1
18 89 79 44 34 61 81 1
19 106 96 74 64 12 23 2
20 95 85 33 23 80 7 1
21 82 72 67 57 25 79 2
22 34 24 45 35 93 31 2
23 110 100 75 65 36 43 1
24 55 45 106 96 14 100 2
25 90 80 51 41 48 31 2
26 99 89 46 36 50 66 2
27 101 91 42 32 39 81 1
28 52 42 86 76 35 39 2
29 54 44 27 17 43 10 2
30 104 94 26 16 88 26 1
31 87 77 40 30 28 58 1
32 20 10 107 97 78 32 1
33 37 27 90 80 18 44 1
34 47 37 42 32 22 22 2
35 37 27 74 64 63 42 1
36 40 30 55 45 42 78 2
37 106 96 42 32 35 85 1
38 13 3 80 70 26 53 1
39 53 43 49 39 37 99 2
40 100 90 107 97 47 82 1
41 73 63 69 59 57 6 2
42 19 9 77 67 36 11 2
43 62 52 23 13 70 6 1
44 67 57 18 8 1 41 1
45 19 9 72 62 72 40 2
46 38 28 12 2 82 52 1
47 51 41 36 26 57 85 2
48 32 22 50 40 92 11 2
49 16 6 61 51 94 84 2
