2 50
510 579 
0 50 40 68 58 51 17 2
1 48 38 25 15 43 15 1
2 54 44 97 87 51 75 1
3 45 35 61 51 82 80 1
4 52 42 23 13 58 37 1
5 78 68 79 69 21 94 2
6 105 95 52 42 38 77 1
7 42 32 27 17 5 44 1
8 34 24 77 67 27 74 1
9 20 10 88 78 55 22 2
10 28 18 74 64 72 62 1
11 95 85 96 86 100 15 1
12 55 45 82 72 88 16 2
13 108 98 56 46 53 25 2
14 30 20 68 58 54 59 1
15 98 88 38 28 14 44 1
16 79 69 46 36 88 46 2
17 69 59 29 19 59 27 2
18 92 82 47 37 97 9 1
19 101 91 61 51 77 23 2
20 50 40 88 78 58 21 1
21 13 3 98 88 54 80 1
22 89 79 100 90 63 24 1
23 21 11 94 84 71 14 2
24 34 24 85 75 68 39 1
25 53 43 14 4 46 76 1
26 62 52 101 91 56 61 1
27 52 42 93 83 28 64 2
28 43 33 69 59 45 16 2
29 81 71 54 44 18 17 1
30 23 13 45 35 42 85 1
31 86 76 39 29 95 33 1
32 31 21 110 100 12 31 2
33 28 18 73 63 45 59 2
34 106 96 101 91 76 64 2
35 48 38 85 75 22 19 2
36 51 41 74 64 17 52 1
37 25 15 61 51 66 92 2
38 28 18 103 93 26 63 2
39 108 98 104 94 43 25 1
40 31 21 38 28 20 13 1
41 52 42 48 38 49 76 2
42 102 92 68 58 94 92 1
43 109 99 70 60 60 29 1
44 94 84 45 35 53 100 1
45 18 8 71 61 47 2 1
46 109 99 91 81 73 24 1
47 90 80 83 73 41 46 1
48 43 33 61 51 5 29 2
49 91 81 36 26 70 32 1
