2 50
1473 1103 
0 22 22 33 40 97 20 1
1 90 82 16 25 20 33 1
2 26 28 11 7 52 7 2
3 94 97 45 44 29 90 1
4 72 74 26 25 83 35 1
5 91 96 46 50 92 64 2
6 99 95 20 22 37 86 1
7 27 18 73 64 9 20 2
8 46 43 2 10 65 30 2
9 51 60 15 7 58 7 2
10 46 42 82 88 23 76 2
11 94 93 8 4 53 98 1
12 21 30 78 81 25 77 1
13 47 38 84 85 96 51 1
14 67 71 5 5 5 17 1
15 46 47 70 69 55 74 2
16 33 39 18 26 26 60 2
17 103 98 87 85 19 80 1
18 93 99 22 22 30 60 1
19 66 68 34 43 56 77 2
20 49 55 62 62 80 6 1
21 1 2 66 60 4 54 2
22 60 58 10 9 71 68 2
23 83 85 63 67 51 37 1
24 107 99 32 25 5 73 1
25 54 62 67 77 45 7 1
26 72 64 8 7 86 20 1
27 48 46 74 84 67 47 1
28 82 92 18 14 22 70 2
29 43 49 20 20 4 25 2
30 90 96 22 26 17 2 1
31 59 66 55 52 18 89 2
32 1 2 36 32 76 9 2
33 35 39 32 22 20 8 2
34 89 90 96 89 98 30 2
35 6 7 37 34 58 44 1
36 8 18 7 1 11 71 1
37 73 67 38 41 86 15 2
38 47 46 86 81 18 63 2
39 5 1 52 59 75 53 1
40 20 29 13 4 43 74 2
41 87 84 69 66 40 90 2
42 17 20 76 79 79 50 1
43 95 92 21 22 20 2 2
44 72 77 63 56 87 92 2
45 86 93 79 87 84 19 1
46 9 16 45 54 74 75 1
47 86 92 83 74 12 3 1
48 64 65 98 96 54 98 2
49 89 94 1 5 4 86 1
