2 50
1412 1283 
0 87 77 105 95 39 49 1
1 101 91 78 68 53 2 2
2 31 21 74 64 14 6 1
3 70 60 86 76 40 73 2
4 93 83 64 54 29 1 2
5 87 77 88 78 25 51 2
6 106 96 53 43 19 44 1
7 103 93 80 70 24 24 1
8 27 17 78 68 19 96 2
9 57 47 33 23 25 67 2
10 29 19 75 65 12 97 1
11 104 94 13 3 54 66 1
12 108 98 35 25 32 29 2
13 13 3 61 51 88 75 2
14 107 97 45 35 62 96 2
15 71 61 11 1 96 29 2
16 12 2 87 77 89 33 1
17 82 72 34 24 38 3 1
18 93 83 48 38 99 48 2
19 30 20 90 80 25 14 2
20 35 25 73 63 22 79 2
21 90 80 75 65 35 43 2
22 110 100 21 11 24 59 1
23 58 48 31 21 100 57 1
24 27 17 78 68 45 21 2
25 74 64 35 25 20 44 2
26 47 37 86 76 23 48 2
27 41 31 82 72 46 43 2
28 104 94 30 20 72 68 1
29 26 16 91 81 74 28 1
30 68 58 90 80 18 14 2
31 83 73 36 26 62 69 1
32 96 86 83 73 26 30 1
33 25 15 70 60 31 20 1
34 95 85 90 80 1 93 2
35 21 11 58 48 7 30 2
36 88 78 11 1 55 22 2
37 98 88 34 24 20 36 2
38 69 59 36 26 82 5 1
39 93 83 89 79 25 17 1
40 44 34 51 41 44 3 2
41 45 35 41 31 46 54 1
42 27 17 93 83 78 82 1
43 30 20 83 73 27 31 1
44 103 93 54 44 85 28 2
45 15 5 68 58 40 30 1
46 66 56 48 38 22 11 1
47 67 57 60 50 73 12 2
48 88 78 106 96 29 84 1
49 80 70 25 15 20 11 2
