2 50
1330 1252 
0 89 67 66 85 99 24 2
1 34 43 50 78 24 3 2
2 23 81 24 52 24 60 2
3 51 90 36 45 16 28 2
4 61 31 37 82 57 45 1
5 72 73 81 27 48 13 2
6 49 92 97 19 58 69 2
7 39 47 71 85 93 61 2
8 78 84 38 51 69 57 1
9 26 29 86 76 27 61 2
10 78 67 63 13 48 47 1
11 6 86 71 97 67 5 1
12 58 43 19 94 14 3 2
13 81 47 22 94 64 5 2
14 78 48 51 82 78 29 2
15 99 36 52 50 64 61 1
16 37 92 82 79 26 24 2
17 37 11 74 98 48 100 1
18 90 20 26 43 2 75 2
19 25 85 21 52 73 35 1
20 53 84 49 91 17 91 2
21 42 79 95 45 85 68 1
22 31 23 84 74 52 45 1
23 43 14 36 96 43 100 2
24 60 28 5 54 54 74 1
25 62 95 34 10 42 70 2
26 3 17 24 52 64 86 2
27 91 63 51 93 93 96 2
28 93 9 6 31 93 73 1
29 12 78 28 49 35 72 1
30 16 13 89 43 49 19 2
31 79 51 12 37 43 49 1
32 11 79 48 9 59 74 2
33 22 20 67 11 72 30 2
34 3 19 59 18 58 76 2
35 4 68 65 3 67 70 2
36 4 31 33 14 72 42 1
37 38 64 91 30 15 44 1
38 78 67 30 10 12 82 2
39 43 78 7 36 92 50 1
40 87 54 84 29 42 56 1
41 93 37 57 19 11 29 2
42 5 93 41 52 58 55 1
43 14 81 59 11 7 58 2
44 34 30 50 9 26 85 2
45 50 74 63 76 87 35 2
46 44 33 24 71 70 70 1
47 40 29 16 11 52 8 1
48 16 54 28 85 34 34 2
49 97 23 81 34 24 45 2
