2 50
2012 1802 
0 11 7 30 25 73 99 1
1 68 67 1 2 84 2 1
2 58 49 14 20 82 67 1
3 87 94 38 41 9 19 2
4 61 55 7 6 96 29 1
5 6 1 61 55 29 36 2
6 54 60 96 87 54 19 1
7 14 11 44 49 38 74 2
8 38 32 94 99 97 97 2
9 73 65 16 20 78 8 1
10 81 75 22 13 64 67 2
11 92 98 19 9 73 86 1
12 99 95 48 38 72 70 2
13 66 71 16 18 83 96 1
14 83 76 1 10 62 7 1
15 51 48 75 70 17 91 2
16 89 88 82 75 92 21 1
17 18 27 23 14 12 57 2
18 88 92 17 15 83 18 1
19 63 65 31 40 49 82 2
20 16 20 29 27 7 4 2
21 44 43 1 1 90 22 1
22 8 3 50 54 69 59 2
23 69 78 62 52 76 74 2
24 93 92 10 10 17 49 2
25 23 15 36 30 1 18 1
26 51 49 87 84 45 6 1
27 9 7 48 45 62 45 1
28 8 17 36 39 38 68 2
29 68 70 45 49 42 1 1
30 91 93 15 23 89 74 2
31 17 7 100 93 62 18 2
32 1 7 28 37 78 2 1
33 6 4 90 95 70 93 1
34 80 75 66 74 70 37 1
35 15 12 54 47 25 31 1
36 11 11 89 94 99 28 2
37 37 40 7 6 76 7 2
38 24 31 84 74 62 56 2
39 74 78 42 36 47 24 1
40 93 90 57 65 5 15 2
41 61 69 56 51 26 22 1
42 34 29 93 88 19 61 1
43 73 65 99 95 28 36 1
44 56 54 34 33 60 18 2
45 101 94 102 96 32 20 2
46 84 77 20 15 96 26 1
47 76 85 57 59 51 38 2
48 12 2 46 41 44 76 1
49 31 23 24 34 78 44 1
