2 50
1256 1416 
0 65 59 84 77 48 2 1
1 63 59 102 94 60 63 1
2 73 77 50 48 58 69 1
3 102 98 40 45 30 3 1
4 64 67 10 18 74 89 2
5 106 97 61 51 42 52 1
6 41 48 83 75 63 51 2
7 5 3 43 41 84 53 2
8 74 84 51 51 67 43 1
9 58 61 1 8 94 73 2
10 23 27 80 73 14 61 1
11 12 14 26 25 16 41 2
12 25 23 74 66 56 94 2
13 32 31 74 70 49 28 1
14 27 32 65 66 51 48 2
15 78 84 2 6 27 44 1
16 9 12 94 99 3 68 1
17 77 79 69 74 36 97 1
18 43 36 51 59 16 8 2
19 7 9 67 76 58 96 2
20 75 68 67 75 43 12 1
21 23 27 93 93 11 17 1
22 66 67 8 18 50 37 2
23 48 42 28 24 74 94 1
24 36 44 53 62 83 81 1
25 93 91 6 6 49 26 2
26 42 41 86 84 65 78 2
27 15 23 54 53 40 72 2
28 33 37 69 59 22 70 1
29 97 98 66 69 56 98 2
30 67 57 78 87 47 30 2
31 38 39 21 25 70 23 1
32 65 63 86 93 68 61 2
33 14 12 103 95 56 99 2
34 82 87 89 86 51 25 1
35 74 68 92 95 41 1 2
36 67 75 66 58 49 50 2
37 8 8 65 74 13 76 2
38 25 23 64 58 76 53 1
39 14 18 82 76 16 44 2
40 83 78 55 61 58 100 1
41 45 41 19 23 42 13 1
42 35 37 10 4 83 85 2
43 55 53 73 75 13 45 1
44 33 34 11 13 90 92 2
45 80 90 89 92 33 32 1
46 75 85 19 23 40 40 1
47 45 49 21 31 93 60 2
48 40 34 66 65 69 28 2
49 30 23 44 34 7 99 2
