2 50
1263 1160 
0 24 14 42 32 21 14 2
1 62 52 39 29 97 44 1
2 108 98 51 41 95 17 1
3 95 85 103 93 68 69 1
4 34 24 13 3 36 11 1
5 96 86 97 87 21 82 1
6 107 97 54 44 21 55 2
7 64 54 41 31 23 80 2
8 28 18 71 61 32 20 1
9 102 92 70 60 90 44 2
10 30 20 76 66 56 49 2
11 21 11 30 20 13 74 1
12 61 51 88 78 91 53 1
13 110 100 58 48 72 66 2
14 84 74 30 20 14 22 1
15 44 34 84 74 20 81 2
16 53 43 20 10 92 19 1
17 87 77 47 37 28 42 1
18 102 92 49 39 22 34 2
19 59 49 27 17 66 45 2
20 20 10 58 48 36 93 2
21 67 57 52 42 93 23 2
22 31 21 42 32 56 79 2
23 95 85 68 58 68 9 2
24 20 10 63 53 14 7 2
25 95 85 56 46 35 36 1
26 32 22 71 61 18 37 1
27 22 12 63 53 39 57 2
28 65 55 91 81 38 84 2
29 63 53 36 26 70 45 1
30 105 95 27 17 2 33 2
31 80 70 33 23 10 98 1
32 69 59 48 38 66 88 1
33 22 12 67 57 49 49 2
34 76 66 71 61 29 66 1
35 94 84 31 21 53 98 2
36 33 23 48 38 69 82 2
37 71 61 107 97 1 21 1
38 110 100 77 67 27 30 1
39 86 76 74 64 52 2 2
40 57 47 64 54 90 16 2
41 38 28 34 24 35 78 2
42 60 50 18 8 64 75 1
43 43 33 104 94 32 69 2
44 12 2 63 53 6 44 1
45 20 10 65 55 29 48 1
46 23 13 105 95 51 1 1
47 52 42 37 27 97 14 2
48 25 15 43 33 57 89 1
49 69 59 14 4 24 86 1
