2 50
2134 2378 
0 57 55 76 73 51 10 2
1 73 67 12 2 74 2 2
2 14 21 99 92 69 99 1
3 93 98 52 45 3 52 1
4 37 43 96 86 63 42 2
5 1 5 53 59 24 11 1
6 88 80 9 7 47 41 1
7 23 27 61 65 97 69 2
8 81 80 45 47 79 18 2
9 67 77 31 24 8 46 2
10 10 15 51 53 2 3 2
11 85 82 99 93 52 31 2
12 65 59 1 10 40 49 1
13 29 19 50 58 59 11 1
14 18 20 56 54 97 65 1
15 11 12 27 34 40 6 1
16 64 72 41 51 39 80 1
17 72 67 64 62 91 22 2
18 54 48 62 71 49 10 1
19 19 21 87 96 42 98 1
20 70 64 62 71 26 57 2
21 57 51 14 17 5 73 1
22 29 39 92 90 43 69 2
23 3 6 96 88 89 95 1
24 45 48 62 66 12 27 2
25 45 39 58 54 90 99 2
26 47 57 96 92 28 81 1
27 90 99 29 37 56 73 1
28 104 97 11 19 53 66 2
29 60 50 24 29 83 57 1
30 28 29 60 59 14 15 1
31 91 83 66 69 4 27 2
32 41 51 83 81 8 58 2
33 14 4 90 95 82 14 1
34 73 71 80 70 58 31 2
35 56 64 103 99 70 99 2
36 55 47 33 30 6 76 2
37 79 72 36 38 4 23 2
38 44 47 83 82 19 19 1
39 47 38 94 96 36 93 1
40 87 94 59 69 64 68 1
41 98 97 72 71 20 21 1
42 17 13 76 72 39 23 2
43 86 85 4 7 3 16 1
44 87 82 65 61 78 31 1
45 101 98 102 100 35 39 1
46 72 69 100 99 95 74 1
47 12 13 93 87 68 63 2
48 63 70 18 9 25 60 2
49 32 23 25 34 43 35 2
