2 50
2033 2031 
0 41 44 52 62 72 99 2
1 33 36 88 79 76 86 2
2 97 90 53 61 83 13 1
3 95 95 33 42 29 35 2
4 53 48 99 99 43 96 1
5 8 2 55 56 29 100 2
6 17 13 46 48 92 47 2
7 92 96 43 34 99 43 2
8 58 65 43 40 75 9 1
9 59 66 23 21 41 78 1
10 58 60 99 98 7 26 2
11 10 19 37 30 89 64 1
12 82 88 31 31 5 79 1
13 56 56 1 3 13 37 1
14 30 37 68 71 57 54 1
15 99 93 7 7 42 9 2
16 65 61 50 48 32 41 1
17 13 8 5 3 75 24 2
18 38 29 46 52 32 82 2
19 4 6 64 73 95 44 1
20 42 33 26 32 20 20 1
21 63 68 41 34 70 47 2
22 6 12 56 63 85 52 1
23 34 35 14 17 10 56 2
24 27 29 44 47 88 65 1
25 41 44 54 59 13 73 1
26 29 26 57 61 48 48 1
27 76 84 15 14 58 76 2
28 72 62 87 84 79 77 2
29 22 19 91 90 84 14 2
30 47 54 84 76 56 19 2
31 83 80 50 58 50 27 1
32 70 68 91 98 59 100 1
33 85 77 61 68 90 31 1
34 73 72 80 71 30 62 2
35 78 81 9 8 53 95 2
36 70 68 48 51 19 82 2
37 64 73 34 39 74 60 2
38 2 8 49 51 3 89 1
39 91 95 51 45 45 90 2
40 48 39 20 14 14 37 2
41 32 26 106 100 9 67 2
42 52 46 6 13 85 5 1
43 25 18 51 48 19 16 2
44 4 11 95 90 22 55 2
45 103 99 96 93 93 10 1
46 37 46 94 84 60 76 2
47 35 42 16 16 53 95 2
48 80 71 6 2 67 85 1
49 51 44 57 55 43 57 1
