2 50
1241 1246 
0 98 88 16 6 29 32 2
1 76 66 53 43 14 80 2
2 62 52 97 87 2 24 2
3 45 35 53 43 45 23 1
4 24 14 95 85 4 98 2
5 14 4 15 5 54 27 1
6 101 91 56 46 3 100 2
7 78 68 55 45 72 80 2
8 14 4 65 55 61 56 2
9 84 74 60 50 64 60 1
10 32 22 78 68 99 80 2
11 47 37 56 46 34 68 1
12 67 57 94 84 100 100 2
13 12 2 68 58 28 45 1
14 46 36 84 74 62 82 1
15 98 88 30 20 64 36 2
16 27 17 94 84 79 13 2
17 13 3 65 55 91 49 2
18 104 94 51 41 58 27 2
19 17 7 85 75 81 4 1
20 90 80 28 18 12 76 2
21 21 11 106 96 46 81 2
22 73 63 84 74 92 46 2
23 77 67 42 32 67 41 2
24 106 96 49 39 52 86 2
25 37 27 98 88 26 67 2
26 102 92 49 39 83 67 1
27 92 82 33 23 29 55 1
28 87 77 13 3 61 66 1
29 45 35 18 8 100 87 2
30 87 77 109 99 61 34 2
31 82 72 35 25 41 49 2
32 107 97 94 84 14 66 1
33 16 6 61 51 63 9 1
34 54 44 41 31 85 71 1
35 40 30 77 67 69 64 2
36 107 97 30 20 68 36 1
37 17 7 53 43 39 70 2
38 84 74 59 49 40 95 1
39 56 46 44 34 28 43 2
40 83 73 90 80 3 29 2
41 24 14 20 10 91 74 2
42 110 100 76 66 13 62 2
43 77 67 38 28 54 80 1
44 30 20 81 71 70 18 1
45 14 4 67 57 27 44 1
46 45 35 19 9 70 68 1
47 14 4 99 89 100 82 2
48 99 89 17 7 69 92 2
49 47 37 92 82 27 94 2
