2 50
532 465 
0 13 3 31 21 68 98 2
1 87 77 64 54 99 54 1
2 85 75 20 10 32 50 1
3 20 10 36 26 34 72 1
4 103 93 82 72 24 98 1
5 69 59 78 68 60 5 1
6 104 94 51 41 19 66 1
7 89 79 66 56 80 25 1
8 33 23 84 74 5 90 1
9 75 65 43 33 7 27 2
10 27 17 73 63 88 66 1
11 78 68 87 77 79 78 2
12 102 92 29 19 51 55 2
13 103 93 59 49 1 53 1
14 53 43 91 81 43 97 2
15 25 15 65 55 54 68 1
16 38 28 105 95 56 15 2
17 64 54 16 6 5 80 2
18 91 81 46 36 16 52 2
19 72 62 32 22 57 56 1
20 65 55 103 93 90 14 1
21 36 26 21 11 38 95 1
22 68 58 79 69 23 89 1
23 84 74 49 39 93 79 2
24 41 31 92 82 55 35 2
25 32 22 93 83 95 23 1
26 69 59 16 6 27 87 2
27 71 61 12 2 34 33 1
28 74 64 108 98 9 12 1
29 36 26 109 99 90 51 2
30 86 76 108 98 37 45 1
31 89 79 34 24 29 61 2
32 58 48 45 35 88 4 2
33 31 21 84 74 20 95 1
34 17 7 12 2 14 32 2
35 75 65 12 2 63 2 1
36 14 4 37 27 31 51 1
37 52 42 88 78 33 98 2
38 95 85 62 52 42 78 1
39 23 13 19 9 35 92 2
40 18 8 25 15 91 24 1
41 59 49 55 45 82 43 2
42 69 59 35 25 14 70 1
43 96 86 57 47 41 30 2
44 85 75 36 26 82 95 2
45 21 11 74 64 56 18 2
46 52 42 34 24 46 49 1
47 105 95 98 88 90 61 1
48 106 96 24 14 13 97 1
49 102 92 47 37 61 53 2
