2 50
1315 1267 
0 95 96 6 14 72 45 1
1 36 36 75 71 2 31 1
2 12 18 89 89 17 14 2
3 89 91 48 46 76 99 2
4 64 68 10 19 99 37 1
5 108 98 42 52 20 44 1
6 1 1 33 28 14 11 1
7 75 80 13 18 60 66 1
8 7 17 92 84 2 79 2
9 65 62 8 9 28 50 2
10 21 12 57 58 80 67 2
11 30 35 44 46 24 86 1
12 8 16 57 59 26 61 1
13 22 16 51 55 32 21 1
14 95 93 33 27 7 62 1
15 26 29 42 51 37 48 2
16 69 77 62 64 14 74 2
17 59 68 72 63 71 56 2
18 80 81 101 96 46 99 1
19 48 50 8 17 58 37 1
20 80 81 93 88 80 4 1
21 42 52 20 18 25 78 1
22 85 76 35 27 3 28 1
23 100 99 72 81 7 74 2
24 91 81 108 99 30 34 2
25 19 20 45 35 13 1 2
26 12 18 56 61 77 3 2
27 95 92 21 30 36 26 2
28 76 82 12 4 88 88 2
29 43 39 12 10 2 54 2
30 10 18 47 40 8 15 1
31 9 4 92 90 60 32 1
32 15 24 57 54 3 84 2
33 85 85 61 68 24 29 2
34 88 84 74 83 87 82 2
35 29 29 55 64 53 20 2
36 26 32 25 15 95 72 1
37 35 41 5 7 100 92 2
38 103 100 42 35 12 37 2
39 31 35 99 93 96 2 2
40 25 35 18 10 79 93 1
41 95 98 77 80 91 3 1
42 69 62 28 21 71 40 2
43 1 6 38 28 5 54 1
44 73 83 64 62 22 76 1
45 90 95 83 89 77 1 2
46 57 62 93 100 93 53 2
47 4 6 80 88 35 1 1
48 8 3 34 34 100 8 1
49 50 44 56 55 38 51 2
