2 50
1578 1192 
0 38 33 57 51 47 49 2
1 22 13 48 48 100 4 2
2 51 59 28 30 59 45 2
3 84 92 43 47 23 7 1
4 69 61 2 12 26 53 1
5 89 99 57 53 79 14 2
6 54 54 83 81 56 10 2
7 66 57 104 95 3 11 1
8 56 58 33 25 82 31 2
9 59 63 23 18 8 73 1
10 98 97 47 43 47 41 2
11 48 56 62 67 62 76 1
12 12 9 61 52 59 87 2
13 1 1 49 48 31 19 1
14 55 54 93 88 59 31 2
15 58 66 82 88 42 71 2
16 45 50 38 37 67 73 1
17 54 49 46 44 33 16 2
18 9 18 30 33 61 62 1
19 89 91 49 58 97 82 2
20 85 94 1 1 82 83 1
21 90 85 47 51 34 61 2
22 83 85 33 36 59 37 2
23 73 64 45 38 97 63 2
24 25 18 42 36 18 70 2
25 66 57 71 72 52 22 1
26 90 95 39 30 59 1 2
27 62 61 101 99 65 21 1
28 27 27 42 49 64 74 1
29 89 80 66 59 79 24 1
30 79 71 3 1 46 32 2
31 75 77 63 55 62 74 1
32 78 85 7 15 78 79 2
33 56 58 40 49 56 28 2
34 81 81 88 80 85 32 1
35 84 90 31 25 55 31 2
36 93 97 63 72 34 41 1
37 83 74 32 40 40 42 2
38 81 77 28 20 58 94 1
39 40 44 8 2 68 71 2
40 88 84 52 59 100 66 1
41 53 55 27 37 4 34 2
42 82 87 41 46 29 98 2
43 64 59 82 81 58 52 2
44 34 40 25 19 86 4 2
45 84 92 85 94 39 80 1
46 23 31 59 69 99 74 1
47 71 63 39 45 52 77 1
48 76 72 10 3 71 96 2
49 70 73 84 84 12 36 1
