2 60
552 567 
0 89 95 66 13 55 44 1
1 2 91 10 26 52 49 1
2 95 89 96 68 92 100 1
3 7 94 84 49 47 79 1
4 53 67 21 18 94 68 1
5 92 33 1 87 30 40 1
6 25 48 73 75 25 11 1
7 7 99 39 37 97 67 2
8 6 28 58 95 59 57 1
9 34 13 2 68 33 87 1
10 50 15 43 61 15 25 1
11 82 86 55 97 47 5 2
12 50 11 11 62 53 29 1
13 13 43 62 82 69 29 2
14 90 48 63 82 87 6 2
15 63 32 16 46 6 91 2
16 57 60 10 47 87 24 1
17 25 83 62 78 65 16 2
18 10 20 46 43 70 91 2
19 81 9 69 76 72 30 2
20 37 100 33 7 48 43 2
21 42 7 3 73 72 14 2
22 95 19 48 70 20 88 2
23 83 70 76 52 72 46 2
24 32 4 77 22 42 9 2
25 38 59 10 74 74 65 1
26 79 89 100 32 32 38 2
27 23 51 83 81 78 77 1
28 97 5 10 27 37 25 1
29 88 50 96 21 32 59 2
30 76 1 41 31 76 33 1
31 99 39 32 25 43 68 1
32 23 79 52 9 36 7 1
33 30 88 67 79 19 32 1
34 63 27 11 26 89 99 2
35 24 8 93 43 81 26 1
36 56 27 93 2 48 24 1
37 70 48 31 14 65 9 2
38 10 11 62 46 77 93 2
39 63 30 27 88 59 80 2
40 83 30 88 13 49 48 2
41 1 21 65 3 43 69 2
42 13 49 49 8 5 36 1
43 94 69 39 99 1 28 2
44 78 6 86 85 63 50 1
45 98 26 11 20 43 93 2
46 8 5 88 43 59 71 2
47 40 61 16 43 1 73 1
48 48 26 68 57 7 8 1
49 5 23 89 34 28 13 1
50 2 42 19 76 24 54 1
51 74 83 66 74 6 3 1
52 30 84 43 19 51 27 2
53 92 3 69 58 43 41 2
54 23 100 92 74 78 48 2
55 13 67 70 5 93 87 2
56 62 64 82 19 69 57 1
57 39 82 24 20 61 37 2
58 47 31 24 22 22 63 2
59 6 13 11 32 5 81 1
