2 60
585 492 
0 104 94 22 12 13 56 1
1 34 24 11 1 83 60 1
2 48 38 91 81 39 23 1
3 63 53 71 61 33 48 2
4 78 68 49 39 31 17 1
5 32 22 41 31 57 97 1
6 107 97 54 44 65 22 1
7 76 66 53 43 98 79 2
8 76 66 27 17 26 40 1
9 14 4 90 80 1 45 1
10 78 68 32 22 74 18 2
11 81 71 90 80 70 84 1
12 105 95 32 22 99 42 1
13 82 72 30 20 79 78 1
14 28 18 66 56 74 26 2
15 20 10 52 42 51 17 1
16 49 39 16 6 65 63 1
17 79 69 31 21 22 70 1
18 74 64 29 19 51 56 1
19 51 41 19 9 15 70 2
20 28 18 66 56 21 17 1
21 31 21 24 14 63 61 2
22 55 45 66 56 65 48 2
23 23 13 96 86 31 27 1
24 16 6 67 57 19 83 2
25 103 93 64 54 77 9 2
26 80 70 27 17 86 59 2
27 14 4 63 53 13 33 1
28 13 3 47 37 31 55 2
29 11 1 76 66 58 3 2
30 37 27 59 49 16 61 1
31 48 38 101 91 43 10 2
32 53 43 40 30 92 14 1
33 62 52 107 97 6 35 1
34 16 6 103 93 75 57 1
35 98 88 35 25 23 30 1
36 77 67 100 90 62 83 2
37 99 89 35 25 92 30 2
38 78 68 53 43 72 8 2
39 94 84 82 72 40 23 2
40 29 19 36 26 92 75 2
41 50 40 46 36 45 77 1
42 72 62 38 28 61 6 2
43 83 73 44 34 43 16 2
44 72 62 23 13 76 6 1
45 88 78 33 23 34 83 1
46 51 41 25 15 45 32 2
47 68 58 61 51 40 21 1
48 45 35 63 53 7 4 1
49 85 75 30 20 96 39 2
50 100 90 15 5 6 90 1
51 79 69 43 33 27 21 1
52 70 60 13 3 10 51 1
53 84 74 105 95 70 89 2
54 12 2 50 40 9 99 1
55 48 38 16 6 81 85 1
56 30 20 52 42 99 97 2
57 26 16 39 29 47 57 2
58 71 61 50 40 45 17 1
59 49 39 65 55 29 3 1
