2 60
1484 1402 
0 3 69 80 87 71 25 2
1 44 37 60 80 25 77 1
2 13 79 14 50 25 57 1
3 21 96 98 43 88 22 1
4 35 61 3 4 75 99 2
5 18 35 27 89 66 39 1
6 27 54 75 89 59 93 1
7 53 53 85 91 67 35 2
8 24 2 84 69 45 31 1
9 100 15 60 70 52 83 2
10 4 85 97 31 57 67 2
11 56 28 29 39 41 75 2
12 84 97 45 40 18 80 2
13 83 13 32 60 83 91 2
14 72 70 45 4 40 88 2
15 57 14 10 28 66 60 1
16 51 6 96 85 11 54 1
17 71 53 8 48 88 14 1
18 56 2 100 25 94 51 2
19 51 91 47 58 60 4 1
20 23 26 19 33 17 85 1
21 76 65 29 31 7 52 2
22 97 37 42 88 80 23 1
23 45 84 38 66 92 63 2
24 10 86 63 4 2 85 2
25 12 17 84 32 57 85 2
26 77 43 6 78 94 94 1
27 81 97 49 27 51 74 2
28 47 95 60 17 73 40 1
29 38 40 46 11 70 28 1
30 50 23 23 53 95 35 1
31 21 77 46 63 96 16 2
32 45 1 82 31 46 56 1
33 100 42 37 25 71 44 1
34 81 21 37 20 83 89 1
35 82 38 43 65 72 54 1
36 86 41 23 24 36 34 1
37 96 14 57 80 41 33 1
38 4 65 56 8 38 40 2
39 13 64 77 14 33 17 1
40 93 36 98 11 44 15 2
41 51 35 15 17 46 6 1
42 35 91 71 50 73 91 2
43 72 75 17 5 62 47 1
44 12 12 20 91 81 48 2
45 48 28 69 22 12 30 1
46 30 51 10 89 27 6 2
47 62 83 38 57 91 1 2
48 22 56 34 95 51 95 2
49 19 73 3 84 20 8 1
50 44 80 53 22 50 5 2
51 44 61 36 52 67 79 2
52 88 22 1 57 79 12 2
53 82 45 51 8 81 79 2
54 97 82 66 48 11 94 1
55 31 13 80 51 32 96 1
56 36 74 56 21 90 63 2
57 69 44 54 90 56 87 1
58 61 69 38 52 82 69 2
59 48 3 61 22 62 54 2
