2 60
1734 1386 
0 38 35 49 53 67 76 2
1 2 7 57 50 35 35 1
2 67 65 44 36 73 74 1
3 90 98 41 45 6 42 2
4 83 91 37 42 29 96 2
5 66 61 5 7 71 16 2
6 15 24 57 51 98 37 1
7 74 71 4 9 9 79 2
8 80 76 36 43 11 60 2
9 54 57 10 4 71 40 2
10 26 23 67 61 63 24 2
11 92 98 6 9 63 74 2
12 57 63 1 6 60 57 2
13 72 67 14 6 20 80 2
14 76 76 6 2 28 99 1
15 49 44 73 66 74 45 2
16 65 56 50 43 15 16 2
17 94 99 86 94 41 98 1
18 109 100 9 15 83 47 1
19 90 97 63 64 30 43 1
20 29 36 42 43 12 78 2
21 62 71 32 29 18 83 1
22 94 99 57 50 85 82 1
23 25 34 18 8 37 28 2
24 77 68 94 86 71 3 2
25 63 71 89 86 46 57 1
26 24 21 68 64 70 48 2
27 91 95 38 33 79 69 1
28 1 5 32 27 19 53 1
29 47 50 16 21 80 46 2
30 80 81 4 11 37 5 1
31 1 3 94 89 38 29 2
32 13 7 34 37 15 81 2
33 67 72 64 63 61 78 1
34 73 83 80 82 43 22 1
35 58 60 97 87 95 28 1
36 103 99 81 82 32 45 1
37 19 24 89 90 93 58 1
38 84 75 2 10 4 58 2
39 17 22 85 80 94 5 2
40 73 74 45 49 15 49 2
41 60 53 42 35 66 81 2
42 82 85 41 44 57 30 1
43 52 53 78 83 74 57 1
44 23 22 1 1 37 13 1
45 53 46 54 48 84 29 1
46 46 49 82 87 47 1 1
47 7 17 88 91 3 80 2
48 78 74 12 5 76 26 2
49 21 23 35 34 81 100 1
50 42 46 74 80 85 22 2
51 60 63 44 54 40 55 1
52 99 96 24 31 99 82 1
53 77 71 40 34 21 56 2
54 56 64 21 30 76 83 2
55 92 83 26 21 69 37 2
56 29 32 85 79 66 64 1
57 42 42 79 80 45 30 1
58 75 79 54 62 47 57 1
59 21 13 31 40 85 17 1
