2 60
2412 2083 
0 11 1 29 19 18 56 1
1 57 47 42 32 28 1 1
2 87 77 30 20 36 34 1
3 22 12 38 28 67 91 1
4 53 43 24 14 2 19 1
5 31 21 32 22 84 85 1
6 102 92 57 47 92 78 2
7 15 5 92 82 68 20 2
8 31 21 82 72 47 74 1
9 93 83 61 51 64 85 1
10 97 87 43 33 22 20 1
11 36 26 45 35 4 31 1
12 96 86 23 13 47 13 2
13 105 95 53 43 55 75 2
14 91 81 29 19 55 34 1
15 39 29 71 61 15 47 1
16 60 50 27 17 33 33 2
17 82 72 42 32 63 51 2
18 101 91 48 38 26 14 2
19 86 76 46 36 60 5 2
20 63 53 101 91 48 45 2
21 78 68 71 61 84 93 1
22 78 68 89 79 62 76 1
23 46 36 11 1 93 75 2
24 39 29 82 72 84 32 1
25 26 16 87 77 47 39 1
26 31 21 70 60 34 39 1
27 53 43 94 84 5 70 1
28 84 74 18 8 64 88 2
29 58 48 31 21 8 8 2
30 92 82 106 96 32 23 1
31 39 29 92 82 81 43 1
32 24 14 103 93 35 8 2
33 21 11 66 56 67 8 1
34 55 45 50 40 99 85 1
35 93 83 30 20 36 26 2
36 108 98 23 13 2 92 1
37 110 100 46 36 90 15 2
38 13 3 80 70 55 98 2
39 29 19 25 15 1 18 2
40 56 46 63 53 5 99 1
41 73 63 69 59 29 69 2
42 79 69 45 35 4 48 2
43 58 48 19 9 52 63 2
44 71 61 30 20 83 44 2
45 71 61 24 14 58 33 1
46 86 76 68 58 18 61 2
47 55 45 40 30 68 28 1
48 68 58 86 76 21 83 2
49 72 62 17 7 95 27 1
50 43 33 58 48 27 32 1
51 94 84 66 56 20 79 1
52 17 7 52 42 78 19 1
53 55 45 76 66 40 59 1
54 11 1 49 39 64 5 2
55 83 73 43 33 13 2 1
56 25 15 47 37 86 49 1
57 77 67 90 80 97 44 2
58 70 60 41 31 70 23 1
59 16 6 32 22 2 36 1
