2 60
668 576 
0 78 68 96 86 89 42 2
1 48 38 25 15 62 41 1
2 102 92 45 35 21 28 1
3 105 95 21 11 40 44 1
4 60 50 39 29 73 80 1
5 50 40 59 49 50 90 2
6 109 99 56 46 18 70 2
7 90 80 75 65 48 20 2
8 70 60 13 3 30 70 2
9 104 94 72 62 61 43 1
10 80 70 34 24 95 90 2
11 107 97 16 6 84 14 2
12 19 9 46 36 6 10 2
13 84 74 32 22 62 96 1
14 82 72 28 18 22 11 1
15 66 56 106 96 86 43 1
16 23 13 90 80 75 75 2
17 97 87 49 39 39 97 1
18 84 74 31 21 12 49 1
19 17 7 77 67 20 40 1
20 98 88 36 26 92 95 1
21 85 75 78 68 72 27 1
22 89 79 100 90 61 96 1
23 97 87 70 60 90 64 1
24 102 92 53 43 38 18 1
25 45 35 106 96 84 46 1
26 50 40 97 87 52 70 1
27 84 74 33 23 64 91 1
28 35 25 69 59 83 47 2
29 93 83 58 48 41 91 1
30 19 9 41 31 20 47 1
31 50 40 95 85 72 89 1
32 91 81 78 68 2 83 1
33 56 46 101 91 40 26 1
34 86 76 81 71 11 84 1
35 36 26 73 63 75 62 1
36 59 49 74 64 89 16 2
37 45 35 81 71 80 53 1
38 60 50 27 17 22 34 2
39 64 54 52 42 71 37 1
40 55 45 62 52 93 47 1
41 36 26 32 22 68 75 1
42 30 20 88 78 6 50 2
43 17 7 70 60 98 56 2
44 90 80 41 31 81 22 1
45 82 72 35 25 28 12 2
46 65 55 47 37 35 50 1
47 30 20 15 5 7 96 2
48 19 9 37 27 66 8 2
49 63 53 108 98 47 51 1
50 58 48 81 71 27 35 1
51 53 43 25 15 57 3 2
52 24 14 67 57 70 77 1
53 82 72 11 1 39 83 1
54 58 48 96 86 99 66 1
55 106 96 74 64 7 46 2
56 20 10 42 32 74 28 1
57 76 66 81 71 2 88 1
58 61 51 40 30 22 37 2
59 99 89 15 5 57 27 2
