2 60
666 616 
0 41 31 59 49 32 84 1
1 87 77 72 62 10 86 2
2 25 15 68 58 81 67 1
3 80 70 96 86 75 52 1
4 19 9 90 80 46 13 2
5 41 31 50 40 41 48 2
6 108 98 55 45 44 66 1
7 37 27 14 4 32 32 2
8 69 59 20 10 67 72 1
9 59 49 35 25 56 14 2
10 79 69 33 23 45 18 2
11 98 88 99 89 20 3 2
12 66 56 93 83 22 7 1
13 87 77 35 25 49 76 1
14 105 95 43 33 3 7 1
15 93 83 33 23 45 48 1
16 82 72 49 39 20 36 1
17 84 74 44 34 75 3 1
18 83 73 30 20 7 8 2
19 80 70 48 38 7 70 2
20 13 3 51 41 69 57 1
21 108 98 101 91 30 27 1
22 76 66 87 77 48 73 2
23 60 50 33 23 72 41 2
24 109 99 60 50 37 93 2
25 24 14 85 75 20 99 1
26 65 55 12 2 98 13 2
27 103 93 44 34 67 30 1
28 74 64 108 98 24 23 2
29 48 38 21 11 8 4 2
30 82 72 104 94 95 90 1
31 45 35 98 88 55 6 2
32 26 16 13 3 17 89 2
33 59 49 104 94 28 56 1
34 97 87 92 82 81 57 2
35 63 53 100 90 14 1 1
36 22 12 37 27 68 3 2
37 72 62 108 98 25 74 2
38 19 9 94 84 97 84 2
39 79 69 67 57 87 26 1
40 42 32 49 39 80 40 1
41 43 33 39 29 41 2 1
42 97 87 63 53 6 80 2
43 96 86 57 47 53 46 2
44 81 71 32 22 42 77 2
45 85 75 30 20 61 86 1
46 108 98 82 72 97 93 2
47 45 35 38 28 61 64 2
48 82 72 100 90 35 40 1
49 74 64 19 9 3 52 2
50 29 19 44 34 67 33 1
51 16 6 80 70 4 97 1
52 47 37 90 80 85 78 2
53 33 23 62 52 67 58 1
54 89 79 27 17 75 89 1
55 77 67 45 35 21 22 1
56 75 65 97 87 86 56 1
57 51 41 64 54 24 54 2
58 20 10 91 81 39 3 1
59 74 64 90 80 61 30 2
