2 60
1484 1418 
0 42 32 27 50 42 51 1
1 19 68 35 3 53 43 1
2 4 38 5 9 3 42 1
3 60 95 37 42 32 13 2
4 90 60 66 11 5 61 1
5 9 34 10 88 56 100 2
6 22 1 78 28 6 27 1
7 80 76 12 14 74 35 1
8 19 61 71 36 90 15 2
9 63 14 31 69 26 18 1
10 27 100 20 46 54 50 2
11 19 7 92 18 38 55 1
12 63 4 24 55 98 62 1
13 2 28 43 75 68 54 2
14 27 9 100 43 79 92 1
15 60 69 13 91 88 26 1
16 54 33 99 20 60 89 2
17 98 72 35 67 49 20 1
18 83 65 19 80 68 96 1
19 66 50 54 17 61 72 2
20 30 13 26 20 83 64 2
21 55 40 16 98 90 31 2
22 100 28 45 79 39 37 2
23 68 27 53 9 41 49 1
24 21 49 66 67 27 51 1
25 75 88 47 3 59 46 2
26 28 66 57 9 89 12 2
27 52 20 12 58 17 34 1
28 22 50 35 72 85 91 1
29 13 99 21 70 6 91 1
30 13 62 86 92 64 50 1
31 56 12 89 90 27 93 1
32 80 40 17 70 11 34 1
33 11 61 56 52 67 91 2
34 68 24 24 23 58 6 2
35 53 77 22 4 15 46 2
36 21 84 58 67 74 42 1
37 83 81 44 47 64 84 1
38 7 88 59 23 40 80 2
39 92 47 48 5 16 8 2
40 92 87 97 62 41 2 1
41 30 78 86 60 45 81 1
42 78 74 6 33 5 14 2
43 83 22 28 52 38 63 1
44 95 55 3 34 12 87 2
45 23 23 36 25 83 5 1
46 69 82 49 12 77 88 2
47 1 18 77 100 71 75 2
48 81 87 1 26 84 25 1
49 66 44 42 63 45 36 2
50 27 11 36 45 83 46 1
51 59 72 51 63 66 40 2
52 63 53 76 88 86 18 2
53 37 20 6 83 21 34 2
54 60 41 29 7 58 41 2
55 18 44 75 74 12 68 2
56 3 65 23 20 32 79 1
57 8 59 85 5 46 52 1
58 100 4 77 87 80 54 1
59 23 58 36 77 16 21 2
