2 60
590 665 
0 68 76 100 94 13 19 2
1 86 76 20 19 79 49 1
2 49 54 42 33 80 91 1
3 94 99 45 46 7 100 2
4 10 16 77 67 30 62 2
5 47 54 94 100 46 68 2
6 39 45 81 72 57 63 2
7 18 16 56 62 4 72 1
8 6 13 83 80 24 6 1
9 52 42 87 89 89 29 2
10 16 20 65 66 90 6 2
11 66 59 72 62 33 79 2
12 13 12 70 63 46 36 1
13 73 64 1 3 30 71 2
14 45 49 75 75 31 2 2
15 64 61 88 83 87 76 1
16 65 69 50 56 95 19 1
17 102 100 94 95 81 10 1
18 27 25 56 48 71 59 2
19 24 18 92 93 24 46 2
20 60 53 52 60 91 89 1
21 68 72 38 38 1 18 1
22 29 36 92 87 99 16 1
23 22 27 1 1 28 20 2
24 2 1 19 19 64 75 2
25 58 60 84 75 5 65 1
26 84 90 20 25 19 66 1
27 83 88 22 26 21 88 1
28 97 90 12 12 7 80 1
29 22 31 20 10 52 32 1
30 75 70 107 100 83 59 1
31 16 24 20 10 20 50 1
32 87 80 8 10 82 80 2
33 59 53 43 44 62 50 1
34 88 96 95 95 78 50 2
35 31 25 49 52 11 93 1
36 82 92 73 67 59 69 2
37 80 85 66 59 86 12 1
38 22 28 61 63 67 65 1
39 9 19 69 77 34 74 2
40 3 7 75 82 74 92 1
41 52 62 26 36 8 70 1
42 34 34 93 93 66 5 1
43 78 74 12 4 71 79 1
44 30 31 1 10 89 92 2
45 34 35 35 37 96 58 2
46 52 42 88 80 57 54 1
47 20 10 96 92 84 62 1
48 94 99 36 38 28 67 1
49 39 44 53 63 80 13 1
50 65 55 97 89 7 60 2
51 31 40 36 31 71 8 1
52 5 5 30 40 80 30 1
53 11 4 61 67 58 27 2
54 85 93 58 67 98 27 1
55 51 52 85 90 95 56 2
56 10 9 58 56 14 92 2
57 59 63 4 1 16 93 1
58 14 8 93 91 67 95 2
59 107 98 17 25 20 23 1
