2 60
604 587 
0 67 57 85 75 32 99 1
1 81 71 58 48 19 66 2
2 79 69 14 4 30 67 1
3 38 28 46 36 59 80 2
4 29 19 108 98 25 7 2
5 23 13 32 22 57 77 1
6 106 96 53 43 20 37 1
7 23 13 100 90 70 4 2
8 75 65 26 16 64 6 2
9 77 67 45 35 94 64 2
10 77 67 31 21 3 17 2
11 64 54 73 63 88 80 1
12 52 42 79 69 96 93 2
13 77 67 33 23 18 69 2
14 51 41 89 79 96 50 1
15 47 37 79 69 96 91 1
16 108 98 75 65 18 16 2
17 66 56 26 16 77 66 2
18 73 63 28 18 15 58 1
19 22 12 90 80 93 92 2
20 43 33 81 71 85 49 1
21 54 44 47 37 18 17 2
22 34 24 45 35 69 5 2
23 86 76 59 49 51 48 2
24 23 13 74 64 31 97 2
25 82 72 43 33 72 67 2
26 95 85 34 24 74 82 1
27 33 23 74 64 72 47 2
28 52 42 86 76 17 55 2
29 66 56 39 29 12 87 2
30 100 90 22 12 61 14 2
31 51 41 104 94 100 53 1
32 88 78 67 57 82 52 1
33 65 55 110 100 90 33 2
34 27 17 22 12 59 85 2
35 25 15 62 52 6 10 2
36 40 30 63 53 98 9 1
37 26 16 62 52 30 73 1
38 45 35 12 2 75 65 2
39 109 99 97 87 61 15 2
40 16 6 23 13 23 36 2
41 57 47 53 43 30 81 1
42 47 37 105 95 1 46 2
43 70 60 23 13 70 80 1
44 63 53 14 4 99 1 2
45 83 73 36 26 48 47 2
46 94 84 68 58 65 22 1
47 83 73 76 66 16 17 2
48 108 98 26 16 77 65 2
49 88 78 33 23 31 79 1
50 71 61 86 76 60 60 1
51 42 32 106 96 61 13 2
52 93 83 36 26 100 48 1
53 27 17 56 46 28 16 1
54 43 33 81 71 11 12 1
55 19 9 79 69 82 44 2
56 85 75 107 97 99 35 2
57 101 91 14 4 36 93 1
58 30 20 101 91 6 90 1
59 24 14 40 30 68 89 1
