2 60
478 620 
0 75 21 52 39 43 96 1
1 52 37 60 72 2 13 1
2 77 7 86 78 37 62 2
3 85 92 70 47 70 82 2
4 63 73 31 24 87 96 1
5 66 31 75 85 88 71 2
6 23 42 71 69 70 7 2
7 53 45 93 83 59 71 2
8 88 54 40 21 86 1 1
9 76 11 44 66 6 89 1
10 96 45 89 91 87 30 2
11 8 52 73 55 92 36 2
12 8 25 69 76 99 10 1
13 43 73 92 12 79 81 2
14 8 26 73 60 2 22 2
15 61 50 14 64 19 58 1
16 63 22 16 9 20 84 1
17 79 13 16 8 1 26 2
18 64 46 100 69 81 29 2
19 11 35 99 2 60 88 1
20 51 74 47 81 27 62 1
21 8 57 69 15 40 59 1
22 1 1 46 52 58 70 1
23 21 56 14 30 82 38 1
24 54 30 99 48 42 99 2
25 64 93 28 8 42 85 2
26 73 35 2 78 95 7 1
27 57 5 25 43 50 32 2
28 55 7 68 29 42 47 1
29 38 60 46 31 34 25 2
30 2 87 67 17 95 58 2
31 77 9 10 87 36 42 1
32 93 57 22 87 87 38 2
33 60 42 5 25 84 19 1
34 37 25 93 24 57 75 2
35 74 86 35 21 25 85 1
36 26 5 63 88 23 41 1
37 52 82 5 48 79 81 2
38 16 49 60 92 83 7 2
39 5 4 69 54 8 41 1
40 81 32 78 7 36 22 2
41 51 15 15 89 70 37 1
42 91 7 19 66 51 29 2
43 16 63 61 85 34 83 2
44 36 92 44 71 48 69 1
45 48 24 61 18 52 2 1
46 78 59 58 97 5 92 2
47 18 47 94 29 20 52 1
48 82 88 94 19 4 27 2
49 91 73 75 84 85 20 1
50 68 4 77 38 31 91 2
51 4 5 96 96 83 40 1
52 80 38 93 73 77 79 1
53 10 53 79 16 40 60 2
54 49 26 18 92 64 30 1
55 95 13 52 51 18 77 1
56 88 62 8 9 82 97 1
57 9 12 94 50 10 36 2
58 25 1 10 84 19 8 2
59 56 15 69 42 75 43 1
