2 60
2436 2515 
0 45 91 22 9 31 69 1
1 94 99 2 34 79 11 1
2 67 41 68 12 58 48 2
3 63 94 48 49 58 35 2
4 89 35 65 86 21 54 1
5 4 41 13 95 46 19 2
6 41 80 89 7 55 74 1
7 99 23 31 69 14 94 2
8 86 24 38 99 95 44 1
9 74 29 42 84 20 78 2
10 66 95 59 41 33 28 1
11 86 54 59 65 98 92 1
12 10 55 71 98 79 66 1
13 93 31 42 78 93 11 2
14 18 36 91 70 100 66 2
15 55 52 8 74 41 46 1
16 25 20 78 7 97 94 2
17 9 71 46 66 71 81 1
18 2 32 38 55 4 23 1
19 61 21 57 96 64 99 2
20 81 96 77 3 68 52 2
21 70 31 31 97 76 64 1
22 87 91 40 42 21 72 2
23 31 34 16 16 31 49 2
24 52 8 5 34 25 77 2
25 42 99 14 22 91 27 2
26 87 5 16 40 79 19 2
27 63 27 31 65 56 28 1
28 81 65 94 87 32 8 2
29 80 10 88 81 88 49 1
30 80 73 45 3 34 14 1
31 79 83 4 69 62 76 1
32 27 67 64 97 67 11 1
33 2 88 47 71 43 61 2
34 43 3 99 2 71 63 2
35 48 12 17 39 39 16 1
36 76 99 13 74 89 31 2
37 74 20 27 86 26 88 2
38 94 35 46 70 53 9 2
39 79 50 43 8 35 26 2
40 23 46 28 29 97 17 1
41 1 77 65 51 37 88 1
42 9 25 37 84 32 17 1
43 14 1 67 31 75 82 2
44 30 54 38 33 29 51 2
45 6 34 19 28 84 83 2
46 4 81 92 19 16 27 2
47 28 25 12 7 78 44 1
48 28 62 48 1 6 15 2
49 61 23 45 34 19 2 2
50 46 2 55 44 41 95 2
51 46 95 38 86 73 18 1
52 54 52 67 87 46 65 2
53 36 87 13 50 62 66 1
54 19 4 88 78 4 67 2
55 77 75 34 5 71 41 1
56 58 88 78 43 52 92 2
57 59 46 44 84 82 37 1
58 3 75 80 58 78 20 1
59 90 73 3 92 35 51 2
