2 60
1676 1352 
0 14 24 46 42 40 46 1
1 78 84 17 19 91 73 2
2 42 34 1 5 67 39 1
3 92 95 43 42 63 3 2
4 7 4 45 47 67 45 1
5 68 58 1 4 88 60 1
6 73 65 94 92 58 26 2
7 27 32 65 70 30 4 2
8 70 61 26 28 51 85 2
9 38 46 10 1 25 79 2
10 66 60 15 6 69 13 2
11 38 35 44 46 72 35 2
12 87 84 36 27 18 51 2
13 7 4 57 51 35 45 2
14 88 93 10 19 54 54 2
15 24 25 32 39 61 58 2
16 45 45 38 32 12 31 1
17 43 48 27 35 9 33 1
18 72 81 1 4 39 28 1
19 80 74 48 49 82 77 2
20 1 5 6 4 11 2 1
21 81 80 38 46 96 79 1
22 71 72 13 23 5 85 2
23 56 55 28 37 99 14 1
24 54 57 71 75 90 34 2
25 80 84 93 99 10 91 1
26 85 90 29 33 25 67 2
27 77 80 24 18 67 51 1
28 72 70 87 92 16 74 2
29 14 11 99 90 63 38 2
30 12 6 44 36 2 35 1
31 90 100 78 78 7 71 2
32 21 24 63 54 6 62 1
33 46 53 43 44 21 25 1
34 94 84 80 83 69 73 2
35 72 69 11 4 24 7 1
36 26 28 1 3 60 84 1
37 17 25 87 91 26 98 1
38 42 36 89 79 53 10 1
39 82 79 29 37 10 21 2
40 13 19 85 94 50 28 2
41 81 82 63 64 21 75 2
42 17 18 76 77 81 7 1
43 91 94 17 24 68 31 1
44 61 59 31 38 7 71 2
45 47 39 35 41 86 60 2
46 32 34 68 64 28 88 1
47 43 46 11 20 19 53 2
48 66 67 8 6 95 44 2
49 40 44 54 63 18 67 1
50 29 39 82 73 52 29 2
51 90 96 95 87 57 45 2
52 84 89 30 24 13 45 1
53 102 96 52 59 56 13 1
54 50 49 15 15 7 10 2
55 62 52 96 90 54 30 2
56 11 21 75 76 65 56 2
57 85 95 30 33 83 76 2
58 83 76 70 67 72 32 2
59 73 78 4 5 33 29 1
