2 60
2511 2620 
0 85 75 103 93 72 78 2
1 71 61 56 46 82 71 1
2 41 31 76 66 9 56 2
3 72 62 88 78 83 21 2
4 43 33 14 4 70 78 1
5 41 31 50 40 24 89 1
6 104 94 59 49 54 34 2
7 29 19 106 96 84 61 2
8 25 15 76 66 59 75 2
9 75 65 43 33 50 82 1
10 99 89 45 35 4 54 2
11 62 52 71 61 18 10 1
12 102 92 37 27 34 33 2
13 107 97 55 45 40 64 2
14 53 43 91 81 84 31 2
15 85 75 25 15 32 76 2
16 34 24 101 91 86 10 2
17 100 90 60 50 85 35 2
18 103 93 58 48 77 55 1
19 44 34 104 94 97 40 2
20 33 23 71 61 17 15 2
21 32 22 25 15 73 79 2
22 20 10 31 21 89 38 1
23 20 10 93 83 39 20 1
24 17 7 68 58 94 95 1
25 68 58 21 11 16 74 1
26 101 91 48 38 31 19 1
27 23 13 64 54 22 78 1
28 14 4 40 30 27 93 1
29 40 30 13 3 11 42 2
30 74 64 88 78 48 36 1
31 41 31 86 76 99 22 2
32 62 52 49 39 92 13 2
33 107 97 60 50 8 43 2
34 25 15 20 10 81 42 2
35 39 29 76 66 14 42 2
36 82 72 105 95 83 83 2
37 56 46 92 82 35 76 1
38 95 85 62 52 97 54 1
39 99 89 95 85 42 57 2
40 82 72 89 79 36 9 1
41 59 49 55 45 52 7 1
42 37 27 95 85 11 19 2
43 92 82 45 35 69 94 2
44 89 79 48 38 91 23 2
45 73 63 26 16 95 1 1
46 100 90 82 72 53 69 1
47 109 99 102 92 28 84 2
48 42 32 60 50 31 35 2
49 58 48 103 93 81 75 2
50 101 91 16 6 25 76 1
51 76 66 40 30 47 1 1
52 71 61 106 96 54 6 1
53 53 43 82 72 65 13 1
54 57 47 95 85 85 21 2
55 41 31 109 99 99 100 1
56 23 13 45 35 32 87 1
57 27 17 40 30 67 91 2
58 60 50 31 21 72 30 1
59 66 56 82 72 58 79 1
