2 60
2368 2457 
0 31 17 8 35 18 97 1
1 44 45 52 80 96 53 1
2 49 51 50 22 42 58 1
3 49 92 34 47 44 42 1
4 7 41 75 92 39 51 1
5 78 39 87 93 18 14 2
6 31 74 87 1 98 76 1
7 53 69 85 7 98 18 2
8 68 50 20 17 40 15 1
9 16 27 84 74 2 8 1
10 12 25 5 71 33 25 1
11 12 12 85 23 22 21 1
12 68 69 29 12 32 24 2
13 23 61 72 100 78 53 2
14 36 14 9 48 32 59 2
15 61 70 6 92 2 17 2
16 31 82 84 69 10 64 2
17 63 1 100 96 12 98 2
18 56 58 92 73 69 20 2
19 91 47 87 14 96 86 2
20 95 70 91 77 53 57 2
21 36 73 97 39 3 69 2
22 93 73 38 24 4 13 1
23 69 20 62 94 76 71 1
24 74 34 19 52 59 22 1
25 68 41 40 56 1 68 1
26 89 51 10 86 45 92 2
27 5 81 65 19 75 75 2
28 39 75 52 97 92 67 1
29 30 20 46 91 98 39 1
30 98 59 71 89 6 24 2
31 57 53 90 31 61 15 2
32 5 45 34 75 93 43 1
33 32 34 77 25 99 81 2
34 25 9 73 8 5 8 2
35 90 82 59 17 83 45 1
36 46 77 83 60 16 46 1
37 48 54 1 20 2 84 1
38 100 81 52 16 32 62 2
39 29 16 93 74 7 60 2
40 13 48 18 23 55 43 1
41 51 63 15 37 65 38 2
42 87 83 15 42 29 32 2
43 36 95 81 25 86 18 2
44 88 40 96 19 42 42 1
45 56 32 69 26 60 42 2
46 82 43 62 73 40 34 1
47 6 11 82 85 51 5 2
48 62 24 74 63 23 39 1
49 47 73 31 84 8 53 1
50 12 64 21 98 98 43 2
51 76 17 68 8 76 48 2
52 4 6 17 41 63 22 2
53 54 37 23 100 54 55 2
54 45 30 14 96 3 18 1
55 59 21 16 59 21 95 2
56 84 86 4 33 54 22 2
57 29 76 14 22 100 61 2
58 89 37 66 20 96 22 2
59 40 83 53 2 97 40 1
