2 60
1727 1384 
0 100 90 18 8 47 67 2
1 90 80 67 57 70 69 1
2 64 54 99 89 21 56 1
3 55 45 63 53 39 56 1
4 22 12 93 83 10 54 2
5 104 94 105 95 87 87 1
6 107 97 54 44 47 54 2
7 40 30 17 7 26 24 1
8 44 34 95 85 67 17 1
9 58 48 34 24 35 78 1
10 86 76 40 30 99 13 2
11 93 83 102 92 100 29 2
12 37 27 64 54 6 5 2
13 98 88 46 36 15 53 2
14 60 50 98 88 54 51 1
15 12 2 52 42 10 93 1
16 45 35 12 2 92 46 2
17 59 49 11 1 63 82 2
18 90 80 45 35 23 25 1
19 91 81 59 49 26 53 1
20 108 98 46 36 65 35 2
21 47 37 40 30 9 82 1
22 15 5 26 16 98 24 1
23 27 17 100 90 99 1 2
24 60 50 103 93 9 40 1
25 63 53 24 14 13 94 2
26 68 58 15 5 77 75 1
27 94 84 43 33 31 59 1
28 101 91 35 25 44 92 2
29 39 29 12 2 69 31 2
30 65 55 87 77 13 24 1
31 40 30 93 83 42 10 1
32 13 3 100 90 38 99 2
33 30 20 75 65 33 79 1
34 96 86 91 81 80 65 1
35 74 64 11 1 47 52 1
36 89 79 12 2 71 18 2
37 91 81 27 17 79 70 1
38 98 88 65 55 25 28 1
39 74 64 70 60 37 34 2
40 25 15 32 22 13 100 1
41 94 84 90 80 75 92 1
42 96 86 62 52 89 15 1
43 11 1 72 62 70 4 1
44 44 34 95 85 89 44 2
45 80 70 25 15 94 65 1
46 15 5 89 79 80 96 1
47 108 98 101 91 81 41 2
48 49 39 67 57 56 98 2
49 105 95 50 40 54 73 2
50 48 38 63 53 58 93 2
51 83 73 47 37 20 84 2
52 86 76 21 11 14 6 2
53 100 90 21 11 7 68 2
54 96 86 34 24 70 84 1
55 88 78 56 46 75 46 2
56 90 80 12 2 19 61 2
57 110 100 23 13 99 10 1
58 31 21 102 92 57 56 1
59 49 39 57 47 14 4 1
