2 60
2396 2233 
0 74 64 92 82 58 77 2
1 104 94 81 71 28 34 2
2 110 100 53 43 33 37 1
3 97 87 13 3 24 90 1
4 12 2 83 73 79 73 2
5 22 12 23 13 22 94 2
6 109 99 56 46 32 33 1
7 54 44 39 29 12 85 1
8 38 28 89 79 56 34 1
9 48 38 16 6 39 39 2
10 96 86 42 32 93 5 1
11 19 9 28 18 6 64 2
12 43 33 70 60 72 85 2
13 100 90 48 38 37 30 2
14 14 4 52 42 67 17 1
15 58 48 98 88 7 71 2
16 19 9 86 76 43 73 1
17 77 67 29 19 91 76 2
18 100 90 47 37 47 47 1
19 49 39 17 7 4 6 1
20 78 68 16 6 67 81 1
21 101 91 94 84 70 30 2
22 57 47 68 58 21 5 1
23 109 99 74 64 94 55 2
24 46 36 89 79 66 82 1
25 105 95 66 56 24 2 1
26 46 36 85 75 94 46 1
27 64 54 13 3 89 60 1
28 23 13 57 47 25 41 2
29 21 11 94 84 86 25 2
30 47 37 69 59 55 63 2
31 42 32 95 85 34 17 1
32 51 41 38 28 14 58 1
33 24 14 69 59 40 99 2
34 74 64 61 51 58 58 1
35 20 10 57 47 44 83 2
36 71 61 86 76 61 44 2
37 37 27 73 63 41 42 2
38 72 62 47 37 55 67 2
39 44 34 40 30 68 29 2
40 51 41 58 48 79 80 1
41 80 70 76 66 47 23 2
42 54 44 12 2 26 92 2
43 45 35 98 88 2 16 2
44 62 52 13 3 35 52 1
45 74 64 27 17 92 8 2
46 29 19 11 1 60 86 1
47 70 60 63 53 77 24 1
48 23 13 41 31 34 83 2
49 83 73 28 18 6 84 2
50 106 96 21 11 32 81 1
51 57 47 29 19 100 63 2
52 40 30 75 65 75 13 1
53 98 88 27 17 52 86 1
54 42 32 80 70 46 69 1
55 54 44 14 4 40 46 1
56 80 70 102 92 27 87 1
57 52 42 65 55 39 14 2
58 21 11 92 82 80 6 1
59 99 89 107 97 51 79 2
