2 60
2487 2403 
0 98 28 83 46 38 31 2
1 19 76 27 11 91 96 1
2 68 82 77 53 48 29 1
3 24 95 1 42 100 7 2
4 34 36 10 79 93 74 1
5 21 42 30 96 76 28 1
6 38 33 94 60 42 80 1
7 72 8 12 46 69 80 2
8 91 65 51 32 34 73 2
9 3 30 71 85 23 70 2
10 43 80 28 26 57 72 2
11 31 75 96 86 8 88 2
12 31 48 92 91 90 67 2
13 82 16 23 63 54 22 2
14 55 97 28 31 12 44 2
15 52 97 5 19 13 18 2
16 22 93 75 72 44 84 2
17 82 60 19 47 56 64 2
18 75 69 11 92 61 65 1
19 46 62 42 37 88 54 2
20 74 9 70 16 99 44 2
21 83 64 44 22 87 51 1
22 92 100 37 51 3 74 2
23 8 91 1 73 9 10 2
24 49 53 94 71 91 39 2
25 79 36 51 51 31 2 2
26 44 82 65 17 16 18 2
27 92 4 60 34 8 57 2
28 6 10 19 32 11 98 2
29 5 59 13 30 35 34 1
30 17 34 82 64 80 38 2
31 36 56 69 34 48 80 1
32 92 28 29 58 77 81 1
33 83 61 28 44 79 67 2
34 56 100 4 7 100 38 2
35 77 73 38 100 22 6 1
36 41 56 78 31 55 46 2
37 87 53 40 19 93 18 1
38 99 12 43 55 90 86 2
39 8 67 72 17 40 18 1
40 24 3 29 78 16 87 2
41 30 34 94 8 98 57 1
42 66 42 2 9 99 57 2
43 11 62 56 84 57 53 2
44 47 11 55 90 52 78 1
45 31 31 44 33 63 52 2
46 73 58 53 88 69 23 1
47 89 82 73 64 47 14 2
48 61 31 81 62 70 15 1
49 22 44 98 63 29 87 1
50 63 79 72 13 35 67 1
51 31 84 23 75 69 58 1
52 87 21 100 56 67 37 1
53 81 12 58 75 37 92 2
54 56 45 25 11 29 19 2
55 90 44 39 82 57 75 2
56 99 97 11 44 19 93 2
57 20 31 5 69 44 37 2
58 64 40 41 23 16 83 1
59 15 18 28 37 30 42 1
