2 60
2528 2729 
0 84 54 69 72 75 74 1
1 69 22 77 57 36 57 2
2 58 100 59 71 80 84 2
3 10 93 87 48 85 51 1
4 52 42 20 85 53 6 2
5 87 40 96 94 72 72 1
6 36 27 84 54 80 33 2
7 26 46 58 84 41 79 2
8 73 91 25 58 46 92 2
9 45 28 13 83 98 55 1
10 89 10 82 56 90 49 2
11 49 33 22 44 37 8 1
12 89 62 50 5 92 66 2
13 12 46 53 93 46 3 2
14 73 75 46 9 87 68 2
15 58 15 3 37 34 26 1
16 28 47 81 34 73 47 1
17 36 82 73 77 31 12 1
18 29 95 65 18 27 7 2
19 76 88 72 55 2 22 2
20 88 83 84 90 23 35 1
21 57 6 10 72 36 41 1
22 90 82 43 33 52 24 1
23 46 77 39 59 35 45 2
24 63 71 8 89 88 78 1
25 5 70 77 85 69 59 2
26 38 28 67 63 44 95 2
27 34 58 94 88 90 32 2
28 56 20 69 42 27 90 2
29 55 69 71 40 43 34 1
30 43 20 8 42 18 63 1
31 14 18 47 4 53 63 2
32 70 6 99 36 78 42 2
33 21 7 58 98 98 47 1
34 30 6 86 5 89 65 2
35 19 51 88 78 31 48 2
36 11 34 48 17 21 70 1
37 61 87 14 53 68 98 1
38 97 58 49 93 71 78 1
39 58 33 14 91 19 61 2
40 22 97 19 72 17 4 1
41 80 20 44 94 12 26 2
42 44 100 80 59 55 21 2
43 25 48 70 78 60 22 2
44 5 97 13 76 9 80 2
45 81 29 94 31 93 40 2
46 43 12 23 50 93 47 2
47 67 68 51 42 81 26 2
48 95 93 15 32 76 51 2
49 8 94 84 13 72 5 2
50 29 33 38 67 35 100 1
51 61 6 53 97 50 38 2
52 29 75 42 10 59 97 2
53 99 62 68 25 86 23 1
54 82 71 51 37 36 82 1
55 72 98 21 36 98 75 1
56 25 87 37 42 54 33 1
57 90 61 75 99 79 28 2
58 42 2 27 93 40 6 2
59 65 28 78 47 80 22 2
