2 60
1700 1352 
0 17 43 94 61 21 29 1
1 94 91 10 34 86 56 2
2 31 69 32 40 78 34 2
3 35 98 12 45 49 68 2
4 17 47 93 98 44 83 2
5 52 37 53 91 63 82 1
6 29 68 85 95 45 51 1
7 99 15 39 53 25 24 1
8 42 76 2 43 97 27 2
9 58 25 18 72 17 9 1
10 58 55 51 1 92 61 1
11 38 70 3 81 25 88 1
12 26 83 87 26 83 7 1
13 53 83 2 30 2 22 1
14 54 92 27 26 13 83 1
15 59 96 12 10 12 10 2
16 45 44 90 23 95 47 2
17 17 31 54 18 52 89 1
18 10 76 46 99 19 8 1
19 21 65 17 40 25 24 2
20 9 44 5 51 87 13 1
21 2 23 63 81 24 29 2
22 91 55 44 6 64 91 1
23 7 6 100 80 34 12 2
24 96 60 41 78 32 66 2
25 94 83 58 98 69 91 2
26 83 97 12 32 28 42 2
27 39 35 7 73 29 71 1
28 89 85 2 7 29 18 1
29 80 30 96 1 2 52 2
30 24 37 97 67 98 56 2
31 35 15 68 1 49 98 1
32 75 23 4 53 88 60 1
33 62 88 7 71 75 89 1
34 99 15 55 14 49 66 2
35 40 60 1 95 83 42 2
36 16 63 53 38 90 22 1
37 22 88 83 54 93 16 2
38 6 19 50 62 7 17 1
39 71 90 35 48 86 48 2
40 3 42 8 17 62 24 2
41 1 49 65 31 99 77 1
42 65 33 93 100 62 87 1
43 58 89 3 11 44 83 2
44 54 26 62 5 52 98 1
45 6 30 19 24 74 69 1
46 60 97 40 27 55 44 1
47 84 97 60 71 98 96 2
48 88 94 8 25 77 9 1
49 33 23 17 34 25 51 1
50 78 26 87 60 22 19 2
51 14 39 6 30 16 73 2
52 46 68 59 3 48 32 2
53 64 95 41 58 85 61 2
54 71 56 40 22 49 84 1
55 41 67 98 5 31 97 2
56 10 76 30 31 6 51 1
57 99 14 84 52 28 77 1
58 75 7 52 90 59 19 2
59 98 93 11 12 34 68 1
