2 60
2528 2003 
0 84 83 1 1 52 1 1
1 15 15 54 50 99 55 1
2 44 37 8 8 19 90 2
3 88 94 55 49 54 46 1
4 80 79 26 22 19 20 2
5 58 65 13 19 7 59 1
6 41 36 62 63 84 62 2
7 83 87 21 25 95 91 1
8 23 24 100 91 89 11 2
9 61 61 12 16 38 25 1
10 55 63 1 1 68 50 1
11 72 82 99 93 67 1 1
12 44 35 72 78 8 55 1
13 14 15 56 54 2 27 2
14 11 20 41 46 36 1 2
15 1 8 25 30 28 38 1
16 24 32 17 19 99 92 2
17 56 47 48 42 60 29 2
18 54 56 75 71 5 71 1
19 46 53 19 20 52 15 1
20 91 88 96 87 51 61 2
21 83 79 53 45 61 55 1
22 36 35 78 86 55 93 2
23 59 62 52 44 36 53 1
24 29 24 46 42 23 46 1
25 85 95 19 10 23 54 1
26 20 29 77 72 93 20 1
27 93 87 32 25 95 59 2
28 92 85 7 7 13 59 2
29 26 30 1 1 96 32 1
30 17 17 49 47 95 85 1
31 77 71 60 57 64 59 2
32 47 51 89 81 46 87 2
33 67 72 72 63 13 26 2
34 79 71 78 70 18 56 2
35 1 4 38 39 65 58 1
36 26 35 25 18 72 84 2
37 69 64 26 30 53 18 1
38 83 83 30 26 11 48 2
39 77 82 45 40 60 46 2
40 75 78 47 53 90 94 1
41 84 81 50 55 31 49 2
42 65 69 32 36 26 46 2
43 65 73 12 3 49 100 1
44 54 50 24 29 32 27 1
45 45 50 46 52 13 47 2
46 34 41 62 71 29 89 1
47 43 45 32 27 82 70 1
48 50 42 63 73 24 27 1
49 22 23 36 34 33 59 1
50 27 30 59 64 33 85 1
51 27 19 3 10 26 88 1
52 70 80 16 15 93 13 1
53 68 63 31 26 40 77 2
54 13 12 86 86 62 40 1
55 82 83 16 21 15 59 1
56 38 44 94 91 14 82 2
57 81 74 5 12 54 11 1
58 44 47 31 38 61 69 2
59 8 1 10 20 26 40 1
