2 60
633 584 
0 41 50 73 68 51 23 1
1 32 30 71 65 78 66 2
2 35 44 20 15 16 96 1
3 89 93 48 48 87 72 1
4 2 10 69 61 81 28 1
5 64 56 11 2 28 4 1
6 60 59 81 86 24 54 1
7 87 78 25 16 11 17 1
8 88 87 44 54 77 36 2
9 45 44 96 99 21 46 1
10 91 90 40 36 61 34 1
11 94 93 8 4 52 88 2
12 100 98 57 49 21 50 2
13 40 34 90 81 23 54 1
14 81 71 103 97 7 12 2
15 44 43 68 65 24 77 1
16 1 7 94 94 38 81 2
17 79 70 71 65 55 60 2
18 14 7 14 22 25 46 2
19 106 100 66 67 14 62 2
20 70 79 83 86 99 32 1
21 35 30 84 88 21 28 2
22 46 54 1 5 35 41 1
23 39 41 32 23 16 76 1
24 78 75 95 93 54 44 1
25 15 18 28 33 88 88 1
26 53 44 81 79 4 74 2
27 30 34 77 72 74 100 1
28 70 80 6 2 69 39 1
29 14 21 99 100 21 45 1
30 79 84 11 14 95 25 1
31 53 62 57 48 71 61 2
32 1 2 29 32 50 63 2
33 17 7 85 90 11 20 1
34 95 90 94 89 9 85 2
35 41 47 72 74 30 90 2
36 1 6 99 89 90 75 2
37 63 59 33 25 33 90 2
38 86 82 17 17 93 59 1
39 56 53 3 11 66 11 1
40 8 13 80 88 53 35 2
41 73 68 55 50 53 44 1
42 86 76 45 35 69 50 1
43 82 88 1 10 73 84 2
44 52 45 22 24 28 98 1
45 30 37 31 39 27 14 2
46 92 88 28 26 48 13 2
47 25 32 14 6 17 78 2
48 38 37 64 68 82 73 1
49 100 94 14 13 73 10 2
50 1 1 33 35 31 39 1
51 17 18 1 9 80 56 1
52 51 43 76 78 93 37 1
53 54 54 17 17 17 31 1
54 82 75 47 41 96 83 1
55 92 98 26 36 99 32 1
56 21 11 56 66 5 71 2
57 18 25 71 71 51 57 2
58 42 46 21 29 72 32 1
59 90 88 21 15 25 9 2
