2 60
674 603 
0 15 5 33 23 17 57 2
1 101 91 86 76 11 69 1
2 79 69 22 12 73 63 1
3 30 20 46 36 11 94 2
4 109 99 80 70 38 79 2
5 59 49 68 58 41 40 1
6 102 92 57 47 96 69 2
7 51 41 28 18 60 80 1
8 63 53 14 4 88 17 2
9 49 39 17 7 58 55 1
10 81 71 35 25 38 21 2
11 24 14 33 23 94 50 2
12 72 62 99 89 66 30 1
13 89 79 37 27 68 8 1
14 67 57 105 95 42 1 1
15 39 29 79 69 60 73 2
16 56 46 31 21 26 35 2
17 110 100 62 52 34 63 2
18 85 75 32 22 87 93 2
19 46 36 106 96 67 96 1
20 83 73 21 11 18 63 2
21 62 52 55 45 60 79 1
22 110 100 21 11 99 75 1
23 42 32 107 97 12 22 1
24 95 85 46 36 72 16 2
25 66 56 19 9 9 64 1
26 35 25 82 72 40 5 2
27 73 63 14 4 98 12 2
28 96 86 30 20 100 45 2
29 30 20 103 93 76 84 1
30 64 54 86 76 38 8 1
31 47 37 100 90 68 1 1
32 64 54 51 41 86 53 1
33 45 35 98 88 10 70 1
34 67 57 62 52 78 46 2
35 109 99 46 36 75 83 1
36 96 86 19 9 2 62 1
37 18 8 54 44 25 66 1
38 101 91 68 58 35 14 1
39 49 39 37 27 90 30 1
40 68 58 75 65 34 20 2
41 29 19 25 15 24 87 1
42 55 45 21 11 35 79 2
43 30 20 91 81 52 50 2
44 99 89 50 40 44 94 1
45 79 69 32 22 76 32 2
46 22 12 104 94 63 22 2
47 107 97 100 90 69 28 2
48 56 46 82 72 62 46 1
49 52 42 97 87 49 67 1
50 95 85 110 100 87 24 2
51 90 80 62 52 79 9 1
52 101 91 36 26 60 97 1
53 39 29 60 50 37 50 1
54 35 25 65 55 90 82 1
55 43 33 103 93 31 12 2
56 65 55 87 77 45 65 1
57 93 83 106 96 29 86 2
58 110 100 81 71 80 76 1
59 24 14 40 30 96 9 2
