2 70
2857 2746 
0 45 19 22 37 31 53 1
1 54 47 62 82 95 28 1
2 39 57 40 28 30 92 2
3 19 98 96 45 94 70 1
4 81 71 49 22 95 62 2
5 24 1 33 55 16 92 1
6 17 36 65 63 54 65 2
7 67 83 99 21 49 29 2
8 14 68 66 43 15 89 2
9 90 21 58 68 6 90 1
10 46 43 31 89 46 81 1
11 70 54 35 65 94 87 2
12 94 23 55 66 22 86 2
13 33 27 74 66 72 6 1
14 30 36 95 70 79 63 2
15 19 48 72 70 86 48 1
16 53 88 98 75 98 3 2
17 97 51 34 46 27 51 2
18 22 40 58 55 34 26 2
19 17 53 5 20 49 76 1
20 65 12 61 19 71 15 2
21 70 59 31 25 21 94 1
22 51 87 4 46 78 58 1
23 71 90 56 72 16 83 1
24 32 84 77 2 21 46 2
25 18 63 90 78 14 34 1
26 63 77 92 20 64 50 2
27 95 15 63 53 77 82 1
28 93 53 98 75 24 15 1
29 48 82 64 61 91 21 1
30 32 69 5 99 61 48 2
31 99 79 32 65 6 68 1
32 39 67 68 97 85 100 1
33 2 56 47 39 91 91 1
34 95 11 51 10 99 37 2
35 76 52 37 87 80 62 2
36 36 87 73 70 6 82 1
37 6 4 67 70 52 53 1
38 26 71 78 14 80 90 1
39 99 94 63 52 72 23 2
40 27 30 32 5 10 42 1
41 9 61 73 35 77 23 1
42 17 81 45 40 65 9 2
43 2 97 47 19 83 79 2
44 66 22 74 1 49 80 1
45 54 78 67 80 96 71 1
46 68 53 48 91 68 79 2
47 28 57 12 39 98 34 1
48 68 34 80 65 74 22 2
49 69 23 53 34 53 4 2
50 2 2 11 36 47 9 1
51 46 3 38 2 96 88 1
52 90 60 3 3 25 97 2
53 36 23 13 86 24 67 1
54 55 80 24 46 11 70 1
55 41 7 98 45 46 94 1
56 78 36 98 83 89 100 1
57 11 6 88 44 26 20 2
58 27 39 12 22 22 27 2
59 34 69 39 88 64 67 2
60 91 60 20 78 17 92 2
61 93 6 34 4 83 75 1
62 49 63 69 41 69 34 2
63 5 86 65 24 53 91 1
64 18 67 86 25 25 65 2
65 84 19 33 58 68 22 1
66 36 60 1 82 84 52 2
67 89 34 49 48 82 99 2
68 84 83 96 66 19 74 1
69 89 57 89 3 15 94 1
