2 70
1906 1862 
0 57 63 89 81 48 75 1
1 65 55 99 98 33 25 2
2 68 73 45 44 73 24 2
3 85 94 44 49 29 76 1
4 34 27 80 78 95 51 2
5 18 21 65 67 29 19 1
6 89 80 10 7 83 49 1
7 26 23 56 61 45 80 1
8 22 20 78 87 33 11 2
9 40 41 91 96 19 44 2
10 63 71 12 9 71 64 2
11 100 98 6 9 84 81 2
12 28 31 77 74 30 68 1
13 57 63 7 2 47 28 2
14 61 68 1 2 21 92 1
15 47 40 71 62 51 40 1
16 33 24 5 11 93 2 1
17 78 79 70 74 71 65 1
18 101 100 30 23 56 6 2
19 22 21 90 96 78 90 2
20 50 60 63 67 81 6 2
21 109 99 50 57 81 28 1
22 93 95 51 54 42 58 2
23 81 90 66 64 96 16 1
24 48 44 65 62 58 38 1
25 32 35 58 50 63 83 2
26 5 1 41 36 44 17 1
27 81 91 20 21 15 81 2
28 84 93 20 15 17 40 1
29 18 22 3 1 56 97 2
30 69 77 93 99 81 55 2
31 84 91 80 77 65 15 1
32 1 7 40 37 88 74 1
33 49 48 25 31 5 78 2
34 92 83 78 82 45 42 2
35 101 100 40 35 83 76 1
36 103 95 73 70 34 49 2
37 14 8 71 74 27 90 2
38 2 11 41 46 79 7 1
39 76 74 23 32 18 59 1
40 61 58 33 33 45 85 1
41 46 37 28 19 50 70 2
42 51 41 110 100 1 91 2
43 52 49 70 71 27 53 2
44 90 98 81 77 96 50 1
45 105 98 98 92 74 82 1
46 29 21 65 59 77 44 2
47 59 49 27 31 41 51 1
48 44 46 78 77 44 46 1
49 32 23 25 34 33 49 1
50 40 46 72 80 18 93 1
51 65 71 78 70 25 4 2
52 17 12 42 47 13 29 1
53 102 99 65 62 60 2 2
54 39 32 104 98 72 19 2
55 8 15 63 53 23 66 1
56 70 72 34 27 74 84 1
57 4 2 49 40 15 87 2
58 45 43 24 26 89 98 1
59 17 17 40 36 42 76 2
60 40 36 56 62 71 36 1
61 40 38 18 28 69 53 2
62 78 87 75 65 58 90 2
63 54 58 94 96 10 9 1
64 82 75 19 25 73 82 1
65 51 59 95 98 2 83 1
66 93 96 10 18 44 36 1
67 58 58 82 72 6 30 1
68 49 51 31 34 81 24 2
69 7 9 54 55 23 43 2
