2 70
691 741 
0 89 23 66 41 33 47 1
1 62 31 70 74 7 58 2
2 67 5 76 76 17 4 2
3 55 98 32 45 65 57 2
4 37 3 5 46 97 47 2
5 12 93 21 39 85 39 2
6 1 12 49 39 82 89 1
7 75 51 7 89 69 55 1
8 34 72 86 39 98 35 2
9 50 5 18 52 97 71 1
10 30 63 15 9 6 34 1
11 66 86 31 97 21 26 1
12 34 79 95 30 34 50 2
13 53 39 94 78 86 60 2
14 94 48 67 74 74 87 1
15 27 28 72 42 20 16 2
16 85 28 30 15 62 29 2
17 13 63 50 58 48 22 2
18 38 28 74 51 20 18 2
19 29 41 25 8 95 3 1
20 21 24 17 23 45 83 1
21 42 35 3 1 96 86 2
22 59 15 12 74 20 17 2
23 23 26 16 8 88 57 2
24 4 80 49 98 91 30 2
25 14 15 86 30 74 35 2
26 55 69 76 4 85 4 2
27 55 39 15 77 5 47 1
28 9 93 22 15 26 95 1
29 56 30 64 1 19 59 2
30 36 97 1 27 89 5 1
31 19 35 52 21 10 93 2
32 27 79 56 9 25 16 1
33 30 56 75 47 5 8 2
34 15 27 71 26 74 49 1
35 52 56 13 83 21 14 2
36 16 15 53 98 90 98 1
37 10 32 71 98 56 89 1
38 42 47 86 90 41 68 2
39 75 82 39 40 87 32 1
40 87 14 92 97 4 60 1
41 9 5 73 87 46 53 2
42 21 5 49 64 59 57 1
43 74 57 19 87 37 9 2
44 14 74 22 53 84 13 1
45 46 70 59 72 32 44 1
46 64 77 44 15 9 76 2
47 40 1 16 75 97 93 2
48 88 90 100 29 31 65 1
49 13 23 97 34 28 93 1
50 58 34 67 68 91 95 1
51 74 91 66 90 27 99 1
52 66 100 79 35 75 30 1
53 92 31 69 94 10 63 2
54 59 76 28 42 67 7 1
55 77 99 34 37 18 59 2
56 82 4 2 59 84 50 2
57 91 42 76 80 51 11 2
58 71 95 48 78 74 58 2
59 42 9 55 28 61 44 2
60 15 40 36 58 69 69 1
61 13 54 54 52 63 62 2
62 13 75 33 53 23 88 1
63 1 46 61 84 93 84 1
64 58 95 26 53 19 21 2
65 76 95 25 34 48 36 1
66 52 36 9 58 66 50 2
67 21 18 81 32 8 18 2
68 88 99 8 90 3 77 1
69 45 53 37 99 6 17 1
