2 70
707 807 
0 38 41 49 59 52 12 1
1 1 1 27 36 49 42 1
2 18 11 90 90 76 25 2
3 97 96 35 43 8 69 2
4 45 45 99 96 9 10 2
5 1 7 69 61 89 65 2
6 63 62 92 89 45 100 1
7 48 53 99 91 11 45 2
8 89 98 66 65 94 13 1
9 32 27 75 82 52 64 1
10 59 53 108 99 95 6 2
11 71 80 98 91 90 17 2
12 75 73 32 24 80 27 1
13 48 45 77 84 56 82 1
14 1 2 28 36 75 94 2
15 102 94 18 16 16 3 1
16 1 2 86 89 8 56 1
17 60 61 52 56 34 60 2
18 77 70 85 93 79 50 2
19 92 91 65 58 5 37 2
20 78 82 91 89 48 57 1
21 26 25 83 91 12 13 1
22 34 41 105 100 74 76 2
23 43 40 15 14 62 35 1
24 7 14 24 32 99 92 1
25 37 45 50 60 38 49 2
26 48 39 92 82 20 55 2
27 53 53 100 91 7 48 1
28 15 23 51 45 79 44 2
29 47 52 24 31 16 60 2
30 20 19 44 49 7 38 2
31 89 85 64 71 83 55 1
32 43 41 64 71 17 53 2
33 1 2 75 85 83 14 1
34 100 93 86 92 90 23 2
35 29 26 68 61 25 14 1
36 33 37 11 20 23 79 2
37 18 10 67 76 86 74 2
38 39 41 86 84 88 58 1
39 98 88 45 46 16 43 2
40 33 40 26 23 37 37 2
41 101 95 83 77 82 63 2
42 1 7 67 74 6 60 1
43 30 23 48 45 68 15 2
44 50 56 41 35 89 96 2
45 88 92 81 86 32 53 2
46 101 91 16 21 84 69 1
47 1 7 86 81 49 52 2
48 36 40 70 71 65 65 1
49 70 73 84 84 62 19 2
50 27 24 59 58 53 40 1
51 33 37 46 36 64 21 2
52 100 90 25 25 25 83 2
53 55 65 10 20 78 15 1
54 6 2 79 76 77 55 2
55 56 61 90 99 23 75 1
56 42 50 6 5 67 15 2
57 90 100 43 46 96 61 1
58 27 37 27 20 81 22 1
59 34 39 57 66 45 10 2
60 104 98 12 16 64 72 2
61 65 72 64 70 40 11 2
62 22 21 6 7 79 17 2
63 65 72 5 10 80 25 2
64 16 21 74 71 22 77 2
65 87 89 18 28 20 91 1
66 68 78 106 100 4 38 2
67 92 92 16 6 44 55 2
68 7 13 1 4 6 65 1
69 78 83 25 29 91 96 2
