2 70
739 693 
0 80 70 98 88 23 11 2
1 62 52 39 29 37 85 2
2 104 94 39 29 89 29 1
3 15 5 31 21 5 25 1
4 66 56 37 27 57 100 2
5 40 30 49 39 48 3 1
6 107 97 54 44 64 60 2
7 60 50 37 27 76 20 1
8 92 82 43 33 43 50 1
9 78 68 46 36 37 6 2
10 42 32 96 86 91 12 2
11 53 43 62 52 8 49 1
12 81 71 108 98 45 71 2
13 70 60 18 8 50 49 1
14 96 86 34 24 21 18 2
15 88 78 20 10 5 30 2
16 41 31 108 98 73 19 1
17 43 33 95 85 13 37 1
18 70 60 25 15 22 81 2
19 91 81 51 41 2 75 2
20 16 6 54 44 19 94 1
21 19 9 12 2 41 99 2
22 31 21 42 32 70 57 1
23 55 45 28 18 91 14 2
24 56 46 107 97 86 16 2
25 71 61 32 22 99 52 1
26 16 6 63 53 45 49 1
27 94 84 35 25 35 88 2
28 57 47 83 73 38 59 1
29 79 69 52 42 64 67 2
30 97 87 19 9 74 96 1
31 108 98 61 51 12 70 2
32 97 87 84 74 100 52 1
33 70 60 15 5 14 76 2
34 36 26 31 21 16 46 2
35 70 60 107 97 56 3 2
36 41 31 56 46 61 79 2
37 19 9 55 45 31 5 2
38 66 56 33 23 32 22 2
39 82 72 78 68 56 80 2
40 97 87 104 94 67 11 1
41 106 96 102 92 74 86 1
42 16 6 74 64 63 80 2
43 51 41 104 94 64 33 2
44 104 94 63 53 23 34 1
45 40 30 93 83 83 98 1
46 35 25 17 7 20 62 1
47 24 14 17 7 47 5 1
48 77 67 95 85 47 86 2
49 13 3 58 48 93 94 2
50 80 70 95 85 48 31 2
51 103 93 75 65 65 79 2
52 50 40 93 83 86 92 2
53 64 54 93 83 70 87 2
54 92 82 30 20 8 92 2
55 104 94 64 54 71 7 1
56 98 88 20 10 68 90 2
57 22 12 35 25 52 93 2
58 31 21 102 92 57 46 2
59 17 7 33 23 57 49 2
60 34 24 56 46 67 59 1
61 109 99 82 72 30 41 2
62 56 46 34 24 69 70 1
63 76 66 109 99 66 62 1
64 88 78 18 8 44 69 1
65 12 2 49 39 36 15 1
66 69 59 60 50 73 65 2
67 55 45 92 82 56 99 2
68 68 58 67 57 67 20 2
69 48 38 96 86 56 38 1
