2 70
2804 2920 
0 46 48 65 66 64 86 2
1 30 40 69 75 16 33 2
2 92 94 56 65 58 28 2
3 107 99 37 46 14 87 1
4 15 8 69 59 66 90 2
5 33 26 80 72 52 56 2
6 52 53 73 80 27 47 1
7 13 16 64 54 10 51 2
8 6 9 70 76 68 77 2
9 49 54 1 1 35 88 2
10 90 96 39 34 51 5 1
11 11 3 4 14 29 7 2
12 98 88 34 39 17 57 2
13 89 88 39 35 40 64 1
14 85 81 15 7 56 10 1
15 47 49 55 63 53 97 1
16 76 73 61 60 47 3 2
17 14 8 6 3 34 5 2
18 83 93 12 16 42 20 2
19 19 18 87 93 5 74 2
20 9 17 22 24 77 50 1
21 41 32 98 98 53 87 1
22 41 40 91 99 22 86 2
23 80 75 52 57 20 58 2
24 47 37 64 55 33 15 2
25 93 88 6 3 44 47 2
26 92 86 28 21 84 93 1
27 42 52 73 82 29 67 2
28 10 18 46 40 100 12 1
29 51 51 20 22 93 85 2
30 62 66 86 96 93 6 1
31 42 32 25 18 63 98 2
32 3 12 32 42 61 18 2
33 20 13 4 4 50 34 2
34 70 68 69 67 28 36 2
35 18 13 49 40 26 59 1
36 85 88 63 71 53 89 1
37 78 81 48 47 54 34 2
38 8 4 47 39 35 9 1
39 45 51 13 9 21 17 2
40 5 11 98 94 41 21 1
41 20 22 94 96 37 65 1
42 60 50 6 9 1 76 2
43 22 14 48 44 57 29 2
44 74 75 44 54 76 29 1
45 91 99 1 1 9 85 2
46 83 82 19 20 62 25 2
47 41 42 22 16 22 83 1
48 92 83 18 14 42 41 2
49 61 52 67 63 55 44 1
50 81 91 34 25 79 57 2
51 8 16 21 15 18 43 2
52 65 65 90 100 8 82 2
53 17 16 88 79 52 94 1
54 21 21 86 87 89 100 1
55 95 100 42 38 40 96 1
56 91 85 34 40 95 92 1
57 28 19 65 57 24 44 1
58 78 76 65 67 20 63 2
59 35 42 58 61 94 3 1
60 31 37 68 63 16 28 1
61 17 7 87 97 12 20 2
62 93 88 77 74 8 52 2
63 61 59 101 97 76 97 2
64 17 20 67 70 62 53 1
65 42 52 86 91 36 39 1
66 63 61 93 83 53 55 2
67 95 95 19 9 14 93 1
68 1 8 109 99 41 72 2
69 40 50 95 96 40 15 2
