2 70
1877 1715 
0 27 26 46 44 38 31 1
1 79 78 26 21 6 23 1
2 29 32 6 3 71 25 1
3 90 93 57 48 90 91 1
4 34 26 80 77 100 25 1
5 24 20 71 66 65 91 2
6 18 27 47 54 99 12 2
7 56 46 86 84 32 73 1
8 73 79 58 54 39 95 2
9 33 40 97 87 23 39 1
10 86 86 14 24 68 31 2
11 74 77 88 88 31 15 1
12 45 38 73 81 8 56 1
13 80 70 9 17 53 65 1
14 14 7 31 41 9 89 2
15 1 3 10 17 43 70 2
16 57 51 29 38 38 6 2
17 96 90 88 85 54 49 2
18 72 63 80 86 63 18 2
19 89 88 62 55 65 31 1
20 45 47 58 54 92 4 2
21 74 66 31 32 72 69 2
22 95 86 53 45 7 13 2
23 21 25 1 7 97 39 2
24 6 7 23 25 8 80 1
25 106 98 11 13 83 72 2
26 14 24 50 59 82 48 2
27 14 14 53 52 84 51 1
28 41 48 69 70 96 24 1
29 72 81 49 52 4 76 1
30 13 16 45 46 7 65 2
31 26 26 9 12 33 54 2
32 48 46 77 76 9 51 1
33 70 67 54 58 77 41 2
34 86 86 85 85 22 96 2
35 46 39 56 66 60 27 2
36 36 30 14 13 41 84 1
37 66 75 44 41 21 60 1
38 24 34 63 69 92 99 2
39 59 57 6 15 79 78 1
40 1 1 70 76 95 98 1
41 75 80 57 62 11 29 2
42 17 16 84 83 61 45 1
43 79 88 26 18 2 53 2
44 42 41 20 20 15 46 2
45 103 93 104 95 22 85 2
46 42 52 91 82 97 75 1
47 100 92 68 74 5 51 1
48 76 77 10 8 75 34 1
49 1 2 5 13 59 92 1
50 68 69 8 11 69 33 1
51 89 82 81 81 18 37 2
52 48 43 73 78 83 60 2
53 78 82 33 37 75 98 1
54 101 91 74 65 15 28 2
55 48 38 82 76 42 91 2
56 79 71 27 18 9 69 2
57 14 17 59 63 96 75 1
58 81 78 68 61 25 42 2
59 65 64 96 91 4 44 1
60 95 99 11 17 52 2 2
61 42 41 41 39 31 58 2
62 24 30 1 8 36 97 2
63 72 73 20 19 12 52 2
64 64 66 22 16 60 99 1
65 86 82 30 21 57 45 1
66 38 43 55 65 72 78 1
67 29 29 53 43 100 34 2
68 85 78 67 61 29 4 2
69 32 24 79 70 15 76 1
