2 70
2979 2490 
0 76 85 8 3 78 99 1
1 16 9 42 52 46 81 2
2 31 35 16 6 20 99 2
3 102 100 53 47 9 91 2
4 7 1 53 52 71 9 2
5 35 27 82 73 15 47 2
6 2 6 23 33 99 89 2
7 83 93 34 31 6 88 2
8 47 42 3 9 56 74 1
9 56 55 1 2 35 44 1
10 88 81 16 19 62 8 2
11 29 24 43 35 36 30 1
12 81 81 30 32 78 28 1
13 87 81 29 20 56 79 1
14 32 42 62 68 7 54 1
15 79 86 16 8 99 62 1
16 44 38 29 25 80 23 1
17 96 97 80 84 57 18 2
18 41 38 62 53 42 16 1
19 60 59 28 34 77 76 2
20 35 30 27 37 78 64 1
21 55 65 25 23 100 25 2
22 39 49 18 8 69 41 2
23 24 32 4 14 51 65 2
24 81 74 85 92 73 85 2
25 19 17 24 32 89 37 2
26 62 63 98 98 20 33 1
27 22 21 69 59 58 16 2
28 61 63 76 85 31 83 2
29 97 92 66 63 3 66 1
30 18 27 50 57 61 25 2
31 8 5 75 83 8 33 1
32 74 73 3 3 1 98 2
33 86 94 75 77 32 75 1
34 55 65 62 64 16 23 2
35 73 74 12 9 71 6 1
36 44 45 22 28 98 21 1
37 5 14 75 80 14 11 2
38 86 81 25 16 28 45 1
39 54 60 22 18 5 95 1
40 68 68 40 43 100 6 2
41 70 79 44 53 89 52 2
42 73 75 32 34 41 76 1
43 74 75 92 97 77 33 1
44 35 32 5 11 97 31 2
45 1 4 2 6 47 81 1
46 49 51 85 89 27 95 1
47 100 99 81 73 28 5 1
48 52 44 86 83 55 50 1
49 73 73 87 84 21 62 2
50 74 68 6 2 4 33 2
51 5 5 1 4 33 13 1
52 42 42 67 77 20 86 1
53 49 41 1 4 25 73 1
54 59 62 24 28 83 29 1
55 68 69 2 7 45 23 1
56 98 94 33 41 65 62 2
57 1 4 42 42 55 13 1
58 42 49 29 32 54 90 2
59 79 87 2 6 95 96 2
60 84 82 92 100 9 78 1
61 94 96 93 94 14 66 1
62 55 53 31 31 2 28 2
63 35 36 83 82 9 75 2
64 35 29 85 79 97 41 1
65 36 29 59 68 17 2 1
66 18 14 35 36 31 32 1
67 24 24 40 30 94 13 1
68 91 81 65 64 82 64 2
69 36 35 91 81 58 29 1
