2 70
2736 2922 
0 59 93 36 11 94 71 2
1 4 93 12 36 4 46 2
2 49 39 58 10 48 40 1
3 33 92 10 47 62 10 2
4 63 65 39 16 45 30 1
5 50 3 59 57 53 70 1
6 19 50 67 77 14 7 1
7 13 37 53 75 84 43 2
8 32 42 84 17 91 3 2
9 48 23 16 70 41 81 2
10 100 13 85 59 94 75 1
11 44 96 17 7 7 38 2
12 36 1 97 52 4 77 2
13 3 97 44 44 90 16 2
14 12 58 77 92 59 93 2
15 21 30 66 52 77 71 1
16 47 26 92 13 3 72 2
17 43 21 80 16 26 9 2
18 68 14 4 37 68 47 1
19 87 35 75 2 51 50 1
20 51 38 47 45 70 94 2
21 4 17 65 83 10 32 2
22 53 5 98 64 21 65 1
23 25 4 18 86 47 93 1
24 10 66 55 84 16 82 2
25 92 21 64 36 58 18 1
26 69 31 98 74 83 20 1
27 53 61 21 99 18 92 1
28 35 43 48 65 69 9 1
29 98 72 14 51 10 83 2
30 14 83 79 13 39 94 1
31 21 17 46 95 63 31 2
32 69 89 98 19 13 80 2
33 72 2 17 93 86 85 2
34 21 5 69 4 76 92 1
35 26 74 95 9 9 62 2
36 66 1 3 84 90 54 2
37 32 70 93 36 90 98 1
38 20 25 72 68 93 4 1
39 57 28 21 86 81 56 1
40 37 36 42 11 30 31 2
41 59 75 23 49 38 31 1
42 39 23 67 82 87 93 2
43 80 3 25 33 85 59 2
44 100 36 8 15 79 46 1
45 4 80 25 82 98 37 1
46 98 99 78 37 62 30 2
47 50 79 34 53 33 70 2
48 34 64 54 3 75 46 1
49 83 73 67 84 81 76 1
50 36 40 45 74 36 19 1
51 16 81 8 80 45 91 2
52 40 6 53 41 42 60 2
53 26 65 95 28 56 35 1
54 29 54 98 20 43 36 2
55 59 61 16 99 57 93 1
56 52 38 72 93 65 53 2
57 33 68 18 14 77 55 2
58 41 69 26 52 26 84 1
59 76 59 89 86 86 13 2
60 89 42 10 60 86 89 2
61 63 92 4 90 64 77 1
62 39 85 59 63 100 43 1
63 31 48 91 86 50 69 1
64 8 85 84 43 2 13 2
65 86 73 35 20 75 87 1
66 86 66 51 88 59 30 2
67 31 84 91 98 91 66 1
68 50 21 70 12 64 84 2
69 75 35 75 73 3 85 2
