2 70
1625 1655 
0 28 18 46 36 13 59 1
1 90 80 67 57 100 32 1
2 104 94 47 37 64 4 2
3 15 5 23 13 50 33 2
4 38 28 109 99 56 29 1
5 76 66 77 67 45 17 2
6 103 93 58 48 29 3 1
7 88 78 65 55 25 3 2
8 80 70 31 21 92 68 2
9 50 40 18 8 45 28 1
10 46 36 100 90 69 45 1
11 13 3 22 12 94 22 2
12 101 91 28 18 40 32 1
13 74 64 22 12 2 41 2
14 12 2 50 40 48 76 1
15 80 70 20 10 25 23 2
16 89 79 56 46 86 46 2
17 79 69 39 29 52 56 2
18 82 72 29 19 68 26 2
19 107 97 75 65 53 72 1
20 56 46 94 84 80 53 2
21 27 17 12 2 52 42 1
22 15 5 26 16 100 76 2
23 11 1 76 66 35 34 1
24 28 18 71 61 9 20 2
25 55 45 16 6 76 21 1
26 64 54 103 93 12 96 2
27 34 24 75 65 22 66 1
28 101 91 35 25 17 3 1
29 51 41 16 6 63 21 2
30 61 51 83 73 27 56 2
31 104 94 57 47 81 14 1
32 81 71 68 58 62 4 2
33 50 40 103 93 42 11 1
34 76 66 71 61 82 46 2
35 62 52 99 89 69 84 1
36 97 87 12 2 86 80 1
37 11 1 47 37 63 100 2
38 22 12 97 87 45 87 2
39 30 20 18 8 29 47 2
40 41 31 48 38 7 27 2
41 78 68 74 64 13 83 2
42 24 14 90 80 23 20 1
43 11 1 72 62 98 11 2
44 40 30 99 89 14 23 2
45 36 26 89 79 70 47 1
46 71 61 45 35 23 33 1
47 48 38 41 31 99 21 1
48 25 15 43 33 74 3 1
49 77 67 22 12 42 10 1
50 104 94 19 9 3 92 2
51 59 49 23 13 5 55 2
52 58 48 101 91 45 52 1
53 76 66 97 87 54 20 1
54 84 74 22 12 40 88 1
55 20 10 88 78 6 71 2
56 86 76 108 98 29 40 1
57 14 4 27 17 3 35 2
58 11 1 82 72 27 88 1
59 17 7 33 23 97 95 1
60 70 60 92 82 65 55 1
61 65 55 30 20 5 43 2
62 24 14 110 100 30 8 1
63 20 10 45 35 78 58 2
64 32 22 62 52 46 54 1
65 72 62 101 91 63 5 2
66 69 59 60 50 47 94 2
67 87 77 32 22 31 33 1
68 56 46 55 45 25 5 2
69 84 74 40 30 91 80 1
