2 70
2776 3010 
0 20 30 97 48 76 18 1
1 21 70 37 13 23 3 1
2 58 88 67 59 52 74 2
3 86 93 71 48 57 16 2
4 8 58 76 9 6 13 2
5 67 4 68 58 74 24 2
6 24 3 72 30 57 4 2
7 86 14 26 60 4 88 1
8 37 83 97 50 95 84 1
9 77 24 45 71 39 3 2
10 77 98 62 44 57 64 1
11 81 17 54 28 87 93 2
12 57 94 18 45 83 87 1
13 84 82 25 29 4 41 2
14 49 19 22 53 86 2 2
15 18 75 63 97 63 22 2
16 36 99 89 78 59 72 1
17 16 10 53 97 11 44 1
18 41 51 77 74 53 88 2
19 72 68 60 43 50 27 1
20 44 51 40 58 86 82 1
21 17 42 78 8 97 10 2
22 50 14 3 73 48 24 1
23 10 61 3 43 100 93 2
24 99 3 44 21 55 13 2
25 37 58 1 73 33 62 1
26 18 8 47 51 80 32 1
27 90 38 50 68 73 50 2
28 60 88 73 10 46 18 2
29 23 21 39 92 8 59 2
30 51 44 16 74 91 78 1
31 78 82 11 68 21 35 2
32 26 50 63 80 30 62 2
33 61 75 98 66 94 51 2
34 26 2 82 1 29 3 1
35 55 35 24 70 35 26 1
36 31 66 68 41 67 26 1
37 45 11 6 77 37 58 1
38 25 10 69 45 39 13 1
39 78 45 42 95 61 9 1
40 38 85 43 60 76 60 2
41 88 32 44 6 47 29 1
42 96 48 32 7 99 54 2
43 69 56 22 86 10 98 2
44 17 93 33 72 50 69 2
45 37 85 50 87 37 55 1
46 59 68 39 6 24 71 1
47 11 36 95 10 9 92 2
48 67 33 87 72 47 50 1
49 44 2 20 13 77 59 2
50 53 9 62 43 10 70 1
51 1 70 93 69 85 84 2
52 73 75 86 10 25 20 1
53 71 90 40 53 58 45 1
54 66 87 35 61 36 76 1
55 72 38 21 76 32 32 2
56 93 47 5 94 42 6 1
57 2 53 87 91 15 59 2
58 2 34 79 25 56 33 2
59 1 4 14 31 87 75 2
60 38 79 59 97 22 17 1
61 52 89 93 87 46 10 2
62 80 42 100 20 59 62 2
63 44 33 4 71 52 30 2
64 53 94 29 52 39 13 2
65 83 58 32 97 40 16 2
66 7 19 72 41 38 55 2
67 52 13 12 27 5 38 2
68 91 94 3 85 76 73 2
69 68 20 68 66 76 20 1
