2 70
1736 1792 
0 17 71 94 89 17 37 1
1 54 39 70 74 68 65 2
2 3 77 4 48 17 24 2
3 83 94 60 49 38 29 2
4 9 83 77 34 79 66 1
5 64 97 73 43 55 52 1
6 5 24 61 51 73 24 2
7 67 67 7 5 21 27 2
8 70 20 22 87 41 6 2
9 74 9 34 64 60 1 1
10 38 3 23 49 41 13 1
11 14 70 87 81 3 24 2
12 18 51 79 94 97 89 2
13 93 79 34 26 65 1 1
14 66 92 31 18 51 49 2
15 23 92 76 6 62 49 1
16 65 12 18 91 22 27 1
17 5 3 42 98 31 51 1
18 30 84 66 7 73 61 2
19 69 97 65 64 17 52 2
20 93 68 89 75 64 67 1
21 10 51 63 9 4 28 1
22 55 51 8 10 3 4 2
23 47 54 40 36 21 15 1
24 68 36 13 54 86 65 2
25 70 39 34 54 78 52 2
26 59 69 88 12 52 35 1
27 71 31 39 61 100 55 2
28 1 73 6 95 63 50 2
29 56 10 64 81 4 95 1
30 84 33 57 63 28 66 1
31 63 3 88 89 32 38 2
32 79 23 16 53 23 12 2
33 70 56 15 47 44 41 1
34 59 15 7 14 69 19 1
35 60 100 29 35 1 77 2
36 76 51 13 34 99 44 1
37 62 72 15 38 93 94 1
38 30 63 82 98 21 3 1
39 91 42 55 92 39 50 1
40 7 26 12 1 53 95 1
41 9 33 73 15 13 15 1
42 65 97 1 56 93 73 2
43 38 77 83 7 49 83 2
44 90 2 98 73 29 68 1
45 54 74 67 76 96 21 1
46 16 69 96 99 62 84 2
47 84 29 60 11 3 94 2
48 28 66 40 97 26 23 1
49 41 23 25 34 34 44 1
50 34 18 43 52 19 97 1
51 14 47 6 46 89 90 2
52 74 84 87 19 89 23 1
53 64 23 41 86 73 100 1
54 7 24 76 90 9 56 2
55 13 7 70 45 74 87 2
56 30 24 50 71 3 4 2
57 51 74 28 12 12 90 1
58 99 63 76 54 26 42 2
59 34 89 47 8 65 53 1
60 3 96 24 14 16 36 1
61 53 34 94 24 53 59 2
62 85 19 5 97 48 43 1
63 53 62 13 8 38 47 2
64 38 31 6 89 49 99 2
65 80 3 29 42 69 61 1
66 44 48 9 70 39 75 2
67 5 26 65 40 47 42 1
68 36 91 56 74 61 54 1
69 17 9 17 47 11 30 2
