2 70
672 768 
0 65 67 76 85 62 12 1
1 55 47 89 90 86 82 2
2 19 29 104 100 46 23 2
3 94 94 53 49 1 11 2
4 69 59 7 2 21 30 2
5 1 5 52 59 85 98 1
6 50 56 79 83 83 61 2
7 100 99 38 37 89 65 2
8 20 16 84 91 20 89 1
9 18 25 82 80 100 50 1
10 84 83 33 29 15 18 1
11 48 38 41 49 54 42 2
12 88 87 45 38 46 9 1
13 73 67 10 14 42 2 2
14 70 80 21 14 49 90 2
15 22 12 25 34 35 77 2
16 57 64 50 51 66 61 1
17 91 91 83 86 91 64 1
18 98 96 19 11 67 94 2
19 10 9 91 84 62 15 1
20 55 64 68 71 20 94 2
21 67 75 29 33 32 80 2
22 30 23 88 82 91 65 1
23 26 26 98 100 9 45 1
24 31 40 48 58 75 24 1
25 80 87 6 2 27 53 1
26 87 85 23 28 99 19 2
27 6 7 45 45 44 95 1
28 34 33 49 55 57 19 2
29 68 62 45 41 21 44 1
30 1 5 32 27 45 84 2
31 52 47 35 33 70 31 1
32 14 11 43 41 7 25 2
33 41 48 46 39 90 59 1
34 101 99 108 98 71 93 2
35 1 4 29 31 27 7 1
36 15 23 106 98 27 8 2
37 43 44 1 10 5 53 2
38 83 87 14 22 68 23 2
39 64 54 11 12 46 96 2
40 36 42 21 17 4 2 2
41 80 89 54 63 34 41 1
42 69 65 36 32 99 90 1
43 13 9 39 39 49 63 1
44 57 50 27 29 75 42 2
45 92 90 85 84 99 79 1
46 40 45 76 83 36 39 2
47 100 93 68 67 40 54 2
48 1 2 26 33 89 94 1
49 30 23 44 34 2 84 1
50 70 78 2 12 54 20 1
51 60 59 52 58 8 87 2
52 46 44 79 87 85 64 1
53 12 15 83 78 96 85 1
54 38 28 103 94 68 83 2
55 7 7 41 45 59 39 1
56 52 48 87 95 23 37 2
57 31 38 76 76 66 1 1
58 1 7 86 90 55 85 1
59 51 49 82 76 31 8 1
60 6 16 51 42 87 45 1
61 90 86 81 76 99 21 1
62 106 99 90 85 100 38 1
63 9 10 49 48 93 21 1
64 1 3 59 53 89 79 1
65 28 35 80 74 22 30 1
66 79 72 88 94 71 27 1
67 34 42 58 56 15 86 2
68 71 67 61 58 26 82 2
69 12 5 46 51 90 50 1
