2 70
1845 1875 
0 54 44 72 62 38 70 1
1 76 66 53 43 73 2 2
2 58 48 93 83 24 77 2
3 65 55 73 63 70 5 1
4 48 38 27 17 87 95 1
5 58 48 59 49 92 88 1
6 109 99 56 46 28 17 1
7 74 64 51 41 73 67 2
8 86 76 37 27 85 50 2
9 60 50 36 26 54 73 1
10 44 34 98 88 64 33 2
11 87 77 88 78 31 28 1
12 87 77 14 4 25 51 1
13 72 62 20 10 98 29 2
14 58 48 96 86 78 45 1
15 34 24 66 56 32 31 1
16 15 5 82 72 51 85 2
17 61 51 13 3 92 36 1
18 80 70 27 17 95 74 1
19 49 39 109 99 66 12 1
20 86 76 24 14 23 57 1
21 73 63 66 56 78 30 1
22 73 63 84 74 87 89 1
23 29 19 102 92 3 93 2
24 42 32 85 75 13 22 2
25 13 3 74 64 76 40 2
26 94 84 33 23 11 14 2
27 64 54 105 95 67 89 2
28 79 69 105 95 78 8 2
29 69 59 34 24 13 50 1
30 79 69 101 91 99 55 1
31 110 100 55 45 16 29 2
32 43 33 22 12 37 3 1
33 64 54 109 99 75 83 2
34 106 96 101 91 85 33 1
35 16 6 53 43 76 97 1
36 15 5 38 28 66 70 2
37 65 55 101 91 64 1 1
38 48 38 15 5 48 63 2
39 52 42 48 38 2 71 1
40 23 13 30 20 18 25 1
41 92 82 88 78 11 47 1
42 66 56 32 22 84 99 1
43 77 67 38 28 42 75 1
44 22 12 81 71 60 76 2
45 42 32 95 85 13 95 2
46 49 39 31 21 73 58 2
47 86 76 79 69 62 12 2
48 51 41 69 59 4 30 2
49 99 89 44 34 67 31 2
50 46 36 61 51 79 75 2
51 77 67 49 39 27 39 2
52 104 94 47 37 45 12 2
53 70 60 99 89 17 63 2
54 38 28 76 66 81 31 1
55 62 52 30 20 57 33 1
56 88 78 110 100 92 54 1
57 72 62 85 75 92 44 1
58 21 11 92 82 75 73 1
59 67 57 83 73 70 61 2
60 48 38 78 68 56 45 1
61 91 81 56 46 26 79 1
62 86 76 72 62 37 89 2
63 98 88 31 21 93 99 1
64 110 100 40 30 52 13 2
65 42 32 79 69 21 73 2
66 23 13 106 96 68 95 1
67 17 7 62 52 69 35 1
68 62 52 61 51 85 26 2
69 66 56 22 12 67 9 2
