2 70
668 765 
0 50 60 27 78 31 69 1
1 87 8 95 51 30 36 2
2 76 46 85 25 88 96 1
3 8 99 93 46 63 47 2
4 82 96 50 47 23 22 1
5 21 94 30 40 2 35 1
6 6 65 54 92 17 13 1
7 48 36 80 74 29 73 2
8 39 5 99 80 41 71 1
9 79 6 47 53 74 79 2
10 7 48 92 94 73 58 1
11 3 7 68 18 57 11 1
12 55 72 16 23 32 79 1
13 34 24 75 63 78 42 2
14 39 9 12 35 41 60 1
15 24 65 77 87 15 18 1
16 82 1 27 88 98 67 2
17 86 52 23 39 96 44 2
18 11 65 47 88 34 15 2
19 14 74 10 49 52 73 1
20 14 29 10 36 83 43 2
21 63 68 16 26 47 17 1
22 56 24 9 83 9 15 1
23 8 83 93 65 87 88 1
24 93 17 46 43 91 57 2
25 51 44 23 59 36 32 2
26 4 38 33 81 60 45 1
27 84 8 52 46 29 6 1
28 26 38 39 60 16 79 2
29 81 71 89 42 5 79 1
30 73 58 38 80 37 91 1
31 84 100 9 86 46 47 1
32 92 40 21 70 87 14 2
33 19 29 56 20 76 38 1
34 28 24 76 23 9 93 2
35 81 17 42 44 9 35 2
36 81 72 18 55 78 24 1
37 23 73 84 39 77 57 2
38 39 24 83 67 38 8 1
39 4 91 68 49 70 47 1
40 96 71 93 46 3 88 1
41 30 62 94 44 10 65 1
42 86 30 14 89 27 57 1
43 71 18 16 40 86 18 1
44 31 31 39 10 88 58 1
45 71 75 84 77 67 16 1
46 33 54 13 84 100 87 2
47 1 58 77 32 37 25 2
48 21 59 33 98 15 11 1
49 74 52 50 63 86 2 1
50 75 3 84 45 89 49 1
51 59 80 51 79 49 54 2
52 91 69 4 4 84 70 2
53 37 56 6 19 97 63 1
54 96 9 65 83 87 93 2
55 90 76 39 14 74 79 1
56 23 13 43 60 33 94 2
57 52 19 37 65 98 90 2
58 24 60 9 51 54 84 1
59 67 54 80 73 100 24 1
60 64 77 85 95 3 68 2
61 94 51 35 49 43 26 1
62 54 32 74 18 46 70 1
63 14 23 74 61 89 81 1
64 3 4 71 62 18 64 1
65 73 72 30 11 6 14 2
66 73 89 38 11 97 16 1
67 42 47 2 53 47 87 2
68 29 72 41 63 82 23 2
69 38 46 30 84 86 75 1
