2 70
690 678 
0 43 33 61 51 18 36 1
1 109 99 86 76 16 41 1
2 27 17 62 52 10 53 2
3 90 80 106 96 8 85 1
4 17 7 96 86 68 87 1
5 31 21 40 30 23 94 2
6 106 96 53 43 52 29 1
7 99 89 76 66 29 30 2
8 99 89 50 40 88 94 2
9 33 23 101 91 43 11 2
10 41 31 87 77 11 86 2
11 44 34 45 35 55 93 1
12 28 18 55 45 72 77 2
13 65 55 13 3 19 64 1
14 19 9 57 47 44 63 2
15 107 97 47 37 99 1 1
16 100 90 75 65 7 93 1
17 30 20 90 80 38 95 2
18 69 59 24 14 61 74 1
19 54 44 22 12 49 20 2
20 31 21 69 59 34 81 1
21 42 32 35 25 23 98 2
22 110 100 21 11 19 20 1
23 18 8 91 81 58 37 2
24 63 53 14 4 52 82 2
25 50 40 11 1 64 5 2
26 31 21 78 68 99 74 2
27 105 95 46 36 94 51 1
28 96 86 22 12 54 97 1
29 42 32 15 5 47 92 2
30 60 50 82 72 25 80 2
31 11 1 64 54 71 32 1
32 32 22 19 9 14 33 2
33 73 63 26 16 34 32 2
34 47 37 42 32 30 16 2
35 97 87 34 24 33 19 2
36 104 94 19 9 56 25 1
37 46 36 82 72 81 97 2
38 25 15 100 90 61 100 1
39 97 87 93 83 43 18 2
40 84 74 91 81 23 7 1
41 13 3 109 99 24 85 2
42 83 73 49 39 50 63 2
43 30 20 91 81 94 35 1
44 95 85 54 44 42 100 2
45 43 33 96 86 93 25 1
46 78 68 60 50 44 35 1
47 47 37 40 30 100 45 1
48 32 22 50 40 82 19 1
49 24 14 69 59 4 61 1
50 51 41 66 56 48 64 2
51 66 56 38 28 15 99 1
52 73 63 16 6 79 58 2
53 15 5 36 26 18 35 2
54 23 13 61 51 24 87 2
55 75 65 35 25 30 91 1
56 53 43 75 65 33 39 1
57 105 95 18 8 74 61 1
58 82 72 53 43 76 41 2
59 92 82 108 98 86 88 1
60 73 63 103 93 72 52 2
61 72 62 45 35 100 20 1
62 83 73 69 59 57 19 2
63 19 9 52 42 85 36 1
64 27 17 57 47 34 3 2
65 55 45 84 74 86 87 1
66 96 86 87 77 17 6 1
67 66 56 11 1 41 28 2
68 71 61 70 60 67 83 2
69 35 25 91 81 30 6 1
