2 70
1802 1798 
0 31 45 8 63 51 27 1
1 4 93 12 28 91 48 2
2 21 67 22 38 38 87 2
3 97 96 82 43 53 39 2
4 91 77 67 28 52 47 2
5 98 99 99 53 74 18 1
6 15 30 63 57 16 15 2
7 21 21 53 67 89 84 1
8 88 94 48 61 58 26 1
9 32 11 92 66 56 70 2
10 92 73 77 19 24 63 2
11 88 12 61 23 93 29 1
12 60 37 13 80 65 71 1
13 63 49 4 96 12 49 2
14 48 14 13 40 12 83 1
15 17 66 70 88 38 5 2
16 59 50 4 37 25 14 2
17 51 81 88 68 29 6 1
18 76 58 12 81 43 54 1
19 47 71 35 46 96 23 1
20 79 94 75 1 98 83 1
21 36 1 97 67 55 66 2
22 57 69 2 28 52 32 1
23 9 76 94 50 82 16 1
24 46 10 91 28 80 31 1
25 44 97 8 12 18 80 2
26 65 23 86 66 64 56 2
27 37 69 97 7 93 53 1
28 43 63 56 85 54 38 2
29 98 100 14 71 12 24 1
30 58 47 31 77 49 71 1
31 77 41 10 27 4 17 2
32 9 45 46 75 54 71 2
33 40 2 77 93 87 57 1
34 77 9 33 8 9 7 1
35 18 30 79 57 5 70 1
36 6 65 43 48 12 26 1
37 88 38 41 4 24 73 1
38 32 17 76 52 45 53 2
39 41 68 5 26 69 51 2
40 17 24 22 7 32 43 2
41 59 47 23 21 69 16 1
42 95 39 23 98 13 79 2
43 16 83 69 13 48 13 2
44 24 8 32 87 32 16 2
45 4 76 17 78 24 13 2
46 46 15 26 45 38 70 2
47 6 43 82 25 56 29 1
48 94 96 14 35 4 19 1
49 55 73 39 84 80 23 2
50 68 56 77 90 4 3 1
51 84 25 76 24 2 1 1
52 32 22 45 57 34 89 1
53 54 73 23 36 55 86 2
54 81 98 50 72 35 68 2
55 31 53 80 91 66 19 1
56 4 26 24 81 72 65 1
57 81 36 58 82 98 76 1
58 13 1 90 84 10 23 1
59 84 79 97 98 78 55 2
60 1 78 22 96 61 99 1
61 23 20 64 18 58 93 2
62 67 41 87 19 81 71 1
63 79 24 39 70 66 22 2
64 28 49 96 7 96 49 2
65 82 65 31 4 41 29 2
66 94 54 51 76 22 91 2
67 47 76 7 90 59 75 2
68 10 37 22 20 17 2 2
69 3 79 3 25 67 43 1
