2 70
2806 2903 
0 30 37 62 55 95 2 1
1 11 9 37 44 79 87 2
2 54 63 31 34 74 37 1
3 88 96 39 43 2 52 1
4 18 21 56 64 6 39 1
5 22 23 61 69 39 80 2
6 89 94 18 21 25 12 2
7 95 85 33 23 16 23 2
8 104 94 60 61 88 3 1
9 41 43 105 98 84 5 1
10 38 41 87 79 16 31 1
11 36 40 42 51 4 24 2
12 15 17 64 60 26 39 2
13 24 33 74 72 4 65 1
14 97 98 27 24 10 52 1
15 27 22 43 44 32 57 2
16 56 62 49 49 81 71 1
17 55 49 47 44 83 30 1
18 75 82 96 97 73 11 2
19 4 3 64 70 47 61 1
20 73 78 86 85 41 77 2
21 47 49 25 15 27 34 1
22 18 13 76 72 60 94 1
23 11 4 83 78 33 86 1
24 16 18 33 36 20 57 2
25 89 93 2 8 98 45 1
26 53 55 89 90 84 10 1
27 20 29 67 67 85 85 1
28 86 83 1 5 69 51 2
29 18 12 82 91 70 74 1
30 81 91 26 21 92 34 1
31 34 29 17 15 63 52 2
32 19 29 61 59 49 13 2
33 99 94 75 77 18 71 2
34 78 77 77 76 64 3 2
35 32 22 50 57 54 3 2
36 1 9 99 92 56 2 1
37 76 82 54 48 40 66 2
38 66 65 5 8 21 25 1
39 10 8 49 58 96 4 2
40 58 56 30 31 23 71 2
41 54 51 28 25 88 7 1
42 82 83 49 50 99 27 1
43 48 55 95 85 1 9 2
44 12 12 82 91 91 24 1
45 101 100 94 94 60 30 1
46 69 67 97 97 84 66 1
47 56 63 45 45 24 94 1
48 80 76 14 15 42 12 2
49 72 73 86 84 57 76 2
50 89 84 21 18 70 6 2
51 59 49 51 48 35 88 1
52 50 58 96 93 35 9 2
53 58 49 8 12 29 99 2
54 7 6 80 80 67 25 1
55 78 69 12 7 54 17 1
56 89 82 24 29 27 43 1
57 63 64 16 10 2 86 2
58 73 81 73 64 91 1 2
59 1 7 23 26 95 93 2
60 17 18 46 36 24 12 2
61 23 24 22 22 82 87 2
62 2 9 78 87 10 96 2
63 10 20 50 58 24 24 1
64 84 93 34 43 99 57 1
65 18 21 62 60 73 51 1
66 11 2 20 24 77 26 1
67 8 8 32 22 7 58 2
68 98 89 88 80 65 16 2
69 86 87 33 33 50 3 1
