2 70
2068 1878 
0 91 81 109 99 59 12 2
1 37 27 14 4 46 25 1
2 27 17 70 60 17 89 2
3 90 80 98 88 77 68 1
4 97 87 68 58 59 3 1
5 67 57 68 58 16 34 2
6 110 100 57 47 74 18 2
7 35 25 12 2 3 92 2
8 87 77 30 20 35 17 2
9 105 95 73 63 87 92 1
10 45 35 99 89 22 25 1
11 96 86 105 95 77 91 2
12 40 30 75 65 70 57 1
13 69 59 25 15 22 22 1
14 35 25 73 63 43 92 2
15 107 97 47 37 60 91 1
16 48 38 23 13 39 36 2
17 74 64 26 16 73 18 1
18 81 71 28 18 45 77 2
19 78 68 38 28 39 33 1
20 71 61 109 99 92 54 1
21 50 40 35 25 64 4 1
22 94 84 105 95 76 93 1
23 74 64 39 29 18 9 1
24 35 25 78 68 18 21 1
25 34 24 95 85 26 78 2
26 79 69 18 8 100 8 1
27 45 35 86 76 32 35 2
28 40 30 66 56 58 61 1
29 106 96 79 69 42 76 2
30 24 14 46 36 11 52 1
31 107 97 60 50 68 72 2
32 108 98 95 85 39 53 2
33 61 51 106 96 79 92 2
34 95 85 82 72 45 39 2
35 89 79 26 16 97 7 1
36 52 42 75 65 94 25 2
37 38 28 74 64 70 8 2
38 81 71 56 46 51 98 2
39 37 27 33 23 29 41 1
40 36 26 35 25 57 99 2
41 85 75 81 71 72 74 1
42 99 89 57 47 57 83 2
43 98 88 59 49 26 7 1
44 31 21 90 80 94 95 1
45 39 29 92 82 51 74 1
46 106 96 88 78 38 98 1
47 71 61 56 46 84 82 2
48 88 78 106 96 23 44 1
49 88 78 33 23 82 74 1
50 75 65 90 80 22 67 2
51 22 12 86 76 66 49 2
52 81 71 24 14 97 29 1
53 19 9 48 38 50 59 2
54 15 5 45 35 83 57 2
55 91 81 59 49 15 49 1
56 33 23 55 45 27 88 1
57 97 87 110 100 34 64 2
58 62 52 33 23 46 36 2
59 92 82 108 98 36 49 1
60 109 99 39 29 28 39 1
61 28 18 93 83 8 39 1
62 59 49 37 27 4 20 1
63 55 45 88 78 66 43 1
64 71 61 101 91 86 30 2
65 107 97 36 26 100 11 2
66 96 86 79 69 15 49 1
67 106 96 43 33 32 54 1
68 59 49 58 48 69 18 1
69 79 69 27 17 65 98 2
