2 70
813 701 
0 75 49 52 67 72 20 1
1 12 85 20 20 84 64 1
2 49 15 58 94 98 89 1
3 33 96 18 43 22 52 2
4 47 9 23 60 42 21 2
5 78 91 87 37 71 34 1
6 99 6 47 33 73 4 2
7 21 97 61 35 29 12 1
8 16 98 68 65 43 11 1
9 92 95 60 50 40 51 1
10 76 93 69 39 58 50 1
11 84 52 57 63 12 78 1
12 92 93 53 44 22 19 2
13 83 61 24 8 57 5 1
14 12 26 85 52 69 61 2
15 25 46 78 60 35 95 2
16 91 90 36 77 32 65 1
17 75 93 4 88 96 100 2
18 92 54 28 69 48 90 1
19 59 59 55 34 40 22 1
20 35 98 31 5 69 15 1
21 8 85 69 43 65 56 2
22 65 97 10 56 16 87 1
23 61 12 54 86 58 29 2
24 26 6 71 24 53 81 2
25 40 49 4 72 5 7 2
26 49 15 78 50 67 16 2
27 89 93 57 31 47 5 1
28 59 3 72 25 77 6 1
29 6 40 22 11 72 95 2
30 62 75 27 5 8 56 2
31 5 97 30 83 100 77 2
32 97 57 34 87 7 10 1
33 60 10 5 1 57 97 1
34 97 33 45 32 21 80 1
35 94 26 55 61 100 30 2
36 86 1 23 76 79 30 1
37 84 66 45 32 93 83 2
38 40 93 92 28 28 41 2
39 25 48 89 6 21 92 2
40 77 16 82 91 33 85 2
41 59 99 23 73 38 42 2
42 99 63 27 22 33 70 2
43 96 51 41 81 6 55 2
44 72 60 80 39 94 99 1
45 96 68 9 70 1 82 1
46 42 31 22 69 40 50 1
47 18 87 94 61 77 15 1
48 14 60 34 91 48 82 1
49 99 73 83 84 39 39 2
50 24 96 33 30 16 88 2
51 12 13 4 12 16 48 1
52 8 54 21 89 56 47 1
53 10 89 79 44 84 74 2
54 85 94 54 68 25 77 1
55 59 53 16 83 8 27 1
56 8 2 28 57 88 33 1
57 61 72 46 10 44 92 2
58 57 65 34 48 6 83 1
59 92 11 5 38 64 38 2
60 17 58 46 76 67 38 2
61 43 68 84 66 13 90 1
62 31 53 51 31 15 66 1
63 75 84 35 22 73 47 2
64 68 77 36 35 21 86 1
65 74 33 23 72 35 45 1
66 2 30 67 52 25 76 1
67 79 60 39 74 99 68 1
68 22 53 34 44 80 27 1
69 59 83 51 21 52 68 2
