2 70
3152 2666 
0 39 29 57 47 13 3 2
1 65 55 42 32 39 100 1
2 35 25 70 60 50 48 2
3 82 72 98 88 32 64 2
4 69 59 40 30 24 13 1
5 103 93 104 94 51 18 2
6 106 96 61 51 83 16 2
7 63 53 40 30 31 79 2
8 67 57 18 8 49 78 1
9 77 67 45 35 75 57 2
10 49 39 103 93 90 8 1
11 56 46 65 55 6 82 1
12 60 50 87 77 14 37 1
13 81 71 29 19 59 58 1
14 51 41 89 79 40 64 1
15 107 97 39 29 6 64 2
16 104 94 71 61 38 93 2
17 110 100 62 52 41 60 2
18 85 75 40 30 11 44 2
19 94 84 62 52 45 77 2
20 11 1 49 39 41 47 2
21 58 48 43 33 22 2 1
22 78 68 89 79 27 16 2
23 22 12 95 85 95 91 1
24 107 97 50 40 34 26 2
25 110 100 71 61 11 59 1
26 19 9 66 56 53 73 2
27 85 75 26 16 50 90 1
28 84 74 18 8 44 58 2
29 70 60 43 33 76 77 1
30 88 78 102 92 4 77 2
31 103 93 56 46 57 12 1
32 92 82 71 61 66 28 1
33 41 31 94 84 5 24 2
34 35 25 30 20 88 27 1
35 81 71 18 8 41 40 1
36 108 98 31 21 56 93 1
37 30 20 66 56 70 42 2
38 45 35 12 2 72 70 2
39 85 75 73 63 4 70 1
40 80 70 87 77 96 98 1
41 57 47 53 43 61 29 2
42 107 97 73 63 10 3 1
43 58 48 19 9 62 87 2
44 67 57 26 16 71 38 2
45 35 25 88 78 1 18 2
46 42 32 24 14 67 2 1
47 87 77 80 70 60 30 1
48 36 26 62 52 41 77 1
49 44 34 97 87 29 97 2
50 99 89 14 4 5 58 2
51 70 60 42 32 81 24 1
52 89 79 32 22 51 99 1
53 31 21 52 42 83 25 1
54 99 89 37 27 76 66 1
55 15 5 75 65 84 76 2
56 21 11 43 33 45 84 1
57 89 79 94 84 80 38 1
58 42 32 13 3 85 17 2
59 92 82 100 90 88 93 1
60 45 35 75 65 7 66 1
61 76 66 49 39 88 93 2
62 27 17 13 3 44 4 1
63 99 89 24 14 24 45 1
64 23 13 53 43 92 68 1
65 59 49 96 86 83 82 1
66 88 78 79 69 65 84 1
67 38 28 83 73 99 60 1
68 55 45 54 44 4 23 2
69 15 5 71 61 36 6 2
