2 70
1923 1611 
0 64 34 41 52 70 58 1
1 29 62 45 5 84 24 1
2 94 36 95 7 1 89 1
3 22 93 7 48 4 6 1
4 64 90 32 41 14 89 2
5 55 96 56 42 34 24 2
6 8 71 56 98 62 67 1
7 94 90 34 28 57 91 2
8 65 87 17 54 94 63 1
9 45 8 5 55 25 26 2
10 61 18 46 64 61 93 1
11 77 49 50 60 1 93 2
12 97 58 58 1 67 60 2
13 4 94 45 41 49 81 1
14 21 31 94 57 14 68 1
15 26 47 71 69 85 70 2
16 68 39 21 26 5 86 1
17 32 22 69 17 98 13 2
18 57 47 93 62 100 18 2
19 84 56 80 23 44 63 1
20 100 55 96 62 76 48 2
21 89 18 50 84 88 84 2
22 58 42 11 1 41 5 1
23 62 97 55 79 25 88 1
24 79 99 24 17 65 99 1
25 25 10 97 25 24 16 2
26 10 92 31 35 38 90 1
27 42 54 10 92 22 30 1
28 76 28 89 50 38 30 1
29 31 61 39 32 67 14 2
30 47 72 20 2 65 35 2
31 98 38 31 24 7 39 2
32 22 62 51 92 50 89 1
33 81 83 26 66 18 76 2
34 46 18 2 17 10 45 2
35 31 39 100 74 16 77 2
36 11 94 48 69 3 99 2
37 49 39 2 5 23 63 2
38 33 78 85 21 24 20 1
39 62 25 26 83 97 62 2
40 6 69 3 52 100 88 2
41 80 76 44 58 84 12 1
42 8 72 36 31 97 6 1
43 49 24 94 46 66 47 1
44 65 45 81 24 84 44 1
45 29 77 42 79 10 25 1
46 55 92 35 30 51 69 2
47 23 72 99 54 88 81 1
48 87 97 7 28 7 38 1
49 88 2 64 13 2 86 2
50 17 49 26 83 31 96 1
51 29 58 21 57 35 37 2
52 49 7 62 42 89 69 1
53 27 6 96 69 23 100 1
54 70 83 39 57 59 24 2
55 100 30 57 68 53 67 1
56 97 15 17 70 46 68 2
57 82 89 67 27 48 65 1
58 46 98 23 81 26 48 2
59 9 44 22 63 83 49 1
60 54 59 83 77 15 30 2
61 64 37 13 35 43 35 1
62 36 54 64 40 41 87 2
63 40 85 100 23 16 18 2
64 93 22 61 80 60 10 1
65 75 26 32 65 2 83 1
66 23 95 80 17 31 47 1
67 84 97 44 11 62 60 2
68 3 18 15 1 25 46 2
69 24 16 16 62 54 66 1
