2 70
1575 1875 
0 54 52 73 70 70 82 2
1 33 24 59 67 20 95 1
2 43 42 28 21 89 54 2
3 95 99 46 46 30 76 1
4 50 40 75 83 31 58 1
5 12 10 67 64 89 31 2
6 26 21 55 48 88 38 1
7 87 92 25 30 88 31 2
8 12 5 68 72 66 93 2
9 40 38 83 85 30 53 1
10 3 8 60 54 91 20 2
11 38 35 52 46 86 100 1
12 58 52 86 95 38 99 2
13 92 100 42 47 25 33 2
14 86 85 24 19 16 19 2
15 14 21 30 35 59 92 1
16 21 13 106 100 86 75 2
17 19 20 11 15 2 52 2
18 93 89 14 4 17 15 2
19 7 6 80 73 94 92 1
20 14 21 27 28 32 40 2
21 7 8 77 74 20 53 1
22 78 68 28 27 61 71 2
23 4 11 84 93 95 5 2
24 38 33 55 51 30 79 1
25 41 40 54 55 15 53 1
26 66 70 2 5 78 28 1
27 59 68 6 6 76 27 1
28 60 58 75 80 56 26 1
29 101 91 70 62 17 96 2
30 101 94 33 24 63 81 2
31 97 88 72 74 25 60 2
32 27 24 56 54 36 90 2
33 20 21 4 12 51 86 1
34 92 84 86 91 7 35 2
35 7 9 54 44 19 99 2
36 18 16 96 99 92 16 2
37 1 9 69 75 46 24 1
38 81 72 20 15 58 29 1
39 33 31 80 89 9 60 1
40 93 95 73 78 27 76 1
41 67 66 41 48 49 1 2
42 65 74 32 41 95 11 1
43 91 82 17 12 64 27 2
44 20 27 11 6 25 33 1
45 99 91 100 93 62 29 1
46 15 6 43 36 22 70 2
47 74 78 50 60 63 7 1
48 40 39 74 78 64 80 2
49 59 52 65 63 90 84 2
50 40 31 72 65 56 50 1
51 3 4 8 3 47 72 1
52 2 5 48 40 61 37 2
53 35 32 85 95 68 20 1
54 12 17 77 83 42 28 1
55 86 92 20 30 91 67 2
56 60 61 16 16 34 25 1
57 55 55 100 93 71 8 1
58 32 40 19 23 18 94 2
59 82 74 1 1 89 50 1
60 18 17 34 35 39 3 2
61 46 55 45 53 80 26 2
62 8 8 84 86 66 61 2
63 16 11 64 57 27 45 1
64 49 48 107 98 31 63 2
65 27 28 71 67 72 96 2
66 41 37 58 59 97 43 2
67 79 79 103 93 74 79 2
68 28 32 10 15 17 71 2
69 53 46 100 92 54 72 1
