2 70
2795 2904 
0 76 66 94 84 67 93 1
1 18 8 95 85 43 46 1
2 12 2 47 37 33 59 2
3 107 97 23 13 54 79 1
4 110 100 81 71 89 67 1
5 12 2 13 3 30 55 2
6 107 97 54 44 6 41 1
7 24 14 101 91 95 50 2
8 68 58 11 1 66 91 2
9 22 12 90 80 35 81 1
10 50 40 104 94 24 39 1
11 65 55 74 64 33 35 2
12 13 3 40 30 13 12 1
13 78 68 34 24 32 79 1
14 28 18 66 56 78 55 1
15 80 70 12 2 11 61 1
16 37 27 104 94 88 52 2
17 23 13 75 65 26 93 1
18 86 76 41 31 55 54 1
19 23 13 91 81 57 80 1
20 96 86 34 24 40 77 2
21 35 25 20 10 51 11 2
22 99 89 110 100 24 29 1
23 59 49 32 22 67 73 2
24 100 90 43 33 87 71 1
25 31 21 92 82 19 37 1
26 104 94 51 41 44 86 1
27 74 64 15 5 51 78 1
28 45 35 79 69 95 29 2
29 15 5 80 70 13 22 2
30 25 15 47 37 23 71 1
31 100 90 53 43 13 73 2
32 57 47 44 34 56 67 1
33 38 28 83 73 7 81 2
34 24 14 11 1 66 51 1
35 54 44 91 81 44 85 1
36 53 43 68 58 36 88 2
37 103 93 39 29 23 44 1
38 78 68 53 43 38 86 2
39 70 60 58 48 2 78 1
40 93 83 100 90 58 24 2
41 50 40 46 36 14 25 1
42 32 22 98 88 34 65 2
43 79 69 32 22 22 87 2
44 76 66 35 25 97 3 1
45 40 30 85 75 63 19 1
46 99 89 81 71 84 47 1
47 72 62 57 47 85 6 2
48 81 71 99 89 88 63 1
49 41 31 86 76 38 52 1
50 28 18 43 33 93 37 1
51 107 97 79 69 80 39 2
52 66 56 109 99 88 62 2
53 80 70 109 99 68 18 1
54 76 66 106 96 98 11 2
55 44 34 12 2 74 84 2
56 66 56 88 78 39 54 1
57 106 96 19 9 93 96 2
58 91 81 62 52 76 62 1
59 17 7 25 15 33 34 2
60 98 88 28 18 6 70 1
61 13 3 86 76 50 84 1
62 100 90 78 68 45 7 1
63 56 46 89 79 61 36 1
64 84 74 14 4 57 65 2
65 24 14 61 51 62 9 1
66 69 59 52 42 56 21 2
67 27 17 64 54 92 52 1
68 52 42 51 41 37 52 2
69 28 18 84 74 94 6 1
