2 70
626 727 
0 106 96 24 14 26 81 2
1 48 38 25 15 16 72 1
2 50 40 93 83 24 22 1
3 65 55 81 71 17 26 2
4 76 66 47 37 50 65 2
5 22 12 31 21 41 10 2
6 105 95 60 50 15 6 2
7 38 28 23 13 19 74 2
8 106 96 49 39 96 84 1
9 88 78 64 54 54 45 1
10 40 30 86 76 87 96 1
11 27 17 36 26 2 35 1
12 75 65 102 92 14 43 2
13 60 50 16 6 57 50 2
14 42 32 80 70 37 64 1
15 34 24 74 64 16 17 1
16 67 57 34 24 86 23 1
17 25 15 77 67 55 15 1
18 68 58 23 13 14 71 2
19 25 15 93 83 26 79 2
20 46 36 84 74 12 32 1
21 65 55 58 48 81 79 2
22 97 87 108 98 79 14 1
23 81 71 46 36 76 92 2
24 70 60 21 11 20 61 2
25 29 19 90 80 23 56 2
26 46 36 93 83 77 61 1
27 24 14 65 55 31 14 1
28 35 25 61 51 15 41 2
29 97 87 70 60 55 56 1
30 15 5 37 27 80 8 1
31 14 4 59 49 92 22 2
32 59 49 46 36 22 79 2
33 76 66 29 19 56 82 1
34 66 56 53 43 9 99 1
35 24 14 61 51 72 43 1
36 59 49 82 72 96 91 2
37 73 63 109 99 23 56 2
38 84 74 59 49 42 17 2
39 12 2 108 98 44 26 1
40 71 61 78 68 29 1 2
41 20 10 16 6 28 64 2
42 58 48 16 6 45 12 1
43 17 7 78 68 42 43 2
44 86 76 45 35 37 14 1
45 46 36 99 89 81 75 1
46 21 11 95 85 58 11 2
47 62 52 55 45 74 88 2
48 95 85 13 3 88 41 1
49 35 25 80 70 23 81 2
50 22 12 37 27 100 66 1
51 29 19 101 91 99 24 1
52 96 86 39 29 3 60 1
53 58 48 87 77 78 79 1
54 46 36 84 74 74 16 2
55 38 28 106 96 74 72 1
56 108 98 30 20 52 86 1
57 80 70 93 83 3 28 2
58 41 31 12 2 4 86 1
59 75 65 83 73 18 27 2
60 12 2 42 32 9 83 1
61 35 25 108 98 36 93 1
62 18 8 96 86 9 100 1
63 62 52 87 77 31 61 2
64 66 56 96 86 91 26 2
65 90 80 19 9 69 50 1
66 23 13 14 4 54 55 2
67 85 75 22 12 86 69 1
68 74 64 73 63 44 5 1
69 22 12 78 68 95 23 1
