2 70
1690 1658 
0 65 55 83 73 36 43 2
1 51 41 28 18 96 35 2
2 81 71 24 14 95 9 2
3 40 30 48 38 16 35 1
4 79 69 50 40 100 96 2
5 85 75 86 76 99 62 2
6 104 94 59 49 77 30 2
7 49 39 26 16 20 93 2
8 73 63 24 14 60 70 2
9 87 77 63 53 66 80 1
10 47 37 101 91 55 65 2
11 22 12 31 21 22 50 1
12 54 44 81 71 69 59 1
13 79 69 27 17 38 31 1
14 89 79 27 17 3 37 2
15 53 43 93 83 34 9 1
16 30 20 97 87 4 58 1
17 92 82 44 34 3 73 2
18 83 73 38 28 75 28 2
19 36 26 104 94 73 47 2
20 41 31 79 69 30 5 2
21 104 94 89 79 95 38 1
22 36 26 47 37 4 100 2
23 48 38 13 3 20 21 2
24 21 11 64 54 58 85 1
25 76 66 29 19 49 15 1
26 49 39 96 86 17 87 2
27 15 5 56 46 63 22 1
28 62 52 96 86 97 38 1
29 88 78 61 51 91 29 1
30 106 96 20 10 65 16 1
31 109 99 54 44 32 80 1
32 46 36 33 23 39 16 2
33 47 37 100 90 11 24 2
34 65 55 60 50 100 66 1
35 35 25 72 62 38 63 1
36 34 24 49 39 9 37 2
37 84 74 20 10 76 96 2
38 63 53 30 20 57 55 1
39 15 5 103 93 20 6 1
40 54 44 61 51 41 27 2
41 71 61 67 57 64 19 2
42 49 39 15 5 41 7 1
43 32 22 85 75 61 37 1
44 49 39 108 98 53 1 1
45 41 31 86 76 96 44 2
46 28 18 102 92 46 97 1
47 25 15 18 8 57 58 1
48 62 52 80 70 98 68 2
49 66 56 11 1 20 77 2
50 33 23 48 38 81 56 2
51 96 86 60 50 80 73 1
52 35 25 78 68 67 14 2
53 25 15 54 44 36 7 1
54 53 43 91 81 51 45 2
55 57 47 17 7 76 50 2
56 31 21 53 43 85 21 1
57 39 29 52 42 68 31 2
58 52 42 23 13 90 72 2
59 42 32 50 40 33 58 2
60 23 13 53 43 58 12 2
61 102 92 67 57 54 39 1
62 89 79 75 65 64 89 2
63 77 67 110 100 48 27 2
64 101 91 31 21 64 14 2
65 37 27 66 56 15 55 2
66 42 32 33 23 86 89 2
67 76 66 13 3 24 51 1
68 53 43 52 42 43 2 1
69 97 87 53 43 94 43 2
