2 70
1849 1967 
0 100 100 19 18 29 4 1
1 38 32 64 67 38 88 2
2 15 22 92 93 4 19 1
3 101 95 60 50 55 39 2
4 18 20 72 71 44 84 1
5 20 22 67 68 35 41 2
6 39 33 60 60 67 68 2
7 96 100 47 38 97 63 1
8 55 53 19 28 67 22 2
9 34 42 98 97 16 25 2
10 61 56 89 94 27 3 2
11 18 19 24 30 65 61 1
12 32 24 60 67 19 24 1
13 55 48 97 87 99 14 2
14 21 29 59 63 95 59 1
15 87 85 103 99 31 62 1
16 88 97 73 76 59 68 2
17 60 68 65 55 28 78 2
18 38 45 67 60 10 93 2
19 63 62 31 37 8 17 2
20 68 65 81 72 44 53 2
21 28 24 85 90 24 41 2
22 1 4 70 63 11 82 1
23 46 47 18 21 35 14 2
24 82 81 99 99 40 43 1
25 71 64 76 79 70 66 2
26 83 78 11 13 94 18 2
27 61 60 108 98 48 43 1
28 35 38 50 60 5 2 1
29 72 71 49 42 66 80 1
30 25 30 70 60 64 88 2
31 63 64 38 42 86 57 1
32 69 68 90 98 55 67 2
33 28 21 1 4 67 58 2
34 85 80 71 79 92 95 1
35 56 61 95 96 98 3 2
36 62 52 40 35 53 99 2
37 41 41 6 15 59 62 2
38 80 88 27 31 95 17 1
39 93 91 40 49 20 72 1
40 3 7 75 82 26 86 1
41 104 94 78 68 73 19 2
42 56 66 15 25 84 32 1
43 1 2 14 24 97 62 2
44 51 55 42 34 71 84 1
45 99 95 100 97 78 42 1
46 95 90 31 28 27 23 2
47 1 6 86 88 81 51 2
48 12 7 46 46 5 71 2
49 60 52 66 63 89 68 2
50 25 15 57 49 88 19 1
51 62 60 54 59 100 24 1
52 86 81 19 24 12 8 1
53 26 24 97 87 98 1 2
54 77 73 42 39 87 37 2
55 97 92 31 30 3 51 1
56 69 73 25 28 68 18 1
57 81 87 18 25 32 6 1
58 1 8 88 91 50 45 2
59 69 62 71 81 24 19 2
60 72 81 101 99 97 85 2
61 17 27 16 25 14 84 1
62 61 52 24 30 61 75 2
63 28 35 68 73 51 3 1
64 87 84 37 34 32 42 2
65 37 36 76 83 53 69 2
66 48 49 65 71 100 5 1
67 87 87 11 1 85 92 1
68 13 16 16 7 63 82 1
69 11 2 50 40 46 73 1
