2 70
729 759 
0 81 78 100 96 97 46 1
1 74 78 13 13 73 51 1
2 65 60 29 31 45 83 2
3 92 97 43 44 68 80 2
4 45 46 91 97 22 63 2
5 16 8 71 62 78 12 1
6 13 15 34 42 81 30 2
7 39 30 77 68 74 85 2
8 30 31 107 98 43 27 1
9 18 28 82 83 56 66 1
10 36 38 85 84 81 75 1
11 102 93 8 4 15 61 2
12 58 66 15 17 17 7 2
13 25 30 67 69 58 70 1
14 58 63 96 97 17 62 1
15 42 39 58 53 11 85 1
16 77 75 62 62 86 48 1
17 42 50 55 45 34 96 2
18 6 7 35 30 17 81 2
19 25 24 106 99 67 3 2
20 104 95 1 2 55 19 2
21 61 58 23 16 5 46 1
22 53 50 11 9 17 58 2
23 95 97 88 79 37 79 2
24 41 51 79 69 85 5 1
25 76 74 97 97 81 62 2
26 26 16 54 51 67 48 2
27 12 22 59 60 25 79 2
28 66 68 81 90 90 39 2
29 1 1 70 72 70 54 2
30 76 80 8 10 1 93 1
31 60 50 43 36 86 37 2
32 1 2 35 32 94 4 1
33 70 75 67 58 45 27 2
34 93 90 79 89 5 16 1
35 84 87 23 22 16 66 2
36 1 2 70 77 75 39 2
37 45 43 15 9 38 98 2
38 17 18 64 61 89 2 1
39 107 97 54 55 69 17 1
40 96 97 68 72 45 15 2
41 59 52 33 34 21 77 1
42 34 32 93 91 83 77 2
43 74 76 92 98 61 21 1
44 11 13 89 92 78 46 1
45 82 89 83 91 51 91 2
46 54 60 90 98 23 5 2
47 56 64 45 38 16 45 2
48 1 1 38 40 84 86 2
49 1 2 4 13 39 85 1
50 91 93 23 27 34 48 1
51 30 26 22 25 90 56 1
52 69 59 94 94 95 83 1
53 79 82 42 45 50 57 2
54 44 43 9 9 78 86 1
55 37 38 71 76 79 87 1
56 49 59 1 6 82 18 1
57 88 85 33 23 97 34 2
58 12 10 91 93 56 18 1
59 78 84 9 11 24 9 2
60 36 43 65 61 66 87 1
61 63 61 62 59 56 10 1
62 84 86 68 64 61 45 2
63 39 49 87 95 60 91 1
64 34 30 71 80 52 37 1
65 60 66 4 5 18 60 2
66 31 31 61 53 75 8 2
67 21 21 45 35 78 75 2
68 92 86 74 69 7 9 2
69 82 76 21 14 63 10 1
