2 80
910 848 
0 34 24 52 42 99 57 2
1 56 46 33 23 39 73 2
2 98 88 33 23 9 100 2
3 33 23 41 31 60 21 1
4 92 82 63 53 26 19 2
5 94 84 103 93 16 9 1
6 109 99 56 46 10 45 2
7 94 84 71 61 38 61 1
8 34 24 85 75 41 99 2
9 80 70 48 38 63 84 1
10 100 90 46 36 89 88 2
11 47 37 56 46 96 56 2
12 39 29 66 56 27 68 2
13 44 34 92 82 83 48 1
14 94 84 32 22 67 24 2
15 102 92 42 32 5 57 1
16 11 1 78 68 54 3 2
17 53 43 105 95 27 28 2
18 52 42 107 97 39 66 1
19 41 31 109 99 83 62 2
20 94 84 32 22 45 58 1
21 45 35 30 20 24 87 2
22 97 87 108 98 11 88 1
23 57 47 30 20 63 49 2
24 38 28 89 79 9 15 1
25 21 11 82 72 97 7 2
26 42 32 81 71 29 89 2
27 56 46 97 87 16 68 1
28 27 17 61 51 34 76 1
29 109 99 82 72 69 29 1
30 11 1 33 23 45 72 2
31 78 68 23 13 33 84 2
32 27 17 14 4 59 1 1
33 104 94 49 39 6 23 1
34 38 28 33 23 44 56 2
35 20 10 49 39 85 71 2
36 67 57 90 80 21 32 2
37 93 83 29 19 53 100 1
38 16 6 83 73 74 31 2
39 68 58 56 46 61 30 1
40 95 85 102 92 15 36 2
41 104 94 100 90 15 19 2
42 86 76 44 34 8 37 2
43 17 7 78 68 94 3 1
44 82 72 41 31 97 18 2
45 110 100 55 45 74 13 1
46 77 67 51 41 50 60 1
47 102 92 95 85 50 72 1
48 71 61 89 79 52 92 1
49 107 97 52 42 89 77 1
50 78 68 93 83 84 85 2
51 105 95 69 59 96 49 1
52 76 66 11 1 64 64 2
53 34 24 63 53 95 73 2
54 34 24 72 62 58 50 1
55 70 60 38 28 73 78 2
56 96 86 18 8 43 79 2
57 84 74 97 87 38 38 2
58 13 3 84 74 88 98 2
59 43 33 51 41 76 6 2
60 100 90 30 20 58 18 1
61 95 85 68 58 85 69 1
62 106 96 92 82 60 42 1
63 82 72 15 5 17 71 1
64 66 56 96 86 90 92 2
65 94 84 31 21 4 97 2
66 91 81 82 72 53 41 2
67 85 75 30 20 10 75 1
68 74 64 73 63 8 49 2
69 82 72 30 20 78 24 2
70 15 5 42 32 70 56 1
71 91 81 52 42 75 84 1
72 22 12 105 95 92 42 1
73 71 61 100 90 29 44 1
74 107 97 73 63 20 38 1
75 13 3 74 64 88 11 2
76 58 48 101 91 2 56 1
77 29 19 81 71 69 97 1
78 65 55 23 13 89 34 1
79 106 96 70 60 5 48 1
