2 80
810 794 
0 97 87 15 5 22 53 1
1 95 85 72 62 52 8 1
2 21 11 56 46 83 35 2
3 108 98 16 6 78 4 2
4 43 33 22 12 53 41 1
5 85 75 94 84 2 99 2
6 108 98 55 45 46 97 2
7 33 23 110 100 55 85 2
8 41 31 92 82 94 63 1
9 35 25 103 93 26 81 2
10 99 89 45 35 10 64 1
11 30 20 39 29 26 98 2
12 78 68 13 3 32 52 2
13 39 29 87 77 20 53 1
14 17 7 55 45 60 8 2
15 29 19 69 59 77 43 2
16 70 60 37 27 38 80 2
17 40 30 92 82 94 44 1
18 51 41 106 96 55 4 1
19 12 2 80 70 73 91 2
20 109 99 47 37 74 66 1
21 68 58 53 43 29 80 1
22 76 66 87 77 6 11 1
23 20 10 93 83 94 81 2
24 45 35 96 86 90 50 1
25 100 90 61 51 12 24 1
26 57 47 96 86 48 10 1
27 67 57 16 6 41 19 2
28 66 56 100 90 36 6 2
29 72 62 37 27 72 94 1
30 74 64 96 86 87 34 2
31 73 63 26 16 58 58 2
32 62 52 41 31 23 54 1
33 107 97 52 42 69 68 1
34 57 47 44 34 87 14 1
35 47 37 84 74 28 94 1
36 30 20 45 35 71 19 2
37 20 10 56 46 33 62 2
38 75 65 50 40 34 78 1
39 83 73 71 61 64 81 2
40 82 72 89 79 10 42 1
41 11 1 107 97 95 93 1
42 53 43 19 9 42 31 2
43 104 94 65 55 41 45 1
44 73 63 32 22 14 97 1
45 105 95 58 48 1 38 1
46 20 10 94 84 17 87 2
47 25 15 18 8 4 76 2
48 34 24 52 42 94 33 2
49 18 8 63 53 72 90 2
50 49 39 64 54 76 18 1
51 68 58 32 22 20 50 2
52 99 89 34 24 52 22 1
53 85 75 14 4 81 29 1
54 65 55 103 93 13 31 1
55 41 31 109 99 41 23 1
56 51 41 73 63 93 52 2
57 67 57 72 62 13 92 1
58 72 62 43 33 33 41 1
59 18 8 26 16 80 57 1
60 47 37 77 67 36 38 2
61 58 48 31 21 71 75 2
62 41 31 27 17 89 67 2
63 25 15 50 40 58 91 2
64 105 95 35 25 40 94 2
65 29 19 66 56 76 32 2
66 18 8 109 99 37 84 1
67 104 94 49 39 62 64 1
68 77 67 76 66 60 93 1
69 69 59 25 15 70 13 1
70 54 44 81 71 77 45 2
71 62 52 31 21 21 86 1
72 65 55 48 38 64 57 1
73 106 96 35 25 18 75 1
74 74 64 40 30 62 31 1
75 100 90 61 51 30 54 1
76 81 71 24 14 18 64 2
77 32 22 84 74 30 17 2
78 48 38 106 96 33 81 2
79 77 67 41 31 64 96 1
