2 80
2201 1887 
0 17 99 2 17 36 31 2
1 14 87 30 22 100 15 2
2 75 93 76 64 74 40 1
3 31 98 8 45 53 99 2
4 93 19 69 70 40 55 1
5 84 57 93 3 23 6 2
6 89 88 37 15 4 27 2
7 35 19 75 65 27 8 2
8 98 64 50 31 37 44 1
9 82 93 50 48 17 33 1
10 18 51 3 97 1 31 1
11 98 70 63 81 40 27 2
12 2 19 63 62 64 37 1
13 25 75 66 14 80 10 2
14 70 84 43 18 37 50 2
15 87 80 32 2 60 63 1
16 93 72 38 59 31 98 2
17 93 83 30 78 77 57 1
18 50 92 86 7 91 85 2
19 25 21 13 96 49 98 2
20 77 84 73 91 77 22 1
21 10 79 71 37 71 41 1
22 19 47 72 6 70 78 2
23 87 10 72 92 1 48 1
24 40 12 85 30 8 69 2
25 38 95 10 10 61 7 2
26 35 49 64 84 72 15 2
27 3 19 71 49 79 58 1
28 5 61 18 83 18 39 1
29 24 82 32 53 42 57 2
30 44 21 9 51 98 84 1
31 83 99 8 85 5 69 2
32 91 23 20 53 93 71 2
33 70 24 15 15 71 75 1
34 11 15 67 22 10 67 1
35 88 48 49 75 32 78 2
36 36 39 65 22 45 81 2
37 2 56 55 22 13 94 2
38 62 99 14 34 58 37 2
39 3 86 67 44 34 76 2
40 11 10 16 85 81 78 2
41 17 17 81 99 10 67 2
42 73 53 9 12 73 2 1
43 18 65 71 95 45 66 2
44 26 70 34 49 42 28 2
45 2 26 15 28 10 3 1
46 80 41 60 71 56 80 2
47 84 61 60 43 24 25 1
48 60 30 80 69 38 60 1
49 49 23 33 42 47 65 1
50 82 10 91 44 72 22 2
51 14 63 6 54 14 33 1
52 2 100 15 35 69 57 2
53 64 59 41 22 41 52 2
54 43 92 12 66 15 80 1
55 77 39 34 77 77 25 1
56 58 64 70 19 2 58 1
57 95 34 80 72 38 46 1
58 23 27 8 10 7 34 1
59 78 85 91 4 71 48 1
60 87 60 16 86 32 2 2
61 9 66 50 64 4 69 1
62 45 87 65 65 28 16 2
63 25 18 85 56 24 25 1
64 34 19 2 77 27 43 1
65 8 55 57 2 37 34 2
66 80 72 45 2 56 2 1
67 45 14 5 28 71 75 2
68 24 71 44 62 1 79 1
69 25 69 25 15 65 38 2
70 24 85 5 27 4 50 1
71 90 93 75 27 81 57 2
72 32 29 5 76 75 57 1
73 93 22 93 25 29 51 1
74 42 19 50 41 77 22 1
75 5 24 38 66 68 84 2
76 45 70 26 16 90 54 1
77 36 6 9 93 33 2 2
78 87 92 84 70 91 61 2
79 23 50 75 28 27 65 2
