2 80
730 848 
0 51 43 62 61 56 84 2
1 102 95 28 38 80 16 1
2 13 17 98 88 73 38 2
3 103 94 41 49 90 70 1
4 80 75 26 26 54 76 1
5 78 69 25 23 50 61 1
6 24 32 66 59 88 96 1
7 69 67 7 5 74 60 1
8 13 16 90 83 58 76 2
9 27 21 62 68 49 56 2
10 71 71 7 17 81 85 2
11 28 22 34 25 73 99 1
12 33 27 69 78 47 68 1
13 8 11 50 50 21 6 1
14 32 24 41 50 70 13 1
15 72 72 96 94 91 54 1
16 13 8 85 95 22 12 1
17 21 11 13 6 62 72 1
18 43 52 72 75 35 65 2
19 106 97 66 64 80 94 1
20 30 32 43 39 80 1 2
21 19 11 76 77 88 12 1
22 58 55 16 14 86 49 2
23 16 10 88 92 54 79 2
24 59 64 84 90 40 15 2
25 63 67 76 82 25 23 2
26 69 65 13 8 41 28 2
27 82 87 29 25 82 44 2
28 5 1 20 23 90 11 1
29 26 22 95 93 9 72 1
30 21 29 66 59 2 63 1
31 12 11 87 97 97 46 2
32 70 63 99 93 40 39 1
33 23 16 7 7 26 100 1
34 92 95 99 94 86 15 2
35 103 96 13 23 45 14 1
36 51 47 21 30 75 12 1
37 67 60 24 26 25 63 1
38 42 39 81 74 18 25 1
39 75 66 22 24 84 87 2
40 39 30 11 5 73 70 2
41 95 93 77 75 51 9 2
42 8 13 67 72 57 37 2
43 18 17 44 47 20 37 1
44 47 46 17 25 71 14 1
45 28 38 50 40 26 49 1
46 3 1 39 39 62 90 1
47 46 53 43 35 92 77 1
48 38 42 64 73 39 21 1
49 21 23 43 42 48 7 1
50 45 54 98 88 24 70 2
51 40 31 24 22 19 73 2
52 43 44 89 79 35 18 1
53 44 43 7 6 9 19 1
54 52 52 17 18 24 51 1
55 42 47 76 85 27 33 1
56 102 100 45 55 85 93 2
57 27 30 72 68 64 30 1
58 46 39 25 22 8 28 2
59 26 25 57 52 74 55 2
60 52 44 60 62 24 53 1
61 98 90 97 88 61 90 2
62 9 19 106 97 70 100 1
63 84 82 24 20 63 91 1
64 32 27 69 77 86 41 2
65 1 3 39 42 7 67 1
66 1 8 46 38 60 56 1
67 46 38 49 52 12 4 2
68 36 39 26 30 31 29 1
69 13 21 68 67 77 80 1
70 37 29 88 79 96 90 2
71 103 97 31 31 56 98 2
72 29 25 84 80 27 40 1
73 74 82 75 85 52 26 1
74 80 75 88 97 75 86 2
75 59 60 5 2 49 53 1
76 57 54 99 100 29 26 1
77 85 82 69 69 36 76 1
78 51 52 21 30 93 81 1
79 55 46 33 24 68 98 1
