2 80
768 774 
0 78 69 89 87 56 75 1
1 43 49 90 84 90 68 2
2 27 27 91 98 27 73 1
3 100 100 38 47 3 73 2
4 75 81 42 32 38 17 1
5 74 67 29 21 87 31 2
6 24 18 45 45 83 6 1
7 1 5 51 43 66 29 1
8 52 42 8 9 58 38 2
9 13 19 69 66 76 94 1
10 1 1 53 47 70 96 2
11 71 80 85 91 25 50 1
12 46 41 82 92 42 76 1
13 33 33 83 80 97 75 2
14 4 2 34 28 6 8 1
15 92 90 16 12 64 77 1
16 77 70 62 57 3 66 1
17 31 41 36 36 31 45 2
18 85 78 85 93 42 35 1
19 24 15 92 90 21 57 2
20 1 6 12 13 22 30 2
21 52 53 22 19 27 56 2
22 41 37 91 96 61 70 1
23 99 96 71 70 12 81 2
24 91 90 8 8 36 64 1
25 6 9 32 24 12 98 2
26 21 11 44 54 98 97 1
27 35 41 82 79 56 67 2
28 3 11 39 33 4 5 1
29 26 32 3 3 5 76 2
30 9 7 33 37 42 44 2
31 83 81 58 59 12 80 2
32 41 33 78 71 95 96 1
33 73 70 49 53 68 68 2
34 85 93 84 92 14 52 1
35 64 66 11 1 32 12 1
36 33 33 16 8 6 50 2
37 100 94 70 60 48 57 1
38 78 77 17 20 97 92 2
39 28 32 88 90 63 39 1
40 21 24 106 99 23 2 1
41 87 79 69 61 66 87 1
42 77 71 36 30 87 41 1
43 1 11 27 33 64 29 2
44 38 32 8 11 14 61 1
45 32 36 33 38 44 48 1
46 63 63 91 93 27 57 2
47 49 39 25 21 16 79 1
48 1 4 36 43 75 93 2
49 81 73 82 92 68 92 2
50 17 16 49 50 37 35 1
51 46 53 51 44 96 22 1
52 1 6 43 41 46 47 2
53 101 93 64 56 49 56 1
54 84 78 49 44 59 54 2
55 1 1 35 39 34 62 2
56 91 98 47 45 61 53 2
57 60 60 13 6 8 50 1
58 1 1 76 84 89 28 1
59 43 35 53 62 16 58 2
60 54 62 78 88 13 78 2
61 2 4 1 2 30 23 1
62 93 97 69 75 27 89 1
63 28 20 68 58 7 73 1
64 17 9 54 59 50 90 2
65 49 41 72 80 92 92 1
66 3 2 28 32 38 36 1
67 96 88 1 2 7 39 1
68 100 93 90 84 39 100 2
69 42 51 81 89 34 27 2
70 62 59 1 1 70 78 1
71 70 67 6 1 14 1 2
72 21 31 68 78 51 13 1
73 73 72 66 75 8 18 1
74 89 85 1 7 77 82 1
75 96 90 42 32 65 26 1
76 76 76 10 14 52 17 1
77 45 36 29 23 56 90 2
78 32 38 15 16 80 4 1
79 50 48 12 18 78 9 2
