2 80
866 853 
0 81 80 92 98 78 85 2
1 75 72 22 15 78 97 2
2 52 58 37 29 99 22 2
3 90 95 49 50 20 84 1
4 80 76 18 19 12 72 1
5 72 70 27 24 38 71 2
6 87 85 16 12 73 72 2
7 39 44 77 82 10 7 1
8 54 49 10 16 6 76 1
9 13 22 77 77 4 30 2
10 48 56 5 2 12 65 1
11 25 35 52 46 50 12 2
12 16 20 73 71 78 48 1
13 98 96 40 35 95 23 2
14 79 85 9 11 17 8 1
15 12 17 28 31 95 77 1
16 89 81 61 68 79 53 2
17 103 100 95 95 84 77 1
18 93 89 22 12 45 1 1
19 47 38 7 5 79 79 2
20 35 45 40 44 61 26 2
21 46 36 3 2 33 31 2
22 56 64 14 23 29 100 1
23 60 67 40 49 35 20 2
24 1 9 18 27 37 64 1
25 102 96 15 11 61 98 1
26 39 42 83 85 52 53 1
27 49 56 88 94 71 15 1
28 56 46 63 68 72 14 2
29 72 63 49 42 32 2 1
30 98 90 30 20 9 21 1
31 91 84 66 62 1 98 2
32 20 24 62 54 9 98 1
33 81 89 78 80 59 94 2
34 85 92 84 91 20 34 2
35 58 57 89 84 73 69 1
36 10 4 80 87 97 17 2
37 94 93 51 59 93 5 1
38 20 16 59 51 82 75 2
39 92 83 31 33 54 92 2
40 81 79 53 54 48 35 1
41 53 50 27 32 93 91 2
42 34 30 101 97 3 3 1
43 62 70 109 100 25 82 1
44 100 95 70 74 39 13 1
45 51 43 52 45 20 10 1
46 77 78 5 8 20 10 1
47 5 10 102 92 17 18 2
48 6 11 40 42 55 86 2
49 49 52 55 63 16 11 1
50 30 23 62 57 96 48 1
51 16 20 21 11 16 64 1
52 12 13 66 56 100 41 2
53 68 68 39 31 76 48 1
54 82 85 55 59 50 83 2
55 31 24 57 62 37 56 2
56 9 9 65 56 36 97 1
57 17 15 62 53 53 35 1
58 10 4 89 87 59 71 2
59 70 70 101 97 7 10 1
60 84 89 13 7 37 36 1
61 83 87 82 85 19 43 1
62 84 76 60 54 59 60 2
63 66 67 6 5 45 85 1
64 29 36 87 86 77 89 2
65 81 80 12 19 31 93 1
66 55 61 101 91 69 53 2
67 75 67 78 81 25 5 1
68 8 12 11 3 75 49 1
69 17 14 43 52 50 79 1
70 18 22 61 64 79 96 2
71 67 66 95 100 22 83 1
72 29 26 71 81 43 21 2
73 89 87 82 90 81 50 1
74 19 20 48 42 46 17 1
75 51 45 97 87 81 86 2
76 41 47 83 85 52 11 1
77 51 55 35 42 17 26 1
78 4 9 79 79 50 3 1
79 97 95 75 73 7 97 2
