2 80
2237 1840 
0 82 72 100 90 1 97 2
1 76 66 61 51 18 99 2
2 98 88 41 31 73 22 1
3 25 15 41 31 38 65 1
4 64 54 35 25 38 78 1
5 30 20 39 29 24 78 2
6 105 95 60 50 87 95 2
7 22 12 99 89 61 99 1
8 22 12 73 63 44 26 2
9 52 42 20 10 14 70 1
10 104 94 50 40 71 7 2
11 99 89 108 98 19 91 1
12 51 41 78 68 72 91 1
13 48 38 96 86 45 1 1
14 110 100 48 38 41 40 1
15 102 92 34 24 75 85 1
16 59 49 26 16 37 23 2
17 89 79 41 31 97 12 2
18 64 54 19 9 81 23 2
19 65 55 25 15 10 59 1
20 34 24 72 62 37 66 1
21 53 43 38 28 12 2 2
22 73 63 84 74 30 23 2
23 13 3 78 68 21 76 2
24 110 100 53 43 63 91 1
25 97 87 58 48 91 38 2
26 82 72 29 19 42 88 1
27 96 86 37 27 42 30 1
28 79 69 105 95 87 77 1
29 73 63 46 36 17 40 2
30 75 65 97 87 98 17 1
31 74 64 19 9 87 26 1
32 103 93 90 80 34 39 1
33 84 74 37 27 70 38 1
34 86 76 73 63 77 90 1
35 104 94 41 31 23 68 2
36 23 13 38 28 45 67 2
37 85 75 21 11 63 37 1
38 72 62 47 37 83 19 2
39 108 98 96 86 41 93 1
40 39 29 46 36 28 6 1
41 76 66 72 62 5 25 1
42 94 84 60 50 59 83 2
43 85 75 38 28 51 48 1
44 18 8 77 67 2 77 2
45 106 96 51 41 51 74 2
46 105 95 87 77 26 32 2
47 26 16 19 9 90 99 1
48 27 17 45 35 48 85 1
49 71 61 16 6 6 55 1
50 102 92 17 7 99 9 2
51 53 43 25 15 36 2 1
52 84 74 19 9 69 56 2
53 46 36 75 65 80 32 1
54 26 16 64 54 56 30 2
55 94 84 62 52 31 98 2
56 84 74 106 96 70 69 2
57 76 66 89 79 97 17 2
58 93 83 64 54 24 27 2
59 43 33 51 41 56 97 2
60 36 26 66 56 65 8 1
61 43 33 16 6 21 43 1
62 82 72 60 50 95 22 2
63 18 8 51 41 98 46 1
64 110 100 40 30 43 81 1
65 54 44 83 73 71 64 1
66 91 81 74 64 72 66 2
67 25 15 70 60 39 47 1
68 62 52 61 51 85 100 1
69 18 8 74 64 55 84 2
70 59 49 94 84 79 91 1
71 99 89 68 58 65 5 1
72 58 48 41 31 59 60 2
73 31 21 60 50 38 73 2
74 47 37 13 3 15 5 1
75 65 55 18 8 12 36 1
76 74 64 17 7 88 47 1
77 25 15 77 67 40 36 2
78 25 15 83 73 1 86 2
79 14 4 78 68 87 83 1
