2 80
3496 3180 
0 41 31 59 49 62 67 2
1 79 69 56 46 51 84 1
2 37 27 72 62 4 98 2
3 92 82 108 98 36 66 1
4 67 57 38 28 67 64 2
5 93 83 94 84 87 1 2
6 104 94 59 49 25 70 2
7 25 15 110 100 79 24 2
8 97 87 48 38 41 66 1
9 51 41 19 9 60 39 1
10 11 1 65 55 34 92 2
11 102 92 103 93 80 44 1
12 22 12 49 39 61 69 1
13 59 49 107 97 15 82 2
14 57 47 95 85 20 31 1
15 21 11 61 51 64 67 2
16 22 12 89 79 2 29 1
17 56 46 108 98 61 95 1
18 79 69 26 16 50 17 2
19 68 58 36 26 53 11 2
20 29 19 75 65 23 64 2
21 92 82 77 67 82 62 2
22 20 10 31 21 71 37 1
23 80 70 45 35 22 25 1
24 61 51 104 94 54 82 2
25 44 34 105 95 28 17 2
26 85 75 32 22 16 39 1
27 87 77 28 18 66 44 2
28 106 96 32 22 9 66 2
29 64 54 37 27 9 11 1
30 66 56 80 70 62 64 2
31 69 59 14 4 71 32 1
32 98 88 77 67 59 94 1
33 55 45 108 98 65 62 2
34 85 75 80 70 58 97 1
35 15 5 52 42 77 10 1
36 90 80 13 3 4 62 1
37 96 86 32 22 35 66 1
38 51 41 18 8 7 33 2
39 103 93 99 89 44 79 1
40 22 12 29 19 94 56 1
41 27 17 23 13 40 76 1
42 93 83 51 41 24 74 2
43 92 82 53 43 54 24 1
44 81 71 40 30 6 57 2
45 101 91 46 36 43 5 2
46 12 2 94 84 17 90 2
47 89 79 82 72 7 37 1
48 94 84 12 2 55 99 2
49 102 92 47 37 18 58 1
50 21 11 36 26 59 99 2
51 20 10 92 82 30 14 1
52 23 13 58 48 100 19 2
53 105 95 34 24 81 36 2
54 33 23 71 61 51 38 2
55 105 95 73 63 53 52 2
56 99 89 21 11 8 4 1
57 35 25 48 38 66 28 2
58 12 2 83 73 70 47 1
59 110 100 18 8 69 21 2
60 55 45 77 67 26 91 2
61 110 100 83 73 31 11 1
62 53 43 39 29 39 52 1
63 33 23 66 56 36 36 2
64 45 35 75 65 47 24 2
65 101 91 30 20 48 100 1
66 110 100 101 91 64 45 2
67 16 6 53 43 50 37 2
68 49 39 48 38 82 17 1
69 93 83 49 39 70 29 1
70 102 92 29 19 46 67 2
71 94 84 63 53 75 72 1
72 73 63 48 38 9 4 2
73 86 76 15 5 69 41 1
74 78 68 52 42 81 47 1
75 48 38 109 99 15 12 1
76 21 11 64 54 63 97 2
77 12 2 64 54 97 89 2
78 28 18 86 76 73 49 1
79 109 99 73 63 69 47 2
