2 80
2081 2055 
0 54 54 65 72 67 7 1
1 21 26 60 61 38 41 2
2 38 48 15 19 71 66 1
3 93 97 52 44 89 92 1
4 56 62 10 13 77 1 1
5 68 72 23 26 84 56 2
6 87 91 8 18 54 80 2
7 108 98 38 36 51 57 1
8 15 23 100 98 15 37 1
9 27 24 78 79 70 30 1
10 31 34 80 72 93 90 1
11 82 77 88 88 37 15 1
12 3 6 52 49 24 54 1
13 65 66 15 13 29 65 2
14 7 7 45 41 54 76 2
15 92 99 21 13 82 25 2
16 12 19 1 6 25 23 1
17 80 70 72 65 49 48 2
18 80 71 80 86 98 23 1
19 21 12 89 87 45 17 2
20 58 63 71 70 77 82 1
21 100 94 70 60 23 18 2
22 81 82 39 41 53 17 1
23 77 81 57 63 76 22 2
24 77 83 1 1 4 95 2
25 67 62 80 77 46 50 1
26 87 96 31 39 91 49 2
27 1 2 35 40 11 11 2
28 29 36 65 58 77 45 2
29 51 53 28 32 46 34 1
30 2 4 34 34 74 13 1
31 28 22 95 100 43 3 2
32 41 46 83 76 84 27 1
33 52 43 28 26 96 79 1
34 84 86 91 85 32 46 2
35 81 79 7 14 12 27 1
36 36 26 1 1 80 86 2
37 69 59 34 33 37 77 2
38 63 70 23 13 62 35 1
39 18 9 65 67 46 74 2
40 86 85 58 60 6 7 2
41 61 64 56 46 55 24 1
42 73 80 32 39 82 40 2
43 79 84 1 6 82 12 2
44 9 9 79 88 35 40 1
45 55 45 56 47 87 15 1
46 17 24 45 54 15 36 2
47 31 32 1 6 60 62 1
48 42 41 76 80 88 63 1
49 10 2 16 13 12 10 2
50 66 69 1 3 56 79 2
51 89 98 94 89 64 44 1
52 66 59 91 94 34 79 1
53 3 10 66 73 8 95 2
54 58 67 23 33 91 18 2
55 72 78 6 16 89 26 2
56 20 11 76 66 5 45 2
57 76 77 21 15 81 18 1
58 30 34 17 25 99 36 2
59 61 68 84 87 33 41 1
60 66 63 90 89 27 3 2
61 79 73 78 71 24 48 2
62 108 98 84 76 76 44 2
63 14 21 62 67 10 29 2
64 44 54 2 4 20 78 2
65 40 34 71 73 7 41 1
66 73 67 98 97 21 7 2
67 20 25 36 31 99 16 1
68 57 58 39 41 43 18 2
69 88 84 22 30 35 94 2
70 85 92 44 42 44 41 2
71 1 4 28 30 1 76 2
72 24 28 79 75 41 17 2
73 98 97 91 100 78 81 1
74 18 18 47 40 82 87 1
75 30 23 55 65 75 57 2
76 30 25 72 71 64 95 2
77 4 1 88 88 96 74 2
78 15 15 85 93 86 70 2
79 89 93 80 71 51 57 2
