2 80
3022 3633 
0 16 13 27 31 86 72 1
1 58 57 105 100 65 81 1
2 48 51 25 22 26 99 1
3 97 96 56 51 15 45 2
4 29 37 83 88 83 64 1
5 87 79 42 33 63 62 2
6 55 62 97 89 78 8 2
7 43 53 94 91 87 27 2
8 89 86 45 53 26 58 2
9 29 39 93 94 84 95 2
10 33 29 74 67 12 67 1
11 16 24 43 35 46 1 1
12 52 49 109 100 75 72 2
13 64 69 22 16 46 17 1
14 38 34 68 68 66 5 1
15 77 82 14 4 3 66 2
16 12 6 84 93 22 92 2
17 72 69 64 64 56 56 2
18 33 38 62 61 53 89 2
19 87 91 60 58 39 73 1
20 48 46 61 53 91 39 2
21 94 93 43 51 3 72 1
22 46 45 4 4 31 44 2
23 80 88 60 70 45 66 1
24 52 50 69 68 40 55 2
25 72 73 85 88 80 26 1
26 35 35 79 78 33 34 1
27 4 9 51 47 72 8 2
28 49 51 64 73 74 27 1
29 76 72 53 43 97 13 1
30 7 15 52 45 40 38 2
31 94 93 77 79 11 51 1
32 67 73 9 3 61 45 2
33 60 62 36 45 17 88 2
34 69 73 68 72 25 47 2
35 8 14 55 49 95 9 2
36 36 33 6 16 31 50 1
37 108 98 57 64 55 6 1
38 25 17 64 60 81 87 1
39 5 12 73 70 56 59 2
40 56 52 28 27 38 100 1
41 56 63 30 37 45 5 1
42 21 31 80 90 53 59 1
43 53 63 92 85 13 72 2
44 2 8 85 79 90 21 1
45 66 56 46 50 71 16 1
46 32 23 68 61 67 89 1
47 31 31 20 13 11 65 1
48 18 16 60 55 26 71 2
49 63 73 85 92 71 29 1
50 64 60 96 94 2 37 1
51 18 21 2 12 68 61 1
52 52 50 93 93 73 100 1
53 82 77 32 40 32 32 2
54 21 30 86 96 12 26 2
55 13 9 47 47 12 54 2
56 39 34 82 89 63 10 1
57 59 56 4 2 96 59 2
58 20 13 99 96 35 13 1
59 75 83 1 2 89 88 1
60 55 46 63 64 92 24 1
61 23 28 30 26 26 3 2
62 18 21 94 99 99 38 1
63 85 92 25 30 5 68 2
64 15 17 65 67 94 90 1
65 98 89 29 28 76 36 2
66 32 38 78 68 99 28 1
67 7 12 31 26 24 91 1
68 63 61 53 52 30 42 1
69 8 3 47 41 32 66 1
70 20 11 63 53 31 1 2
71 63 71 12 5 19 41 1
72 22 27 85 82 28 70 1
73 16 24 17 27 84 12 2
74 46 41 54 63 83 64 2
75 27 26 73 68 17 91 2
76 44 52 94 98 54 27 2
77 16 12 100 99 2 52 1
78 104 98 66 76 80 55 2
79 41 44 11 14 31 49 2
