2 80
3423 2905 
0 78 68 96 86 69 39 1
1 32 22 17 7 22 74 1
2 106 96 49 39 33 4 2
3 17 7 33 23 49 54 1
4 16 6 87 77 58 47 1
5 102 92 103 93 17 6 1
6 105 95 60 50 51 67 1
7 86 76 63 53 57 75 2
8 90 80 41 31 9 5 1
9 88 78 64 54 81 63 1
10 12 2 66 56 56 80 1
11 11 1 20 10 99 89 2
12 83 73 110 100 75 20 2
13 64 54 12 2 27 88 1
14 42 32 80 70 63 33 2
15 94 84 34 24 30 24 2
16 55 45 30 20 58 47 1
17 69 59 21 11 39 46 2
18 80 70 35 25 18 94 2
19 105 95 65 55 69 6 1
20 14 4 60 50 54 31 2
21 69 59 54 44 9 35 1
22 41 31 52 42 39 99 2
23 17 7 90 80 24 49 1
24 46 36 97 87 52 97 1
25 65 55 26 16 3 47 1
26 70 60 17 7 45 72 2
27 76 66 17 7 79 48 1
28 67 57 93 83 31 31 1
29 101 91 74 64 87 11 1
30 103 93 25 15 63 72 1
31 66 56 11 1 51 22 1
32 63 53 50 40 8 36 1
33 52 42 105 95 47 28 2
34 74 64 61 51 99 75 1
35 88 78 25 15 17 83 2
36 35 25 50 40 63 85 2
37 77 67 13 3 2 93 2
38 84 74 59 49 26 57 1
39 88 78 84 74 24 89 2
40 35 25 42 32 82 55 2
41 20 10 16 6 81 88 1
42 18 8 84 74 22 30 1
43 13 3 66 56 56 27 1
44 90 80 49 39 7 28 1
45 98 88 51 41 85 14 2
46 69 59 51 41 85 2 2
47 66 56 59 49 16 74 1
48 31 21 49 39 75 11 1
49 91 81 36 26 3 95 1
50 50 40 65 55 36 31 1
51 57 47 29 19 80 42 2
52 100 90 35 25 63 29 2
53 62 52 83 73 74 29 1
54 110 100 40 30 3 90 1
55 34 24 102 92 14 77 2
56 44 34 66 56 76 27 1
57 60 50 73 63 47 13 2
58 53 43 24 14 44 24 2
59 35 25 43 33 6 10 2
60 108 98 38 28 85 75 2
61 47 37 20 10 58 48 2
62 26 16 104 94 57 31 2
63 98 88 23 13 45 11 1
64 106 96 36 26 4 75 1
65 58 48 95 85 7 5 1
66 83 73 74 64 61 93 2
67 97 87 42 32 19 59 2
68 46 36 45 35 60 49 2
69 106 96 54 44 86 1 2
70 63 53 90 80 42 100 2
71 23 13 92 82 41 56 1
72 30 20 13 3 66 40 2
73 51 41 80 70 63 81 2
74 19 9 85 75 49 82 1
75 61 51 22 12 24 67 2
76 98 88 41 31 99 46 2
77 109 99 61 51 85 35 2
78 45 35 103 93 39 92 2
79 38 28 102 92 25 57 2
