2 80
2035 1801 
0 70 65 81 83 49 65 2
1 53 57 100 92 77 18 2
2 84 79 40 50 77 74 2
3 91 100 50 47 91 18 1
4 61 57 107 100 41 96 2
5 66 75 21 29 73 67 2
6 42 50 71 77 76 98 1
7 47 37 85 75 12 61 2
8 38 38 2 5 82 17 2
9 35 35 78 82 10 86 1
10 83 89 32 27 97 22 1
11 36 40 50 51 26 76 1
12 94 85 35 28 58 84 2
13 38 29 59 68 87 75 1
14 82 90 33 24 69 19 2
15 25 18 41 40 91 26 1
16 32 30 17 17 60 13 2
17 39 29 31 24 84 90 2
18 88 82 1 5 79 32 2
19 31 35 4 2 26 11 2
20 1 2 7 9 3 50 1
21 73 77 43 43 54 83 1
22 4 9 75 68 66 80 2
23 67 60 39 34 62 46 2
24 100 94 17 12 28 56 1
25 50 49 63 72 37 79 1
26 26 27 70 70 58 69 1
27 23 17 49 55 56 72 1
28 74 71 89 93 44 96 2
29 97 92 53 63 57 74 2
30 83 79 15 9 64 65 1
31 15 25 3 3 92 13 1
32 25 29 54 59 85 44 2
33 60 62 57 53 40 38 2
34 76 77 83 76 34 30 1
35 75 70 106 97 77 39 1
36 1 5 83 80 65 4 1
37 58 66 28 32 9 28 1
38 1 1 44 44 89 51 2
39 53 52 1 10 46 72 2
40 46 40 18 15 71 13 1
41 40 35 14 9 37 73 2
42 30 39 1 6 71 47 2
43 40 43 66 73 28 48 1
44 71 80 62 59 24 99 2
45 45 44 46 46 91 17 1
46 31 39 59 69 70 26 1
47 1 3 76 77 35 11 1
48 46 48 80 79 26 7 1
49 83 73 84 92 48 57 2
50 79 76 11 10 61 73 2
51 72 65 56 56 81 8 1
52 68 74 14 9 2 92 1
53 91 85 41 48 78 4 1
54 77 74 50 48 94 5 1
55 10 9 57 47 81 47 1
56 30 22 73 77 66 83 2
57 33 24 65 70 51 73 1
58 35 37 30 28 36 70 1
59 1 3 32 22 10 78 1
60 96 90 4 8 7 98 1
61 52 56 51 54 99 34 1
62 78 77 62 63 53 90 1
63 73 68 13 6 44 41 2
64 77 81 35 31 91 71 2
65 80 73 3 12 39 20 1
66 25 26 50 56 20 31 2
67 1 4 23 18 55 74 2
68 86 77 60 60 47 47 1
69 42 47 97 93 60 34 1
70 62 55 13 5 52 46 1
71 1 3 46 37 69 11 2
72 27 31 74 78 97 6 2
73 14 12 7 15 22 44 2
74 56 53 77 75 48 58 2
75 85 78 10 20 72 4 2
76 103 96 45 42 64 13 1
77 23 20 15 7 18 83 2
78 87 78 49 56 6 66 2
79 44 48 14 18 42 71 1
