2 80
1899 1869 
0 78 36 55 54 18 1 2
1 39 64 55 99 89 50 2
2 84 34 85 5 85 16 2
3 92 99 69 46 1 1 2
4 38 20 6 63 38 8 2
5 1 58 2 4 50 37 2
6 86 41 42 68 40 55 2
7 8 4 48 42 52 91 2
8 11 5 63 72 12 87 2
9 19 2 79 49 8 30 2
10 95 36 80 82 29 66 2
11 35 91 100 2 13 35 1
12 23 12 84 55 43 33 2
13 6 60 55 7 6 1 2
14 15 53 88 79 43 16 2
15 84 25 37 47 12 100 1
16 90 45 35 32 37 96 2
17 66 72 3 59 32 72 2
18 23 29 59 44 53 32 1
19 10 62 98 37 3 95 1
20 70 97 66 4 12 2 2
21 23 4 84 70 79 89 2
22 16 56 69 15 5 53 1
23 64 67 57 49 45 40 1
24 29 49 74 67 3 34 2
25 83 24 47 47 77 68 2
26 84 26 13 61 29 38 2
27 40 88 100 26 22 61 2
28 30 6 43 28 92 48 1
29 49 23 57 2 46 88 2
30 81 82 54 12 28 51 1
31 40 64 73 50 9 100 2
32 56 84 85 14 34 89 2
33 59 97 96 88 13 18 2
34 24 20 72 19 61 52 1
35 17 9 78 36 24 97 1
36 1 4 30 79 14 54 2
37 15 89 68 55 52 6 2
38 59 76 11 19 75 87 2
39 32 3 96 61 25 93 1
40 12 59 17 34 12 36 1
41 38 74 2 56 56 4 2
42 38 70 66 37 37 79 1
43 15 18 60 48 54 20 2
44 43 27 51 6 61 4 1
45 27 31 40 25 31 94 2
46 41 10 21 48 17 20 2
47 45 26 21 100 49 100 2
48 93 99 13 30 63 17 1
49 10 52 86 63 70 3 1
50 7 79 16 13 51 46 2
51 99 52 91 43 26 18 2
52 35 69 48 4 100 43 2
53 9 84 78 47 7 99 2
54 80 33 49 99 22 57 1
55 90 16 39 54 3 76 1
56 91 65 11 20 84 66 2
57 64 11 49 57 51 46 2
58 84 92 61 83 24 89 2
59 95 30 8 49 75 65 2
60 36 5 65 23 96 34 2
61 90 55 31 53 4 39 1
62 86 52 6 30 84 17 1
63 38 95 98 33 82 22 1
64 79 28 47 86 68 56 2
65 5 40 54 79 96 68 1
66 1 25 66 55 5 70 1
67 66 43 26 57 81 61 1
68 65 44 85 35 48 74 1
69 18 54 18 100 31 57 1
70 77 70 58 12 57 5 1
71 67 62 52 96 59 61 1
72 85 30 58 77 86 60 2
73 86 27 86 30 46 83 1
74 67 64 83 86 64 80 1
75 70 9 3 51 99 16 2
76 14 63 95 9 76 28 1
77 81 79 54 66 80 51 2
78 72 41 61 19 99 67 2
79 36 99 96 77 90 44 1
