2 80
3393 3518 
0 43 39 54 57 89 71 2
1 12 3 46 46 84 92 2
2 62 61 39 32 3 98 2
3 86 94 53 49 31 88 1
4 45 43 91 94 68 13 1
5 70 77 38 31 14 59 1
6 63 56 84 83 34 4 2
7 87 91 25 29 80 55 1
8 7 12 84 79 17 77 1
9 36 37 92 84 46 41 1
10 58 59 99 97 67 80 1
11 80 82 86 93 100 80 1
12 73 71 22 14 15 44 2
13 105 99 47 38 2 71 2
14 10 12 40 46 41 53 2
15 97 100 21 22 36 65 2
16 68 68 61 55 76 64 1
17 95 99 87 94 28 15 1
18 54 64 75 79 47 71 2
19 5 9 86 84 59 44 2
20 17 20 30 27 61 44 1
21 40 35 1 1 38 24 2
22 21 27 79 86 98 3 1
23 84 74 64 56 79 58 1
24 76 76 93 94 48 29 1
25 15 15 28 30 22 8 1
26 74 81 31 24 57 12 1
27 57 63 1 1 70 25 2
28 55 61 91 83 79 98 1
29 76 82 53 53 35 79 2
30 3 1 27 31 66 91 1
31 57 55 40 41 20 68 2
32 46 51 88 81 70 71 1
33 2 8 107 99 68 41 2
34 75 71 61 70 50 7 2
35 85 92 16 19 37 35 2
36 18 19 9 2 33 99 2
37 33 32 103 98 35 62 1
38 69 63 100 98 68 90 2
39 87 86 26 36 49 27 2
40 51 46 23 21 80 3 1
41 48 49 22 23 34 69 2
42 90 89 49 48 100 7 1
43 49 49 75 79 47 98 2
44 101 94 71 73 88 91 1
45 49 54 42 48 92 11 2
46 84 77 20 15 34 62 1
47 13 17 102 99 15 7 2
48 82 78 16 17 71 77 2
49 23 23 45 42 80 84 2
50 7 14 47 56 73 50 1
51 45 43 29 34 32 20 2
52 14 12 39 47 18 60 2
53 26 27 89 90 70 52 2
54 53 56 18 22 62 30 2
55 64 55 98 93 17 88 2
56 28 32 84 79 43 11 2
57 100 94 37 32 18 41 2
58 84 75 50 58 86 64 1
59 92 93 15 12 73 8 2
60 57 64 81 90 4 71 1
61 48 42 34 40 3 6 1
62 94 99 78 85 92 28 1
63 29 30 69 68 74 93 2
64 100 99 50 49 22 46 1
65 18 27 62 66 94 86 2
66 22 32 60 62 10 28 1
67 49 54 73 68 54 45 2
68 6 15 1 6 28 48 2
69 29 25 76 71 30 69 2
70 37 33 67 75 54 71 2
71 43 33 58 67 60 2 2
72 35 25 90 80 63 89 2
73 15 14 8 17 53 29 2
74 55 51 63 73 6 99 2
75 64 56 89 98 2 79 2
76 84 74 26 20 97 92 1
77 63 66 47 53 39 12 2
78 85 92 76 70 68 85 1
79 36 46 19 16 67 68 2
