2 80
2001 2223 
0 31 73 16 91 69 75 1
1 64 41 80 76 90 53 1
2 93 83 94 54 2 62 2
3 45 100 30 47 45 83 1
4 83 13 51 64 92 39 2
5 10 59 19 5 93 2 1
6 91 94 39 21 4 69 1
7 89 81 21 19 47 71 2
8 16 38 68 5 61 50 1
9 48 3 8 50 84 96 1
10 72 21 57 67 8 41 1
11 72 12 37 23 64 12 2
12 44 5 5 48 57 57 2
13 95 45 36 92 94 20 1
14 52 14 25 40 3 77 1
15 81 62 34 84 54 7 1
16 87 18 32 97 67 53 2
17 39 53 76 48 96 88 2
18 96 66 32 89 86 90 1
19 95 3 91 70 21 95 1
20 63 10 59 17 47 44 2
21 44 29 97 95 69 69 2
22 21 65 66 24 51 30 1
23 41 32 34 6 37 52 1
24 18 86 63 4 27 57 1
25 20 61 84 76 43 14 2
26 41 3 62 38 57 4 2
27 69 65 29 95 41 6 1
28 47 51 60 73 38 1 1
29 74 72 82 43 63 72 1
30 18 43 91 65 36 13 1
31 97 37 30 15 58 27 1
32 21 45 50 75 4 24 1
33 40 70 85 61 89 74 1
34 29 17 85 16 55 61 2
35 38 70 7 97 95 62 2
36 66 61 95 36 33 27 1
37 20 22 81 88 58 81 2
38 56 53 8 96 93 85 1
39 61 20 25 70 94 28 1
40 21 8 26 91 41 76 2
41 67 31 31 5 52 25 1
42 3 95 31 54 9 39 2
43 4 79 49 1 50 33 2
44 60 84 68 63 46 96 2
45 52 28 65 30 63 67 1
46 2 87 82 17 3 91 2
47 6 83 82 57 12 100 1
48 26 68 46 99 58 7 2
49 63 73 47 92 88 32 2
50 24 56 33 90 85 46 1
51 84 41 76 32 4 50 1
52 60 38 73 73 57 1 1
53 54 9 23 72 87 76 1
54 17 74 86 40 40 53 1
55 95 93 52 31 35 57 2
56 24 74 44 21 81 41 2
57 25 96 10 34 49 9 1
58 37 65 22 48 75 62 2
59 20 75 33 94 70 93 2
60 85 42 6 60 11 80 1
61 79 52 20 50 62 26 1
62 27 9 47 87 28 71 1
63 51 72 11 18 66 4 1
64 24 37 92 95 51 100 1
65 2 17 59 56 34 31 2
66 30 78 87 8 12 17 2
67 87 72 47 86 83 78 1
68 98 17 18 100 91 64 1
69 19 47 11 85 5 1 2
70 30 55 11 97 28 6 1
71 36 31 21 65 84 39 1
72 38 31 11 78 8 77 1
73 79 32 71 35 36 44 2
74 100 9 16 31 33 23 2
75 43 94 76 36 53 24 2
76 75 56 56 94 98 11 2
77 26 52 99 39 87 14 1
78 57 98 46 76 17 23 2
79 49 48 9 26 7 17 1
