2 80
1817 1855 
0 92 10 69 28 85 66 2
1 89 10 97 53 5 100 1
2 2 24 3 95 11 37 1
3 6 93 83 48 32 24 1
4 20 14 96 57 1 75 1
5 27 60 36 6 86 23 2
6 96 47 44 74 92 51 1
7 62 58 94 96 63 89 1
8 29 79 81 46 95 70 1
9 77 4 37 51 80 71 1
10 41 6 34 52 10 19 1
11 9 33 82 44 95 54 2
12 65 98 26 41 10 98 2
13 76 30 25 77 62 1 2
14 97 75 70 1 44 27 2
15 86 7 31 29 63 90 2
16 84 83 29 70 93 19 2
17 12 42 49 37 10 93 2
18 69 3 5 26 80 86 1
19 80 44 76 11 82 63 2
20 56 23 52 30 15 66 2
21 57 62 18 20 94 79 2
22 18 74 63 33 68 66 2
23 26 89 19 63 21 57 1
24 15 23 60 41 69 67 2
25 57 90 21 5 88 36 1
26 90 80 19 15 62 30 2
27 98 34 66 72 93 42 1
28 72 96 85 18 16 40 2
29 99 13 7 92 86 73 1
30 55 96 28 26 56 17 1
31 62 2 87 88 1 57 1
32 78 6 15 36 90 24 1
33 29 51 66 34 66 5 1
34 42 14 98 13 84 80 2
35 67 31 36 66 42 50 1
36 31 18 60 1 52 27 1
37 33 55 94 21 28 31 2
38 61 30 5 73 56 39 1
39 90 29 54 87 98 48 1
40 22 65 27 40 7 53 2
41 88 88 52 62 18 57 2
42 60 12 88 79 44 53 2
43 93 32 38 54 68 2 2
44 85 41 93 12 79 10 1
45 77 33 90 27 87 31 1
46 71 56 51 94 83 91 1
47 67 40 43 14 23 80 2
48 67 37 79 68 48 23 1
49 24 2 100 13 62 28 1
50 41 25 50 59 56 42 1
51 69 30 61 21 62 40 2
52 85 7 6 42 7 6 2
53 99 34 68 89 24 7 2
54 54 7 23 73 35 48 2
55 100 70 57 8 76 25 2
56 65 75 85 22 63 94 2
57 94 81 71 19 48 77 2
58 98 30 75 13 20 66 2
59 45 20 58 39 31 85 1
60 34 87 55 5 33 2 2
61 60 49 1 47 76 82 2
62 76 66 96 52 83 41 2
63 64 57 24 95 74 77 2
64 69 46 37 96 41 86 1
65 7 94 56 33 66 73 1
66 51 31 16 61 67 27 2
67 8 1 68 7 44 64 1
68 39 90 51 73 93 55 2
69 12 32 4 78 22 65 1
70 91 48 64 90 94 63 1
71 5 92 98 26 51 59 2
72 83 32 64 79 91 73 2
73 72 37 64 40 37 67 2
74 33 54 49 76 71 60 1
75 8 79 41 21 22 34 2
76 36 41 17 87 76 97 2
77 71 25 52 12 53 2 1
78 42 55 31 33 44 13 1
79 62 97 22 75 23 71 2
