2 80
3103 2992 
0 15 5 33 23 48 71 1
1 93 83 70 60 77 24 2
2 83 73 26 16 24 83 1
3 42 32 58 48 87 26 1
4 57 47 28 18 52 94 2
5 103 93 12 2 75 91 1
6 106 96 61 51 84 37 1
7 47 37 24 14 34 29 1
8 91 81 34 24 42 93 2
9 33 23 109 99 83 45 1
10 13 3 67 57 24 44 2
11 28 18 37 27 72 6 2
12 36 26 63 53 5 1 1
13 61 51 17 7 5 85 1
14 19 9 57 47 84 5 1
15 67 57 107 97 36 78 2
16 96 86 63 53 88 90 1
17 74 64 34 24 94 93 2
18 81 71 36 26 56 53 2
19 34 24 94 84 31 92 2
20 99 89 45 35 84 4 1
21 38 28 31 21 74 16 1
22 62 52 73 63 95 24 2
23 54 44 27 17 81 13 1
24 39 29 90 80 8 42 1
25 86 76 39 29 66 43 2
26 63 53 102 92 96 23 2
27 57 47 98 88 46 10 2
28 28 18 54 44 28 36 2
29 46 36 19 9 11 27 2
30 48 38 62 52 97 69 1
31 63 53 16 6 75 58 2
32 36 26 23 13 87 3 1
33 49 39 102 92 21 4 1
34 55 45 50 40 13 84 2
35 61 51 98 88 38 96 2
36 72 62 87 77 47 94 2
37 50 40 86 76 97 72 1
38 25 15 100 90 23 25 2
39 73 63 69 59 89 38 1
40 48 38 55 45 31 68 1
41 13 3 109 99 46 20 2
42 51 41 109 99 12 43 2
43 26 16 87 77 36 68 1
44 99 89 58 48 3 4 2
45 95 85 48 38 95 47 1
46 26 16 108 98 23 97 2
47 51 41 44 34 42 93 1
48 68 58 86 76 40 40 2
49 80 70 25 15 30 49 1
50 79 69 94 84 72 84 2
51 102 92 66 56 24 43 1
52 69 59 12 2 4 64 1
53 11 1 40 30 19 59 2
54 79 69 17 7 56 7 1
55 71 61 31 21 11 5 2
56 89 79 11 1 36 53 1
57 85 75 98 88 51 30 1
58 94 84 73 63 9 66 1
59 60 50 68 58 15 40 2
60 69 59 99 89 61 8 2
61 84 74 57 47 5 87 1
62 91 81 77 67 42 98 1
63 55 45 88 78 100 10 2
64 67 57 97 87 77 90 2
65 23 13 60 50 54 33 1
66 56 46 47 37 37 6 1
67 78 68 23 13 24 35 1
68 43 33 42 32 2 4 1
69 11 1 67 57 12 82 1
70 24 14 51 41 64 72 1
71 52 42 13 3 33 71 1
72 87 77 70 60 57 1 2
73 16 6 45 35 75 15 1
74 52 42 18 8 20 90 1
75 74 64 27 17 11 56 1
76 75 65 18 8 69 13 1
77 14 4 58 48 42 87 2
78 62 52 12 2 53 100 1
79 67 57 31 21 8 52 2
