2 80
2099 2049 
0 27 28 38 46 4 53 1
1 80 80 6 15 1 17 1
2 37 30 1 1 79 89 1
3 104 99 55 46 11 19 2
4 48 56 15 7 7 34 1
5 72 74 27 28 58 16 1
6 100 97 21 24 62 43 2
7 56 60 94 98 42 42 1
8 97 97 82 72 63 69 2
9 28 34 71 81 88 28 1
10 6 4 34 42 29 33 2
11 18 19 32 30 13 83 1
12 90 92 39 35 21 14 2
13 32 36 82 83 90 10 2
14 35 29 73 63 85 12 1
15 85 81 101 95 23 81 1
16 56 57 41 44 41 84 2
17 36 40 28 35 17 12 2
18 38 45 67 68 74 88 1
19 103 94 63 61 79 16 1
20 89 89 102 96 8 74 1
21 46 52 24 18 2 1 2
22 106 100 56 59 12 46 1
23 2 3 74 77 97 28 1
24 66 57 83 75 6 33 1
25 11 20 37 35 92 41 1
26 56 50 92 93 75 17 1
27 43 48 90 86 11 67 2
28 23 26 38 48 32 28 1
29 51 43 20 14 62 29 1
30 35 26 38 48 1 25 1
31 49 52 32 38 87 32 2
32 75 68 104 98 15 45 1
33 81 89 78 72 31 65 1
34 83 80 69 79 97 2 1
35 1 1 38 36 21 78 2
36 33 40 24 23 40 80 1
37 31 33 101 99 59 44 2
38 19 24 66 67 62 71 2
39 36 35 83 93 55 48 1
40 91 91 76 66 46 24 1
41 69 78 56 52 42 3 2
42 25 22 84 81 19 30 1
43 96 90 22 20 18 89 2
44 31 23 1 2 83 65 1
45 51 47 52 49 56 93 1
46 57 62 93 100 41 69 1
47 36 46 17 20 23 100 2
48 78 79 12 10 72 5 2
49 50 52 56 63 66 9 1
50 15 7 47 41 54 16 2
51 75 76 59 67 31 30 1
52 91 97 37 32 67 61 1
53 59 60 30 23 17 61 2
54 47 41 12 7 28 9 1
55 42 32 76 70 72 93 1
56 18 21 66 68 9 53 2
57 43 47 88 85 2 26 2
58 79 72 58 55 34 12 2
59 65 58 67 77 40 32 1
60 43 45 72 63 15 6 2
61 54 59 53 57 86 88 2
62 24 20 100 98 78 63 2
63 91 83 39 29 29 2 2
64 80 72 17 22 16 52 2
65 86 96 30 35 75 64 2
66 70 73 8 3 49 32 1
67 70 75 94 89 8 31 2
68 14 4 96 87 33 60 1
69 67 62 1 8 62 2 1
70 68 70 11 12 62 30 2
71 33 34 61 68 78 83 1
72 40 30 87 77 55 57 2
73 1 7 1 10 80 11 1
74 17 8 25 30 96 23 1
75 93 93 39 35 38 21 2
76 11 3 53 49 35 4 1
77 57 47 41 34 88 43 1
78 21 29 4 7 12 72 2
79 102 99 72 69 58 60 1
