2 80
3189 3388 
0 67 57 85 75 46 11 1
1 65 55 42 32 60 1 2
2 83 73 18 8 62 40 2
3 50 40 58 48 24 59 2
4 85 75 56 46 23 84 1
5 75 65 76 66 84 71 1
6 110 100 57 47 54 93 1
7 11 1 88 78 63 58 1
8 103 93 54 44 96 67 2
9 61 51 37 27 98 57 2
10 109 99 55 45 7 44 2
11 68 58 77 67 99 32 1
12 16 6 43 33 13 59 2
13 57 47 105 95 12 43 2
14 103 93 41 31 1 31 2
15 75 65 107 97 51 58 2
16 48 38 15 5 95 75 1
17 38 28 90 80 22 86 1
18 77 67 24 14 52 41 1
19 110 100 78 68 99 96 2
20 59 49 97 87 11 59 1
21 38 28 23 13 44 55 1
22 78 68 89 79 49 57 1
23 106 96 71 61 68 56 2
24 75 65 18 8 35 98 1
25 102 92 63 53 40 66 2
26 15 5 62 52 13 92 1
27 17 7 66 56 82 70 2
28 84 74 110 100 64 24 1
29 82 72 55 45 71 61 2
30 84 74 98 88 36 97 2
31 67 57 20 10 10 86 1
32 52 42 39 29 82 13 1
33 69 59 14 4 49 36 1
34 15 5 102 92 85 45 2
35 69 59 106 96 5 96 1
36 16 6 39 29 33 58 2
37 50 40 86 76 39 37 1
38 69 59 44 34 19 54 1
39 33 23 29 19 80 24 1
40 96 86 103 93 36 45 2
41 41 31 37 27 25 49 2
42 35 25 101 91 30 8 1
43 66 56 19 9 100 4 1
44 63 53 22 12 88 92 1
45 99 89 52 42 30 90 2
46 98 88 72 62 50 13 2
47 27 17 20 10 34 18 1
48 12 2 30 20 3 76 1
49 24 14 69 59 1 6 2
50 55 45 70 60 32 65 2
51 46 36 18 8 13 34 1
52 69 59 104 94 97 12 1
53 107 97 28 18 32 22 1
54 87 77 25 15 32 90 2
55 47 37 107 97 83 10 1
56 109 99 31 21 23 87 2
57 93 83 106 96 44 33 1
58 22 12 93 83 64 31 2
59 60 50 76 66 87 62 2
60 33 23 63 53 66 94 2
61 36 26 101 91 51 27 1
62 23 13 101 91 48 47 2
63 19 9 44 34 48 6 2
64 23 13 53 43 100 14 1
65 71 61 100 90 32 43 1
66 64 54 47 37 4 54 2
67 46 36 91 81 84 72 2
68 55 45 54 44 22 32 1
69 75 65 23 13 22 59 2
70 72 62 107 97 63 47 2
71 44 34 105 95 10 28 2
72 51 41 34 24 98 7 1
73 56 46 85 75 92 6 2
74 12 2 78 68 9 83 1
75 22 12 83 73 85 50 1
76 67 57 102 92 73 96 2
77 18 8 70 60 59 96 2
78 102 92 60 50 18 67 2
79 51 41 15 5 75 71 2
