2 80
801 807 
0 3 25 88 43 5 94 2
1 72 33 80 68 12 97 1
2 57 3 66 82 44 93 2
3 17 96 94 51 46 19 2
4 11 25 79 76 46 92 2
5 58 55 67 1 29 18 2
6 87 74 35 1 86 56 2
7 89 65 21 3 78 88 2
8 80 90 32 57 94 11 2
9 24 91 92 46 99 48 1
10 64 81 49 27 4 81 2
11 16 28 89 39 10 75 2
12 68 33 21 84 90 18 2
13 55 5 96 44 29 75 1
14 88 62 61 96 87 68 2
15 85 6 38 20 29 60 1
16 99 34 52 21 42 67 2
17 47 13 84 8 42 39 2
18 4 10 40 33 54 50 2
19 55 47 43 14 7 94 2
20 91 66 87 73 42 19 1
21 76 21 37 87 69 39 1
22 17 29 70 88 57 56 2
23 25 96 10 78 50 9 2
24 62 38 7 56 61 30 2
25 64 37 36 52 2 88 1
26 29 95 58 30 65 39 1
27 45 73 13 3 4 11 2
28 55 71 68 93 98 76 2
29 74 92 90 63 19 1 1
30 70 7 35 29 78 79 2
31 61 61 94 47 2 69 1
32 61 1 98 31 82 97 1
33 8 78 45 61 21 71 1
34 93 21 41 20 99 39 2
35 30 18 91 53 27 40 2
36 6 25 35 100 1 40 2
37 76 90 29 56 84 46 2
38 68 45 12 80 57 27 2
39 53 60 9 18 95 51 1
40 1 4 6 79 83 94 2
41 67 3 31 85 60 7 1
42 51 11 87 70 4 25 2
43 40 59 85 81 24 11 1
44 84 56 92 35 40 81 1
45 44 24 57 26 90 44 1
46 50 95 38 33 52 70 1
47 62 47 38 29 81 99 2
48 86 100 6 31 84 34 1
49 35 73 19 92 6 71 1
50 48 72 57 6 87 93 2
51 44 85 36 84 77 4 1
52 52 54 65 89 26 9 1
53 82 9 51 72 43 48 1
54 69 18 38 84 26 13 2
55 59 93 16 23 86 39 1
56 84 54 96 9 45 87 1
57 65 64 50 2 42 3 2
58 9 97 94 80 41 1 2
59 28 95 41 14 42 15 2
60 97 86 18 4 12 3 1
61 31 80 80 70 70 80 1
62 63 65 83 43 95 35 2
63 99 56 59 94 94 51 1
64 44 1 12 59 91 50 1
65 6 1 55 40 93 74 2
66 30 66 95 96 72 91 1
67 3 64 63 78 91 42 2
68 58 25 70 16 76 71 1
69 39 91 39 37 28 17 2
70 18 7 91 49 37 92 2
71 44 63 37 97 10 64 2
72 26 27 99 82 39 76 2
73 15 12 7 15 40 68 1
74 76 21 92 43 33 74 2
75 75 46 8 88 30 56 1
76 23 92 4 38 82 63 2
77 46 60 19 47 37 43 2
78 25 78 14 56 11 7 2
79 89 52 49 30 17 96 2
