2 80
1919 2181 
0 64 62 41 80 21 51 2
1 89 10 5 45 75 37 1
2 66 52 75 23 76 54 2
3 78 97 55 44 19 39 2
4 56 26 24 77 15 73 2
5 67 56 76 2 17 22 1
6 84 35 32 62 47 94 1
7 62 42 2 80 9 72 1
8 85 31 45 98 95 23 1
9 53 92 21 47 13 36 1
10 41 66 26 12 96 2 1
11 53 49 26 60 83 15 2
12 81 26 42 69 83 75 1
13 36 90 85 29 50 35 2
14 33 23 6 57 83 72 2
15 90 43 35 65 16 43 2
16 96 7 41 94 19 94 1
17 20 94 57 89 51 10 2
18 77 47 13 70 51 3 2
19 40 88 28 55 65 24 1
20 84 79 80 86 69 87 2
21 97 46 50 12 5 1 2
22 22 38 67 97 14 38 2
23 2 53 95 35 44 4 1
24 51 75 96 93 16 21 2
25 1 66 73 81 12 18 1
26 86 72 7 7 33 10 1
27 74 42 42 80 35 43 1
28 80 16 93 38 31 84 2
29 99 33 15 12 40 75 1
30 7 60 72 90 50 23 2
31 18 34 51 12 4 86 1
32 26 62 55 92 14 11 2
33 89 51 34 42 25 76 1
34 98 18 54 17 74 24 2
35 59 79 20 14 81 35 1
36 71 82 100 65 93 97 1
37 89 23 42 89 20 70 1
38 65 22 9 57 41 7 1
39 74 69 38 27 87 71 2
40 10 53 7 28 85 5 1
41 88 60 52 42 88 8 1
42 16 28 44 87 70 85 1
43 29 12 74 42 67 32 2
44 9 13 17 92 90 95 1
45 69 29 82 23 4 57 2
46 19 64 99 2 34 26 1
47 23 4 99 86 8 40 1
48 27 61 39 100 6 18 1
49 96 2 72 13 85 80 2
50 65 41 74 75 72 63 2
51 29 74 21 65 74 4 2
52 77 23 90 58 89 80 1
53 19 34 96 97 37 100 1
54 6 59 75 25 17 60 1
55 72 62 21 100 4 52 1
56 17 63 37 10 48 69 1
57 34 49 19 87 1 69 1
58 70 62 47 45 91 95 1
59 53 40 66 59 31 5 2
60 46 23 67 41 41 96 1
61 20 69 61 67 40 69 2
62 4 30 24 8 34 90 1
63 12 33 72 71 6 6 2
64 89 10 57 68 16 44 1
65 3 78 52 17 7 66 2
66 59 19 16 49 38 41 1
67 24 85 84 99 61 40 1
68 91 98 11 89 79 87 2
69 32 84 32 22 78 47 1
70 71 92 44 34 47 63 2
71 21 24 6 58 63 91 1
72 79 28 52 75 66 6 2
73 8 17 100 20 68 99 1
74 9 66 25 88 81 74 2
75 40 39 73 81 7 100 2
76 84 85 65 23 23 55 2
77 91 33 64 20 15 51 2
78 10 35 99 13 14 91 2
79 10 1 62 79 28 24 1
