3 15
472 748 385 
0 75 80 94 98 26 17 7 56 1 6 77 53 3
1 81 88 20 23 75 65 74 83 44 26 23 20 2
2 48 54 25 25 1 3 24 37 88 67 30 62 1
3 9 3 47 50 4 4 31 99 63 70 38 92 2
4 34 24 80 75 26 17 42 40 18 4 31 55 3
5 43 34 90 80 45 35 54 69 9 23 47 92 2
6 6 5 27 32 56 66 59 63 24 68 77 71 2
7 54 48 92 86 24 25 28 47 85 52 11 13 3
8 17 21 102 96 58 62 53 55 66 89 74 76 2
9 16 14 59 69 31 23 47 77 58 12 1 83 2
10 99 96 35 42 76 81 56 41 65 65 40 18 2
11 31 31 37 42 49 52 49 43 4 65 47 43 2
12 15 16 64 59 19 9 47 55 7 50 82 5 3
13 29 36 79 83 19 21 31 51 19 89 45 53 1
14 50 41 67 75 1 2 47 36 52 18 46 96 1
