3 15
501 606 721 
0 40 46 72 65 83 83 85 53 22 70 3 42 2
1 33 31 72 65 98 100 65 65 32 38 80 87 3
2 1 5 80 75 36 46 32 56 34 64 79 65 2
3 53 54 102 100 48 55 2 53 93 87 50 72 1
4 48 55 2 5 48 56 86 96 16 79 4 17 3
5 82 84 37 39 84 85 17 61 83 32 2 38 2
6 61 52 69 78 11 5 42 10 91 76 100 44 3
7 1 2 41 41 79 79 42 66 93 32 13 92 2
8 45 44 9 10 86 77 73 73 93 17 27 5 2
9 74 73 17 27 89 82 71 47 57 64 60 83 3
10 85 82 26 21 62 67 28 45 63 84 20 74 3
11 17 26 42 36 56 47 93 57 8 7 18 28 2
12 38 31 77 73 34 24 93 20 40 53 80 10 2
13 13 23 61 69 11 16 85 64 26 76 32 57 2
14 23 19 61 54 70 80 85 28 68 11 85 99 3
