3 15
366 345 321 
0 11 1 30 20 48 38 40 18 88 46 13 76 3
1 104 94 80 70 57 47 17 79 16 56 17 28 3
2 80 70 14 4 57 47 40 4 77 55 83 45 2
3 32 22 41 31 57 47 24 52 59 100 35 42 3
4 62 52 40 30 11 1 17 93 59 75 45 45 2
5 54 44 62 52 63 53 59 45 45 69 68 41 2
6 63 53 109 99 64 54 40 6 20 84 13 39 2
7 58 48 42 32 19 9 87 35 74 58 24 39 3
8 108 98 58 48 109 99 6 89 19 31 97 94 3
9 23 13 100 90 68 58 86 73 99 56 69 47 1
10 17 7 64 54 18 8 29 23 3 27 1 72 3
11 59 49 67 57 76 66 21 42 30 76 25 30 1
12 65 55 91 81 18 8 80 91 68 9 47 92 1
13 55 45 12 2 60 50 47 29 66 66 38 64 3
14 91 81 30 20 68 58 55 47 89 72 10 27 1
