3 15
187 159 185 
0 34 24 52 42 71 61 66 18 73 12 12 67 1
1 24 14 101 91 85 75 50 87 75 22 13 86 1
2 106 96 49 39 83 73 66 77 98 92 88 11 2
3 49 39 65 55 74 64 86 78 98 36 29 37 3
4 88 78 59 49 29 19 86 22 69 35 46 97 2
5 90 80 99 89 99 89 78 73 57 46 72 54 1
6 109 99 64 54 110 100 58 60 7 15 94 30 3
7 78 68 55 45 31 21 72 1 57 31 20 51 3
8 90 80 41 31 83 73 7 92 67 63 60 38 3
9 56 46 24 14 101 91 51 97 22 17 65 34 2
10 56 46 110 100 57 47 83 5 11 57 6 76 3
11 55 45 64 54 64 54 81 8 73 44 42 78 1
12 59 49 86 76 12 2 98 61 16 70 19 57 3
13 96 86 44 34 93 83 87 74 4 3 100 74 1
14 98 88 36 26 83 73 47 58 95 50 11 94 2
