3 15
653 520 649 
0 22 12 41 31 59 49 32 98 56 86 89 40 1
1 71 61 55 45 32 22 20 89 58 76 74 47 3
2 103 93 45 35 80 70 63 2 26 20 67 99 2
3 107 97 16 6 32 22 82 27 29 7 18 47 1
4 93 83 63 53 42 32 64 73 99 44 6 16 1
5 81 71 81 71 90 80 68 3 31 66 42 36 3
6 66 56 12 2 59 49 85 24 98 15 33 39 2
7 33 23 109 99 94 84 12 44 89 9 3 74 1
8 103 93 45 35 96 86 20 72 11 60 99 13 1
9 58 48 27 17 95 85 77 73 32 87 33 31 1
10 20 10 75 65 21 11 41 21 32 73 51 65 2
11 102 92 110 100 11 1 13 12 59 44 55 10 3
12 24 14 50 40 77 67 57 88 36 16 60 90 3
13 62 52 11 1 67 57 94 70 83 29 25 95 2
14 22 12 61 51 107 97 55 9 85 37 70 61 3
