3 15
130 155 104 
0 24 3 100 22 77 40 75 6 37 2 69 55 2
1 20 60 29 2 45 37 53 52 37 41 6 57 3
2 90 10 90 80 99 51 93 67 6 29 95 11 2
3 22 47 98 1 83 48 28 84 7 33 85 1 3
4 3 100 72 50 40 1 2 72 64 61 95 100 2
5 91 37 99 84 8 38 65 89 56 80 61 50 2
6 51 61 100 87 56 14 53 33 49 8 80 61 1
7 93 43 34 82 66 20 58 6 12 6 10 43 1
8 80 89 33 55 85 22 100 95 65 64 66 74 2
9 72 2 33 48 1 3 7 22 100 72 6 18 3
10 69 59 53 98 46 44 97 66 85 97 45 42 3
11 57 31 29 33 94 44 66 37 89 2 66 85 2
12 57 20 17 70 78 13 89 24 33 77 44 50 3
13 72 60 12 6 61 53 6 91 77 90 61 20 2
14 65 32 37 59 2 93 76 80 67 53 40 79 3
