3 15
386 358 324 
0 56 58 75 76 86 95 22 59 7 14 70 41 2
1 22 26 77 69 1 3 69 96 1 27 39 23 3
2 98 92 70 71 45 41 18 47 61 71 67 99 3
3 8 5 59 52 108 98 63 56 25 23 45 92 3
4 40 50 99 93 45 43 34 8 26 59 74 70 3
5 18 20 73 74 28 29 16 55 83 94 2 56 1
6 80 87 22 14 30 40 95 60 65 77 15 66 2
7 76 78 14 16 46 55 71 93 5 35 84 19 1
8 105 99 69 66 33 40 100 60 69 4 52 4 1
9 8 8 51 55 15 9 61 73 94 81 74 97 1
10 82 86 23 24 80 71 86 93 28 31 84 53 3
11 23 13 29 24 41 34 53 85 25 32 28 61 2
12 62 58 19 9 58 51 58 49 16 35 85 95 2
13 20 18 70 65 10 3 61 97 81 28 95 17 2
14 66 75 4 9 34 36 93 43 83 25 22 77 3
