3 15
728 439 714 
0 37 35 48 54 67 72 66 17 64 75 38 27 1
1 93 100 32 34 87 77 28 31 38 92 69 28 3
2 72 74 34 44 11 15 57 49 57 47 18 25 1
3 55 51 12 5 50 52 11 58 40 68 74 9 1
4 72 68 18 18 72 69 26 84 4 17 92 29 3
5 71 81 39 36 86 82 96 35 3 51 77 95 3
6 85 93 27 19 48 46 36 71 51 38 31 28 3
7 62 63 2 2 40 48 36 63 73 38 32 4 3
8 22 29 99 95 63 70 72 23 100 44 65 84 1
9 74 70 17 24 81 71 43 94 60 94 99 77 2
10 33 27 74 66 10 12 69 14 89 81 77 88 1
11 55 63 67 73 81 84 82 80 7 71 57 36 2
12 47 52 2 2 51 45 24 12 60 83 58 16 2
13 69 68 4 14 46 53 58 82 82 17 18 91 3
14 35 36 57 63 95 97 9 70 64 43 84 33 1
