3 15
732 601 639 
0 99 91 10 9 21 28 85 68 96 58 88 99 1
1 5 11 60 54 78 88 54 100 62 2 64 49 2
2 94 85 50 56 41 34 68 71 57 30 100 72 1
3 99 98 58 53 94 99 21 94 72 29 78 71 2
4 10 11 64 62 10 12 55 57 75 26 1 4 2
5 41 37 88 83 43 38 60 31 86 34 48 86 3
6 77 72 98 99 19 25 13 80 8 98 38 55 2
7 80 87 31 25 71 64 41 78 65 48 35 2 2
8 40 36 4 3 68 77 42 44 75 7 55 61 3
9 24 25 67 72 31 26 23 82 92 50 60 98 3
10 51 51 87 97 28 36 66 14 40 9 10 99 2
11 85 94 1 5 24 15 8 65 63 99 58 25 1
12 77 87 34 38 81 80 73 83 26 87 97 83 3
13 94 99 36 38 92 84 68 65 81 93 11 30 2
14 33 32 63 58 93 93 74 43 52 54 28 14 2
