3 15
336 406 332 
0 33 36 9 55 94 73 85 31 70 93 65 4 3
1 37 45 46 87 62 22 39 85 33 8 65 50 3
2 63 95 71 73 72 44 55 45 77 88 63 93 2
3 47 48 23 2 100 49 63 69 4 39 89 66 1
4 84 69 61 19 29 70 7 80 8 10 32 96 2
5 20 46 20 1 29 47 44 15 19 3 28 2 2
6 72 38 21 64 69 99 25 99 77 95 98 4 2
7 66 44 99 83 39 21 23 1 53 99 48 3 3
8 65 18 18 92 70 59 87 56 47 91 2 94 3
9 41 19 2 65 70 20 61 31 54 7 93 7 1
10 62 24 46 63 39 9 7 37 21 12 53 66 1
11 98 12 70 22 43 33 68 30 96 88 18 48 1
12 46 57 6 99 59 50 54 25 41 49 53 59 3
13 33 41 81 79 22 26 22 35 65 63 48 69 3
14 38 81 2 8 75 42 9 51 83 73 73 82 1
