3 15
400 326 397 
0 56 46 74 64 93 83 52 35 60 69 15 72 3
1 66 56 43 33 27 17 14 6 32 74 51 46 1
2 68 58 103 93 37 27 46 18 75 77 97 25 1
3 99 89 107 97 24 14 42 39 91 68 74 87 3
4 50 40 21 11 91 81 13 84 68 55 93 41 1
5 44 34 45 35 53 43 87 87 51 54 94 95 3
6 15 5 62 52 108 98 76 18 42 26 46 35 3
7 20 10 105 95 81 71 53 48 23 46 21 69 1
8 64 54 15 5 65 55 33 38 26 8 32 98 3
9 110 100 86 76 55 45 4 34 83 29 28 14 2
10 62 52 16 6 63 53 59 24 41 93 78 68 2
11 33 23 42 32 50 40 87 35 5 28 58 82 3
12 85 75 12 2 38 28 45 39 28 49 47 37 1
13 102 92 58 48 107 97 39 13 66 66 82 64 3
14 76 66 14 4 53 43 66 98 13 83 2 46 1
