3 15
378 350 369 
0 40 47 72 65 91 84 42 41 97 2 74 87 1
1 1 3 37 38 71 80 34 48 8 30 100 81 1
2 68 69 45 40 7 10 85 14 49 44 68 100 2
3 10 2 40 49 1 3 22 97 95 22 25 63 1
4 48 55 2 6 48 56 2 74 40 97 73 16 1
5 20 17 75 71 22 18 35 50 47 26 11 19 3
6 38 28 46 55 88 81 92 50 98 38 42 60 1
7 37 39 67 77 15 24 46 32 76 95 56 69 1
8 74 84 67 59 23 25 8 25 69 35 54 77 1
9 100 97 43 52 107 98 78 37 19 99 3 25 2
10 30 31 71 69 7 16 74 77 23 92 27 26 2
11 40 50 54 61 79 71 83 50 27 6 68 53 1
12 71 79 28 30 75 72 77 34 93 3 31 61 1
13 55 63 5 2 53 48 15 37 91 8 7 73 2
14 99 92 29 26 59 53 8 15 39 99 20 98 2
