3 15
437 253 375 
0 2 2 13 21 45 39 40 6 75 84 85 40 2
1 10 15 49 49 83 92 54 4 1 29 4 85 1
2 84 81 59 51 23 22 94 51 87 47 20 91 1
3 56 50 13 4 43 51 30 16 31 17 83 50 2
4 107 99 40 49 107 100 8 97 62 90 59 96 3
5 77 72 24 19 79 73 76 50 65 89 91 23 3
6 9 8 38 34 59 61 51 43 91 16 85 81 3
7 66 62 6 1 44 39 2 9 31 92 90 67 3
8 100 92 72 66 28 33 5 33 76 87 72 66 3
9 58 53 1 7 44 54 89 11 76 65 54 100 3
10 48 54 5 1 46 39 52 83 50 28 82 3 1
11 72 82 84 92 11 3 30 74 99 79 27 80 1
12 32 23 58 65 15 16 56 99 1 6 33 79 2
13 103 95 43 33 80 80 37 60 77 37 38 61 2
14 97 87 6 14 57 48 93 96 66 21 67 3 2
