3 15
381 347 415 
0 91 14 67 33 52 51 60 59 53 65 7 30 2
1 95 91 4 25 20 68 40 24 35 44 74 41 3
2 17 41 17 11 18 82 33 21 89 67 73 62 1
3 97 50 73 4 50 51 10 26 65 50 59 89 1
4 30 95 99 37 75 88 63 23 92 79 12 2 3
5 34 40 42 95 43 41 34 67 73 77 68 36 1
6 58 20 7 46 63 73 95 75 45 19 30 64 3
7 20 74 53 13 93 51 85 97 4 29 54 33 3
8 3 96 64 62 16 37 63 37 15 66 93 68 2
9 59 5 20 59 88 6 12 92 18 78 51 62 2
10 100 14 84 53 77 99 67 6 58 84 98 60 3
11 76 86 40 96 13 7 69 77 84 78 97 81 1
12 20 99 80 49 41 92 98 75 12 81 37 9 1
13 23 23 71 69 12 8 68 45 53 31 13 41 3
14 92 15 56 42 29 76 6 76 77 58 39 90 1
