3 15
359 468 290 
0 89 79 108 98 26 16 99 94 52 79 6 59 2
1 62 52 38 28 15 5 90 26 23 41 15 29 3
2 26 16 60 50 95 85 23 60 4 98 52 70 2
3 90 80 99 89 15 5 63 24 100 19 78 3 3
4 108 98 78 68 49 39 98 34 21 50 88 50 3
5 108 98 108 98 17 7 55 61 52 27 4 91 1
6 65 55 11 1 58 48 70 64 62 73 76 65 2
7 16 6 92 82 69 59 31 22 42 44 64 17 3
8 34 24 84 74 27 17 24 51 95 65 61 10 3
9 69 59 38 28 14 4 71 24 94 17 81 6 1
10 11 1 58 48 12 2 66 23 88 11 26 20 3
11 73 63 81 71 90 80 41 25 39 28 17 16 2
12 47 37 73 63 100 90 87 78 36 25 99 4 3
13 49 39 98 88 46 36 90 32 57 77 92 56 2
14 21 11 60 50 98 88 28 78 8 85 80 99 1
