3 15
529 626 519 
0 78 68 96 86 15 5 99 12 50 2 26 4 2
1 108 98 85 75 61 51 80 68 19 81 70 44 1
2 22 12 57 47 99 89 64 83 70 82 84 91 3
3 41 31 49 39 66 56 4 18 63 25 25 99 1
4 12 2 83 73 53 43 24 99 51 38 67 76 1
5 90 80 99 89 99 89 4 73 23 54 88 42 2
6 13 3 60 50 14 4 85 41 11 59 81 50 3
7 70 60 47 37 31 21 70 9 46 32 100 79 2
8 46 36 89 79 39 29 85 24 68 82 81 19 3
9 72 62 40 30 109 99 22 48 7 41 12 87 3
10 76 66 22 12 77 67 11 83 29 17 60 93 1
11 19 9 28 18 36 26 98 14 24 79 56 83 2
12 103 93 30 20 56 46 99 35 82 22 71 89 2
13 16 6 64 54 21 11 38 81 65 72 56 87 2
14 46 36 84 74 23 13 52 55 54 68 60 9 3
