3 15
584 547 494 
0 89 79 107 97 26 16 26 40 97 9 88 15 2
1 75 65 60 50 36 26 81 44 7 30 38 46 3
2 45 35 88 78 22 12 64 81 52 70 96 41 3
3 16 6 24 14 41 31 65 67 62 69 16 57 2
4 43 33 14 4 84 74 47 49 89 8 9 56 2
5 17 7 26 16 26 16 1 66 17 89 16 77 2
6 108 98 63 53 109 99 52 51 73 20 44 41 2
7 45 35 22 12 98 88 8 47 91 33 96 35 2
8 33 23 84 74 26 16 39 43 66 29 73 14 2
9 99 89 67 57 44 34 52 4 75 17 15 99 1
10 79 69 25 15 80 70 59 92 85 85 30 51 1
11 62 52 71 61 79 69 12 99 60 48 84 42 3
12 70 60 97 87 23 13 28 99 36 39 98 19 2
13 23 13 71 61 20 10 87 80 46 22 80 44 1
14 77 67 15 5 54 44 32 67 19 29 40 98 3
