3 15
136 165 159 
0 12 2 30 20 49 39 100 46 13 84 23 31 2
1 82 72 67 57 43 33 63 4 46 27 21 20 2
2 52 42 87 77 29 19 30 24 40 27 58 60 3
3 107 97 15 5 32 22 6 63 50 45 99 7 1
4 26 16 97 87 67 57 89 7 41 90 56 91 1
5 44 34 45 35 53 43 58 16 4 99 49 11 3
6 11 1 58 48 12 2 3 41 6 6 41 6 1
7 28 18 105 95 89 79 77 93 39 34 69 79 2
8 108 98 59 49 109 99 6 36 50 96 39 18 2
9 94 84 70 60 39 29 52 30 69 1 26 7 1
10 50 40 96 86 51 41 77 27 25 45 71 3 3
11 69 59 78 68 86 76 46 49 28 23 3 98 1
12 41 31 68 58 94 84 81 31 93 60 77 96 2
13 82 72 38 28 87 77 79 56 53 71 9 29 2
14 28 18 66 56 105 95 33 1 67 37 18 27 1
