3 15
635 601 557 
0 33 23 52 42 70 60 72 48 60 75 42 84 1
1 46 36 22 12 99 89 95 18 25 7 99 18 1
2 34 24 76 66 11 1 45 22 44 21 42 95 2
3 74 64 91 81 99 89 40 63 80 35 91 21 2
4 24 14 94 84 73 63 100 21 35 80 29 25 1
5 108 98 108 98 17 7 61 63 55 95 52 84 1
6 61 51 15 5 62 52 42 53 94 48 72 45 3
7 108 98 84 74 69 59 81 51 47 74 31 70 3
8 90 80 40 30 83 73 63 19 99 61 18 81 1
9 85 75 54 44 30 20 92 12 92 90 83 61 1
10 23 13 78 68 24 14 79 21 24 22 22 6 1
11 45 35 53 43 54 44 86 64 62 10 83 84 3
12 83 73 17 7 44 34 21 60 38 34 67 20 2
13 69 59 18 8 74 64 28 39 21 65 69 88 3
14 61 51 100 90 38 28 4 78 24 25 36 93 3
