3 20
808 1007 683 
0 75 65 94 84 12 2 2 11 97 48 69 26 2
1 100 90 76 66 53 43 45 10 41 84 64 19 3
2 52 42 94 84 29 19 61 17 18 39 39 18 2
3 68 58 77 67 93 83 75 100 32 76 14 97 1
4 98 88 68 58 39 29 49 100 89 60 85 2 1
5 62 52 70 60 71 61 47 58 99 12 64 30 3
6 63 53 17 7 64 54 88 19 51 62 60 93 2
7 34 24 110 100 87 77 99 96 55 43 61 80 2
8 44 34 86 76 37 27 59 51 7 67 42 46 3
9 11 1 88 78 56 46 29 72 89 68 83 40 2
10 13 3 60 50 14 4 72 91 94 7 80 16 1
11 67 57 75 65 84 74 63 44 78 32 34 14 1
12 29 19 55 45 82 72 93 46 21 49 90 12 2
13 83 73 40 30 88 78 13 95 34 51 65 53 1
14 47 37 86 76 24 14 9 76 47 35 21 43 2
15 61 51 102 92 34 24 18 11 34 43 5 90 2
16 101 91 75 65 42 32 38 63 82 74 20 20 3
17 104 94 65 55 17 7 20 51 79 52 60 58 1
18 58 48 12 2 59 49 31 46 12 10 89 73 1
19 40 30 109 99 69 59 2 32 27 52 55 25 2
