3 20
519 373 549 
0 53 43 72 62 90 80 69 94 86 57 53 76 1
1 58 48 34 24 11 1 86 34 97 36 80 99 1
2 98 88 32 22 75 65 98 82 91 71 19 27 3
3 26 16 35 25 51 41 71 80 1 55 84 60 1
4 36 26 106 96 77 67 81 40 70 56 10 89 1
5 16 6 16 6 25 15 26 38 89 45 24 54 1
6 65 55 11 1 66 56 50 82 94 92 2 78 3
7 84 74 60 50 37 27 23 14 96 34 53 8 2
8 62 52 12 2 63 53 13 100 42 84 56 56 1
9 57 47 26 16 102 92 56 82 6 12 92 28 1
10 99 89 54 44 108 98 24 87 45 62 90 87 1
11 81 71 89 79 98 88 4 51 3 100 90 33 1
12 103 93 29 19 56 46 88 99 7 27 77 87 2
13 77 67 26 16 74 64 37 21 52 85 65 90 1
14 69 59 16 6 54 44 71 10 73 35 84 4 1
15 15 5 56 46 88 78 56 39 43 11 25 89 3
16 79 69 45 35 20 10 3 94 91 91 31 56 1
17 50 40 103 93 55 45 25 53 98 33 39 49 3
18 44 34 98 88 53 43 27 95 14 98 82 22 3
19 66 56 27 17 95 85 32 59 88 83 61 43 3
