3 20
197 280 184 
0 45 56 21 75 6 93 81 43 40 93 16 38 2
1 81 9 98 51 6 86 41 30 19 67 6 63 1
2 71 7 79 77 80 48 24 12 40 2 49 98 3
3 15 52 99 98 76 53 73 55 50 22 58 69 2
4 56 49 33 91 1 42 45 96 6 21 54 19 1
5 56 30 64 77 73 31 38 28 12 7 48 92 2
6 72 58 29 84 77 11 27 96 48 12 71 19 2
7 18 60 59 99 91 37 84 84 92 95 6 55 2
8 45 62 98 28 58 3 82 5 69 5 11 21 1
9 29 35 98 89 58 36 71 39 10 80 34 47 2
10 66 32 50 79 43 17 50 76 39 1 42 4 2
11 90 40 62 50 27 61 48 34 72 63 22 55 2
12 58 5 10 47 71 98 48 58 85 92 92 16 1
13 25 13 73 59 14 98 13 15 15 80 59 34 3
14 6 57 70 92 43 18 60 83 85 70 11 37 2
15 27 85 79 8 24 22 40 40 71 76 33 26 3
16 57 74 1 60 54 47 25 32 14 89 74 38 3
17 33 85 69 79 6 66 21 1 42 53 40 74 1
18 81 78 18 92 54 15 96 93 90 44 35 49 3
19 72 99 69 65 65 40 55 40 26 48 42 88 3
