3 20
627 817 668 
0 37 44 69 62 88 81 40 12 49 98 8 52 2
1 58 60 5 3 31 37 69 74 75 73 20 31 2
2 89 90 53 61 28 31 35 61 23 99 79 99 2
3 12 3 42 50 1 4 55 17 100 76 3 72 1
4 48 52 1 3 48 53 100 60 20 88 58 44 3
5 13 22 68 76 15 23 70 53 22 36 87 80 3
6 63 69 105 96 26 22 73 26 72 76 28 11 1
7 1 4 52 42 71 81 72 76 28 21 27 23 3
8 13 17 90 84 54 50 2 22 94 60 70 81 1
9 52 58 16 13 59 59 88 47 42 64 40 65 1
10 31 32 80 70 8 17 64 85 22 33 64 80 1
11 1 3 7 14 32 24 3 93 25 96 61 95 3
12 72 72 21 15 55 65 50 18 95 7 47 30 2
13 39 44 97 91 37 29 81 70 55 66 49 11 1
14 59 57 97 91 27 18 71 63 96 83 50 79 2
15 17 13 33 35 57 58 91 10 41 45 47 9 2
16 34 41 19 28 10 14 74 11 80 15 82 66 3
17 44 52 57 47 47 41 83 60 69 3 39 60 3
18 25 33 46 48 75 70 72 38 13 21 64 41 1
19 15 18 83 93 56 59 77 23 30 85 84 74 1
