3 20
525 544 439 
0 87 78 63 97 40 15 98 39 11 63 82 15 3
1 31 63 40 5 56 40 80 9 59 62 63 84 1
2 25 69 25 39 34 10 25 73 28 68 12 23 1
3 65 50 41 4 26 51 49 41 75 70 7 93 2
4 18 23 87 73 63 16 51 49 23 69 74 71 2
5 42 36 50 83 59 37 32 18 46 14 31 96 2
6 86 84 35 10 83 37 52 66 3 97 19 70 3
7 64 30 5 69 37 7 57 14 9 24 33 34 1
8 99 84 60 58 12 25 42 4 82 99 71 9 1
9 11 49 72 95 40 50 94 25 13 86 41 34 1
10 28 42 12 89 5 27 92 83 23 49 16 90 3
11 20 66 92 76 57 79 100 96 40 38 7 85 1
12 76 55 36 5 97 48 70 86 16 50 97 41 3
13 35 31 75 69 24 16 39 90 77 56 82 23 2
14 52 23 16 58 89 84 5 73 12 56 2 51 3
15 25 31 69 54 22 68 85 2 97 22 23 83 2
16 31 96 83 82 28 69 63 16 18 8 66 85 3
17 63 95 99 89 36 84 11 88 35 97 18 77 3
18 19 8 56 30 92 45 40 11 27 62 60 76 2
19 90 37 79 3 75 70 80 42 18 49 21 33 2
