3 20
216 160 186 
0 40 90 17 8 93 27 48 39 30 12 63 25 3
1 73 66 89 9 98 43 67 14 74 54 26 38 2
2 34 64 35 35 43 5 59 96 100 88 39 50 1
3 10 1 87 56 63 2 68 79 60 92 47 20 3
4 16 10 84 61 61 11 83 93 46 68 99 36 1
5 95 72 4 18 12 73 43 92 52 57 8 37 1
6 20 19 68 46 17 72 73 89 76 63 63 100 2
7 86 6 26 44 59 83 15 54 24 58 2 94 1
8 49 47 9 14 62 80 92 59 81 50 13 6 2
9 45 76 13 31 74 77 9 61 90 37 72 63 2
10 73 54 58 92 50 39 59 57 87 76 78 84 2
11 69 45 42 56 6 66 60 16 93 66 93 61 1
12 13 90 74 33 34 83 83 19 80 62 16 77 1
13 44 26 85 65 33 11 74 80 4 79 91 88 2
14 69 87 42 13 6 48 57 38 98 21 72 65 3
15 78 99 31 21 83 44 87 4 60 79 58 34 3
16 24 11 77 98 21 84 28 53 32 33 41 83 1
17 4 50 41 37 77 31 70 39 85 31 23 80 1
18 53 99 89 22 26 44 48 37 21 44 32 70 1
19 44 68 32 43 29 9 17 82 74 18 51 82 2
