3 20
876 814 825 
0 66 56 43 74 19 93 38 69 83 43 84 12 3
1 7 36 23 71 32 13 45 40 90 93 34 94 1
2 88 42 89 13 97 91 57 23 3 31 8 74 1
3 52 3 29 50 5 4 24 27 59 17 84 47 3
4 86 48 62 91 31 41 66 86 18 64 96 46 2
5 45 98 54 44 62 99 51 9 80 94 31 55 2
6 46 81 2 8 51 34 59 8 11 45 54 45 2
7 24 16 56 54 97 93 42 67 41 91 71 4 1
8 27 21 79 88 32 54 63 35 40 22 31 50 2
9 83 10 51 65 12 11 54 64 11 33 21 66 3
10 51 84 36 30 28 69 77 47 8 9 20 20 1
11 59 15 24 26 96 36 65 95 14 65 83 33 3
12 75 48 36 99 96 41 81 44 50 87 9 44 1
13 74 80 15 19 55 65 82 69 79 66 100 80 3
14 7 85 80 19 52 46 93 86 84 19 64 32 2
15 64 37 17 59 69 74 98 82 48 18 20 47 2
16 54 69 99 56 51 34 6 42 14 89 95 53 3
17 10 88 47 83 83 77 22 63 10 16 92 54 2
18 75 97 11 20 48 42 17 97 72 20 27 27 3
19 74 82 70 49 59 15 41 82 32 89 100 74 1
