3 20
875 892 824 
0 80 77 91 96 10 14 63 10 61 33 20 22 1
1 27 18 53 60 100 95 32 3 78 73 12 25 1
2 42 40 4 10 89 89 47 42 80 94 55 63 1
3 49 53 98 99 57 54 30 89 43 74 28 46 3
4 13 22 80 72 18 15 98 61 1 11 29 95 3
5 74 71 21 18 76 72 20 2 84 27 43 13 2
6 29 31 50 57 79 84 13 48 6 81 12 56 3
7 44 49 84 88 22 26 16 19 100 52 75 66 3
8 98 95 62 61 26 36 94 8 92 15 40 11 2
9 94 100 58 54 1 1 69 11 15 46 100 23 1
10 53 45 102 92 30 30 74 44 84 18 60 10 2
11 17 17 29 27 35 38 46 22 62 11 66 93 1
12 51 58 98 100 55 51 46 12 55 32 49 33 3
13 57 58 13 4 34 43 15 12 36 82 54 82 1
14 73 78 3 13 33 39 2 18 84 50 42 92 3
15 28 34 44 49 81 71 3 17 11 44 67 13 2
16 84 79 67 65 52 44 28 86 82 88 14 30 3
17 21 18 11 12 95 99 19 74 16 62 89 68 3
18 51 55 80 77 101 92 28 100 33 10 92 69 1
19 86 96 59 62 27 37 62 77 87 86 65 73 3
