3 20
219 206 171 
0 76 66 94 84 13 3 68 5 45 31 72 15 2
1 78 68 55 45 39 29 86 49 7 50 15 37 3
2 24 14 67 57 101 91 33 27 41 32 64 71 3
3 43 33 51 41 68 58 3 15 92 71 10 3 2
4 62 52 33 23 103 93 70 15 84 53 78 95 2
5 52 42 53 43 61 51 19 58 84 58 50 90 3
6 11 1 66 56 12 2 54 59 66 50 96 71 1
7 96 86 81 71 57 47 26 43 57 73 67 99 1
8 44 34 87 77 37 27 31 53 40 55 72 42 2
9 82 72 58 48 27 17 61 61 34 95 30 51 3
10 46 36 92 82 47 37 23 62 13 50 29 62 2
11 77 67 86 76 94 84 15 47 22 26 78 97 1
12 105 95 32 22 58 48 56 90 4 50 100 54 2
13 110 100 66 56 15 5 47 61 24 32 6 22 2
14 84 74 22 12 61 51 56 58 80 87 22 37 2
15 64 54 96 86 37 27 17 76 81 76 79 93 2
16 49 39 16 6 82 72 14 2 17 39 51 93 1
17 23 13 83 73 36 26 76 98 25 9 82 66 2
18 82 72 37 27 83 73 29 31 70 68 16 43 3
19 87 77 55 45 24 14 12 50 32 6 69 93 1
