3 20
577 488 557 
0 64 66 75 85 7 3 57 57 35 35 77 6 1
1 95 95 34 29 60 64 39 12 64 28 75 6 1
2 17 9 87 87 64 58 49 14 48 19 2 57 1
3 51 50 8 4 46 51 6 5 72 66 18 94 3
4 29 35 75 77 21 28 97 93 61 32 40 96 1
5 76 68 23 15 78 69 45 100 35 56 3 1 1
6 66 72 108 98 16 25 42 14 30 45 86 33 2
7 5 10 53 57 104 95 4 44 31 12 47 32 2
8 83 88 60 54 16 21 67 43 93 32 100 80 3
9 107 97 50 43 101 98 61 69 27 58 93 56 2
10 80 90 29 29 78 75 43 47 61 91 4 71 2
11 63 54 67 64 81 75 11 76 31 47 99 10 3
12 89 79 28 21 64 72 83 97 94 15 11 70 1
13 1 3 40 41 90 88 1 15 82 62 15 70 1
14 98 95 36 30 66 56 65 78 57 72 15 38 1
15 8 7 32 30 56 52 13 22 26 92 41 92 1
16 64 68 55 54 40 41 35 4 7 41 43 67 3
17 49 59 60 53 52 48 85 35 71 6 97 44 3
18 35 36 64 58 72 81 17 91 59 94 75 14 1
19 76 73 44 47 17 14 91 65 72 20 90 15 3
