3 20
533 493 613 
0 98 88 16 6 35 25 93 52 91 59 84 14 3
1 20 10 97 87 73 63 11 92 76 95 97 44 3
2 86 76 21 11 63 53 6 33 90 59 81 74 3
3 85 75 101 91 110 100 68 35 6 90 96 86 3
4 16 6 95 85 65 55 36 15 39 68 26 91 3
5 98 88 107 97 107 97 96 81 86 36 12 3 3
6 109 99 64 54 110 100 5 80 9 16 98 54 3
7 46 36 23 13 107 97 84 60 26 100 99 81 3
8 18 8 69 59 19 9 100 28 54 53 53 75 3
9 44 34 12 2 89 79 63 45 44 26 71 75 2
10 52 42 98 88 53 43 46 42 25 8 67 8 2
11 63 53 72 62 80 70 31 91 91 97 39 64 1
12 23 13 50 40 76 66 40 86 83 47 68 49 2
13 24 14 72 62 21 11 76 92 25 91 3 39 3
14 54 44 92 82 31 21 21 21 23 40 64 31 3
15 110 100 42 32 83 73 13 66 86 13 100 99 1
16 71 61 38 28 12 2 72 24 98 61 96 48 2
17 85 75 37 27 98 88 57 77 59 88 95 77 2
18 96 86 43 33 97 87 8 24 72 16 21 90 2
19 69 59 37 27 98 88 64 44 29 62 14 99 3
