3 20
868 789 744 
0 64 54 83 73 101 91 11 53 84 52 93 92 1
1 25 15 101 91 86 76 73 81 93 1 97 47 2
2 29 19 63 53 106 96 96 16 7 27 83 35 3
3 93 83 110 100 18 8 30 76 68 71 79 78 1
4 67 57 37 27 108 98 42 77 39 83 31 28 1
5 43 33 43 33 52 42 72 43 69 69 57 33 1
6 60 50 14 4 61 51 18 4 55 40 99 80 1
7 59 49 35 25 12 2 34 68 86 81 41 59 1
8 57 47 99 89 50 40 65 61 44 97 29 3 3
9 84 74 53 43 29 19 64 46 50 27 29 85 2
10 110 100 57 47 11 1 79 21 51 19 46 48 2
11 24 14 32 22 41 31 72 66 24 9 75 92 1
12 62 52 88 78 23 13 26 53 61 50 60 66 1
13 76 66 33 23 81 71 11 70 63 18 92 98 2
14 108 98 47 37 85 75 84 55 56 91 75 67 2
15 42 32 75 65 15 5 18 46 68 39 26 67 1
16 94 84 60 50 27 17 7 43 95 61 10 75 2
17 81 71 34 24 86 76 26 2 91 1 14 92 3
18 55 45 101 91 56 46 58 55 39 58 9 92 1
19 53 43 22 12 82 72 29 99 24 29 22 91 1
