3 20
841 619 803 
0 42 33 53 51 64 70 82 24 52 86 63 80 1
1 39 29 65 72 12 6 98 54 5 99 87 59 1
2 64 59 28 30 103 100 18 78 31 34 66 66 2
3 93 100 52 55 1 1 26 87 13 53 17 13 3
4 72 65 18 16 72 66 31 29 64 29 28 46 3
5 23 19 70 73 17 20 45 1 7 81 20 53 1
6 1 10 42 37 63 63 96 46 97 34 72 68 3
7 75 65 13 3 45 42 77 15 28 6 15 94 3
8 3 2 59 69 52 43 71 79 96 63 65 27 1
9 65 55 8 2 59 56 65 55 30 56 91 34 1
10 79 77 7 15 56 62 17 69 25 26 81 92 1
11 47 48 53 59 65 69 28 48 48 11 5 19 3
12 102 93 30 36 85 86 58 11 71 46 1 75 3
13 82 89 24 28 72 74 36 73 13 45 40 92 3
14 71 74 9 8 31 35 60 11 69 2 8 13 3
15 84 94 8 16 37 31 97 93 2 72 98 70 3
16 35 30 7 17 11 3 86 46 39 58 44 36 1
17 85 93 98 88 88 82 47 3 70 21 81 9 3
18 9 14 30 29 59 51 23 24 91 82 1 97 1
19 1 3 60 70 41 44 90 5 74 55 22 28 1
