3 20
203 141 192 
0 26 22 37 41 69 59 12 47 74 68 57 1 2
1 72 79 19 13 66 56 6 72 10 86 4 73 1
2 91 93 53 63 30 34 48 41 96 68 59 67 2
3 62 54 90 100 49 55 62 16 17 56 96 74 1
4 75 79 21 29 80 72 65 98 60 46 30 89 3
5 42 48 1 3 57 49 53 18 8 36 22 44 2
6 35 28 56 54 85 81 12 28 65 59 12 62 1
7 70 70 10 9 40 47 58 80 63 23 55 72 3
8 30 36 1 2 79 77 61 41 64 12 18 15 2
9 62 69 13 23 69 70 77 1 94 97 60 50 3
10 72 70 1 9 49 55 25 20 63 72 38 88 3
11 18 10 22 20 36 31 52 28 41 12 7 28 2
12 62 71 9 13 66 64 7 5 8 56 30 50 3
13 61 67 1 5 59 52 50 71 8 37 14 87 1
14 72 63 81 90 32 24 82 99 33 72 61 6 2
15 10 15 34 38 50 60 79 93 29 6 7 69 1
16 29 32 12 18 5 5 98 37 39 91 58 11 1
17 21 31 24 17 16 12 64 97 43 86 41 69 3
18 66 76 87 90 16 13 77 77 58 60 29 36 2
19 8 5 68 71 49 46 64 93 93 69 42 58 2
