3 20
172 221 202 
0 80 78 99 96 10 15 43 13 10 51 96 85 3
1 92 90 39 33 65 67 69 4 51 95 15 27 2
2 5 4 69 75 44 45 36 64 48 21 46 2 1
3 1 1 65 56 1 2 80 96 50 89 63 91 2
4 13 22 80 73 18 15 38 38 21 44 42 96 3
5 12 4 59 50 14 5 46 78 12 4 31 41 2
6 6 7 27 34 56 60 86 98 80 62 81 14 3
7 80 86 39 32 79 71 71 4 87 85 14 88 1
8 35 43 20 10 76 76 90 49 93 89 37 92 3
9 20 24 84 79 27 25 95 24 34 41 30 85 1
10 98 94 47 40 75 79 31 36 99 86 27 46 3
11 48 41 54 52 66 62 51 32 31 22 41 60 1
12 13 6 41 49 109 99 54 80 55 24 65 44 3
13 99 90 28 37 76 83 3 98 79 91 44 56 2
14 41 51 79 85 9 12 97 59 96 84 95 65 2
15 74 83 90 97 27 20 1 91 17 57 67 90 2
16 80 83 73 70 56 56 23 70 34 67 49 34 2
17 6 6 1 1 88 95 94 58 51 33 16 46 3
18 45 35 45 50 74 72 85 73 40 52 35 78 3
19 9 12 90 87 50 53 53 74 21 12 36 28 1
