3 20
846 687 728 
0 86 76 105 95 23 13 26 41 1 68 67 33 1
1 67 57 43 33 28 18 2 27 25 12 79 28 3
2 83 73 17 7 60 50 82 68 92 98 57 26 1
3 43 33 52 42 68 58 33 37 7 26 44 58 3
4 29 19 99 89 70 60 51 27 89 70 88 99 1
5 89 79 97 87 98 88 55 24 2 47 50 1 3
6 66 56 12 2 67 57 60 25 61 24 84 58 2
7 101 91 85 75 62 52 22 44 48 65 8 52 3
8 31 21 81 71 24 14 83 40 2 11 8 87 2
9 46 36 15 5 83 73 64 77 56 41 18 32 1
10 16 6 63 53 17 7 6 40 13 86 82 37 3
11 110 100 18 8 27 17 71 2 57 56 60 93 2
12 88 78 14 4 41 31 4 78 17 99 31 99 3
13 90 80 39 29 95 85 64 92 80 67 98 75 3
14 78 68 17 7 55 45 40 51 25 44 96 29 1
15 88 78 21 11 61 51 78 65 19 77 8 14 3
16 16 6 82 72 49 39 43 32 11 43 62 86 3
17 35 25 88 78 48 38 43 25 40 54 93 18 1
18 61 51 15 5 70 60 51 75 93 46 12 36 3
19 35 25 96 86 64 54 13 1 80 81 27 51 2
