3 20
190 196 214 
0 42 33 53 52 72 70 70 55 5 41 55 8 3
1 12 10 51 44 77 79 63 54 79 55 30 50 3
2 16 24 91 94 55 65 47 44 54 35 67 17 3
3 44 49 9 3 60 50 29 35 41 10 25 39 1
4 72 66 18 16 72 67 91 58 23 65 71 77 1
5 61 51 8 6 55 52 92 72 4 93 3 35 1
6 77 87 19 13 40 40 51 61 44 8 37 80 2
7 17 9 49 48 87 86 56 86 36 23 69 67 3
8 61 51 25 17 81 84 57 37 20 54 25 65 2
9 70 80 34 26 85 81 25 43 53 65 14 16 1
10 24 25 73 64 1 10 71 79 65 9 63 16 2
11 72 73 84 83 82 86 5 91 78 82 60 2 1
12 37 42 92 92 41 35 80 13 31 45 97 10 2
13 18 22 74 68 16 7 67 79 97 96 45 11 2
14 39 46 77 81 7 7 93 12 40 47 100 2 3
15 51 42 67 65 83 79 56 62 51 44 48 6 3
16 41 43 32 29 9 8 66 71 39 29 9 30 2
17 80 90 83 76 75 71 16 64 99 44 8 28 2
18 95 87 3 9 32 32 66 96 15 91 98 32 1
19 23 20 91 94 64 61 50 56 5 38 66 68 1
