3 20
446 507 518 
0 49 23 26 41 10 60 74 59 100 34 98 29 1
1 90 51 6 86 15 28 100 47 84 7 63 60 3
2 7 49 16 28 16 98 81 98 39 72 35 82 2
3 27 2 12 49 88 3 30 58 2 67 26 31 1
4 5 79 73 30 42 72 57 13 84 53 16 98 2
5 24 81 33 35 33 82 95 65 80 37 60 94 2
6 33 4 81 31 38 57 56 5 63 7 36 49 2
7 51 15 91 53 32 92 89 44 68 14 74 37 1
8 42 84 94 51 47 17 77 61 96 35 48 89 3
9 14 93 82 48 43 94 100 14 73 30 52 82 1
10 58 19 51 57 35 4 54 10 27 87 44 35 2
11 10 34 83 45 47 55 76 79 90 81 67 84 1
12 94 19 55 62 15 12 100 90 1 48 54 11 2
13 13 99 54 46 94 84 68 59 64 64 66 44 1
14 34 36 7 62 79 97 35 93 35 55 56 62 2
15 75 72 28 86 72 9 63 60 84 86 69 5 3
16 89 44 34 23 86 9 3 15 41 67 90 83 3
17 53 19 90 14 26 8 7 83 92 31 17 77 1
18 10 48 46 71 83 93 12 88 91 46 64 42 3
19 9 21 5 96 94 62 40 20 97 26 7 31 3
