3 20
200 166 234 
0 7 1 92 19 68 38 58 8 13 81 69 37 2
1 48 97 56 32 73 74 35 99 99 52 84 95 2
2 61 95 62 66 70 36 4 9 34 31 42 24 3
3 85 4 62 51 38 5 79 84 96 61 3 69 1
4 43 97 19 48 88 98 32 17 12 44 74 21 3
5 38 75 47 21 55 76 4 34 14 9 3 56 2
6 19 78 75 5 24 31 40 2 75 5 79 56 2
7 5 37 45 83 86 22 33 44 40 8 79 11 2
8 80 54 32 29 93 95 76 29 76 99 22 96 3
9 32 79 100 34 69 88 97 2 19 34 25 85 2
10 96 9 89 47 73 94 46 79 82 7 42 56 1
11 80 8 53 19 25 29 40 80 2 72 59 20 1
12 76 61 37 12 97 54 82 72 81 67 86 37 2
13 3 81 44 28 84 66 60 60 18 15 31 98 1
14 88 70 61 96 33 31 7 32 11 95 10 54 1
15 77 26 30 40 82 63 88 16 80 75 73 31 3
16 15 22 60 9 12 95 91 75 27 30 43 56 3
17 23 1 60 96 96 90 66 94 27 12 25 84 1
18 72 18 8 41 45 55 83 45 61 74 31 27 2
19 99 91 87 58 84 32 78 66 24 24 4 5 3
