3 20
607 464 533 
0 61 55 72 74 91 92 26 62 31 74 20 91 2
1 55 64 102 98 49 41 74 48 52 100 51 58 3
2 71 78 62 56 18 27 36 82 65 97 50 71 1
3 61 55 10 1 56 56 24 99 93 81 25 96 2
4 53 48 99 90 45 41 85 52 9 32 9 97 3
5 57 65 4 12 59 66 49 25 67 57 72 24 3
6 1 5 24 31 66 58 70 91 38 60 5 4 1
7 87 79 27 18 65 56 94 41 21 16 27 70 3
8 73 73 29 39 6 6 17 61 46 38 39 4 2
9 78 86 50 40 93 95 88 35 72 25 78 6 3
10 28 35 77 74 26 20 49 55 64 57 6 13 2
11 101 91 1 1 19 12 41 12 81 51 3 81 1
12 98 100 45 42 102 93 79 35 66 36 98 99 2
13 48 40 83 86 25 25 66 5 78 57 73 84 3
14 10 12 40 47 70 73 79 27 15 51 88 97 3
15 96 88 20 11 15 25 85 5 83 46 26 59 1
16 52 57 35 43 28 30 88 10 76 86 87 28 1
17 90 100 101 94 93 89 4 75 97 92 68 89 1
18 27 25 48 39 56 62 91 80 34 89 99 45 1
19 61 58 29 32 102 99 74 27 73 43 36 59 2
