3 20
736 920 531 
0 18 22 37 40 69 59 70 21 60 76 42 72 3
1 7 6 33 41 80 83 87 83 56 78 5 6 1
2 26 28 103 99 65 69 45 5 52 42 30 58 1
3 3 5 54 52 11 6 8 2 38 63 24 25 1
4 75 78 21 29 80 71 93 33 100 30 59 84 2
5 25 16 80 70 19 17 66 98 10 85 84 1 2
6 58 51 79 78 8 4 67 76 65 59 18 29 2
7 44 34 74 72 14 11 35 8 2 19 55 66 3
8 93 87 65 62 21 28 60 7 96 2 89 65 2
9 44 52 108 99 51 53 93 48 60 60 28 75 3
10 27 22 55 60 4 7 86 84 42 83 86 51 1
11 85 85 99 96 3 6 50 18 93 3 73 82 1
12 11 14 68 65 15 7 2 85 97 61 30 48 3
13 17 26 67 73 7 11 48 90 11 62 81 50 2
14 96 91 26 17 43 52 65 89 87 69 60 42 1
15 64 67 88 89 4 12 24 34 72 46 21 53 2
16 23 19 8 6 99 92 61 62 45 79 13 77 2
17 26 34 39 29 29 23 68 57 24 48 58 43 2
18 93 95 22 18 22 32 66 75 21 13 35 34 3
19 85 88 45 55 18 21 59 59 10 20 19 45 1
