3 30
297 247 324 
0 29 19 47 37 66 56 76 11 64 13 43 15 1
1 99 89 84 74 60 50 84 25 67 73 1 82 1
2 73 63 16 6 50 40 39 32 96 38 66 64 3
3 104 94 20 10 29 19 88 87 73 62 69 53 1
4 59 49 30 20 100 90 81 64 48 59 51 68 3
5 33 23 42 32 42 32 42 76 8 21 88 96 2
6 16 6 63 53 17 7 40 19 91 29 75 43 3
7 97 87 74 64 50 40 69 8 34 40 32 10 2
8 85 75 36 26 78 68 95 39 23 58 35 11 2
9 43 33 19 9 88 78 80 20 36 54 19 33 1
10 31 21 85 75 32 22 78 28 61 51 73 81 3
11 50 40 59 49 59 49 41 37 63 43 96 38 1
12 102 92 29 19 55 45 86 95 59 12 58 1 3
13 31 21 87 77 36 26 16 46 11 60 61 97 1
14 101 91 39 29 78 68 20 100 76 76 68 96 3
15 89 79 21 11 62 52 100 95 33 39 60 62 1
16 30 20 97 87 63 53 10 83 40 99 62 12 2
17 96 86 48 38 101 91 71 49 11 87 43 27 3
18 15 5 70 60 24 14 15 59 36 36 27 11 1
19 52 42 20 10 81 71 87 95 48 35 32 77 1
20 25 15 71 61 110 100 74 80 46 55 31 19 3
21 60 50 53 43 37 27 22 14 56 36 73 5 3
22 56 46 59 49 69 59 50 42 36 41 13 56 2
23 44 34 17 7 81 71 73 45 28 58 66 47 3
24 17 7 60 50 110 100 80 4 99 63 66 36 3
25 84 74 45 35 105 95 16 9 63 11 32 90 3
26 25 15 64 54 110 100 31 56 14 25 68 27 3
27 87 77 28 18 68 58 98 68 6 24 28 77 1
28 66 56 92 82 27 17 2 13 88 16 79 40 1
29 88 78 61 51 33 23 14 21 83 63 74 98 3
