3 30
308 334 317 
0 69 64 80 83 1 1 9 88 35 17 1 78 1
1 106 97 32 39 79 74 84 29 85 82 99 91 1
2 61 59 36 29 100 100 48 68 91 88 31 17 3
3 48 56 5 2 64 57 28 66 76 31 24 74 2
4 29 33 75 75 21 26 23 1 70 87 63 87 2
5 45 38 92 85 47 39 45 61 94 4 87 47 1
6 58 66 87 92 29 19 65 15 42 70 95 55 3
7 60 56 92 95 30 33 97 49 55 12 20 73 2
8 1 2 70 68 42 43 40 80 90 55 77 57 3
9 103 99 54 53 18 8 15 2 20 41 39 54 1
10 92 88 28 35 69 73 38 100 69 34 65 50 1
11 64 56 76 66 69 77 15 2 30 34 50 6 1
12 79 69 13 19 62 62 98 20 11 20 91 80 3
13 49 57 89 95 39 42 37 64 97 7 58 55 3
14 10 5 48 40 70 66 63 57 51 75 6 19 1
15 11 13 35 36 43 50 39 23 69 37 17 6 2
16 39 34 22 20 107 99 96 22 91 53 97 67 2
17 97 97 87 91 71 78 3 95 19 81 49 79 1
18 33 30 62 52 62 67 41 83 92 94 36 24 1
19 97 99 57 65 38 40 60 64 12 13 52 50 3
20 2 2 15 8 7 15 83 4 33 57 10 38 2
21 75 80 45 39 2 5 24 100 17 74 96 4 3
22 80 85 41 35 99 94 70 21 26 23 92 67 1
23 1 11 102 94 66 68 48 9 85 67 76 21 1
24 36 37 53 56 70 74 100 15 77 57 23 67 1
25 25 33 38 47 72 62 63 90 60 45 26 39 3
26 92 83 18 17 62 60 14 77 42 41 68 75 1
27 34 40 83 79 14 9 91 63 79 52 97 10 3
28 34 42 70 65 85 87 97 79 13 27 55 54 2
29 15 12 92 90 69 61 27 11 10 63 64 12 3
