3 30
1239 1273 1122 
0 23 19 34 38 66 56 76 14 65 73 44 17 2
1 32 36 87 78 5 13 59 49 83 43 40 7 3
2 20 14 74 84 59 55 9 76 13 29 40 12 1
3 56 55 1 1 51 56 70 4 80 81 83 44 3
4 67 76 21 26 59 69 49 98 48 21 63 39 3
5 56 53 11 8 50 54 46 51 96 12 47 87 2
6 73 69 102 95 23 22 17 39 60 62 91 61 1
7 34 35 74 74 4 12 53 1 97 41 22 55 1
8 61 61 25 35 10 2 9 15 83 82 72 97 2
9 35 30 86 84 21 31 79 67 78 19 2 15 1
10 81 71 9 10 58 56 63 66 45 34 50 20 2
11 71 63 75 73 89 84 97 92 69 73 3 88 1
12 55 56 10 6 59 49 93 62 87 10 6 14 3
13 45 48 93 94 43 33 60 71 45 53 64 53 1
14 19 28 62 55 79 89 71 13 62 88 70 92 2
15 21 24 45 47 61 69 31 47 89 79 62 65 1
16 73 81 69 59 41 46 26 89 12 24 8 1 1
17 76 84 87 78 71 65 47 86 73 25 72 100 1
18 18 9 26 31 55 54 16 68 4 52 64 54 2
19 96 90 48 56 29 23 42 16 5 52 95 79 1
20 87 81 79 87 92 94 65 39 73 52 93 41 1
21 90 95 68 62 30 20 66 33 15 84 65 35 3
22 29 20 69 70 27 29 30 70 65 11 1 87 2
23 72 82 73 65 45 39 34 38 24 48 89 24 3
24 1 8 37 27 41 45 37 64 92 53 35 43 3
25 82 92 16 6 37 29 5 51 66 88 91 84 2
26 37 30 71 72 7 7 29 53 87 87 62 93 1
27 30 23 58 62 97 100 42 21 60 25 23 67 3
28 33 25 48 48 63 70 15 53 96 57 58 86 3
29 90 91 67 61 36 32 43 85 29 10 19 80 1
