3 30
735 545 662 
0 1 8 18 27 50 45 82 43 63 23 3 75 3
1 8 13 47 47 81 90 53 50 96 67 17 78 2
2 74 83 49 53 34 24 16 72 12 49 74 93 3
3 45 52 2 6 53 53 40 19 39 24 69 72 1
4 91 89 29 31 83 82 8 66 92 28 60 31 2
5 58 50 13 5 52 51 65 38 96 1 62 6 1
6 18 10 39 36 60 63 65 45 34 4 40 53 3
7 95 96 27 35 65 73 13 70 78 83 33 52 1
8 59 54 15 20 79 87 84 52 77 24 73 46 3
9 35 27 70 73 21 28 34 88 68 2 41 64 1
10 1 8 57 55 6 1 43 49 3 43 27 83 2
11 17 8 8 18 35 29 20 7 20 82 62 50 1
12 85 77 19 27 68 70 7 75 38 97 45 42 3
13 88 93 28 31 78 78 23 50 67 60 62 55 1
14 44 45 74 72 12 6 71 11 97 53 40 34 3
15 9 5 25 20 41 42 37 52 4 59 61 42 2
16 74 70 65 56 42 35 5 90 76 99 8 77 1
17 17 25 28 19 20 14 53 20 77 39 72 33 2
18 89 98 10 12 39 35 13 92 47 67 21 40 3
19 73 67 33 41 14 8 90 20 63 39 5 32 3
20 51 42 43 48 56 55 10 54 95 58 22 18 1
21 17 12 74 79 36 37 9 26 91 28 37 13 1
22 85 93 33 43 4 2 50 74 61 69 70 21 3
23 11 11 83 86 63 68 47 85 62 90 64 42 1
24 89 89 6 8 23 26 25 80 92 81 67 5 2
25 7 5 20 19 25 34 24 67 91 47 58 93 1
26 98 99 32 41 68 76 28 96 24 62 87 19 3
27 3 8 44 47 91 85 26 86 80 61 94 83 1
28 80 82 1 5 31 27 22 100 59 99 60 55 1
29 44 52 21 30 1 1 35 93 72 7 37 51 2
