3 30
843 609 818 
0 106 96 25 15 43 33 13 94 65 37 81 47 3
1 79 69 55 45 40 30 51 56 97 50 38 94 1
2 47 37 81 71 24 14 58 52 72 76 92 87 3
3 87 77 96 86 12 2 59 92 45 59 79 61 3
4 33 23 11 1 82 72 28 69 62 82 33 22 3
5 97 87 105 95 106 96 68 87 24 68 43 60 2
6 62 52 16 6 63 53 34 41 39 28 41 44 1
7 77 67 61 51 38 28 41 30 60 37 77 87 2
8 103 93 53 43 104 94 52 85 73 80 5 83 2
9 18 8 87 77 55 45 61 49 37 2 5 97 2
10 92 82 47 37 93 83 36 84 13 86 77 28 3
11 54 44 62 52 71 61 15 27 18 30 49 56 3
12 108 98 34 24 61 51 25 1 2 13 68 35 3
13 98 88 47 37 95 85 29 64 70 70 89 21 1
14 94 84 33 23 71 61 9 41 85 26 90 90 1
15 40 30 81 71 13 3 34 21 46 49 58 22 2
16 60 50 26 16 93 83 86 84 62 94 89 95 1
17 15 5 76 66 28 18 28 95 50 34 15 80 3
18 85 75 31 21 86 76 87 87 69 94 82 94 1
19 23 13 92 82 52 42 38 14 44 83 40 14 1
20 66 56 13 3 51 41 55 6 28 67 15 34 2
21 84 74 76 66 61 51 53 40 50 18 25 7 2
22 106 96 16 6 27 17 98 45 95 61 78 53 2
23 84 74 48 38 21 11 21 49 54 19 93 34 3
24 11 1 53 43 104 94 30 82 41 43 87 49 3
25 92 82 44 34 105 95 50 65 72 53 30 15 3
26 67 57 13 3 52 42 17 64 80 41 76 30 2
27 19 9 67 57 108 98 44 41 34 81 71 44 1
28 27 17 54 44 88 78 17 72 54 56 64 11 3
29 52 42 16 6 89 79 4 77 2 38 64 5 3
