3 30
317 282 327 
0 107 97 25 15 44 34 25 21 96 93 90 91 2
1 65 55 42 32 18 8 52 78 83 4 69 55 1
2 19 9 54 44 96 86 35 84 78 70 44 72 3
3 62 52 70 60 87 77 43 82 99 46 2 67 3
4 97 87 68 58 38 28 15 25 100 28 26 93 2
5 87 77 88 78 96 86 20 54 80 7 93 6 1
6 18 8 65 55 11 1 84 29 75 67 64 25 2
7 47 37 24 14 108 98 70 35 96 51 13 1 2
8 103 93 54 44 104 94 44 10 76 72 4 70 3
9 89 79 57 47 34 24 42 52 21 45 65 3 2
10 25 15 79 69 26 16 53 12 37 95 100 73 1
11 64 54 73 63 81 71 85 59 15 18 43 72 2
12 84 74 11 1 37 27 62 81 53 95 48 99 2
13 25 15 73 63 22 12 27 21 60 44 100 16 3
14 31 21 69 59 108 98 34 37 1 22 15 72 1
15 43 33 75 65 16 6 30 59 20 48 37 56 3
16 100 90 75 65 41 31 9 34 66 54 62 58 1
17 34 24 94 84 47 37 36 44 4 95 10 6 1
18 109 99 56 46 110 100 69 31 23 2 29 63 3
19 70 60 38 28 99 89 77 83 92 75 24 54 3
20 15 5 61 51 100 90 55 96 81 71 56 16 1
21 98 88 91 81 75 65 88 38 33 56 12 71 3
22 30 20 41 31 51 41 24 9 38 28 92 76 1
23 14 4 87 77 51 41 25 19 58 13 23 47 1
24 59 49 110 100 52 42 18 66 100 78 46 87 2
25 66 56 27 17 87 77 23 70 57 88 2 97 2
26 107 97 46 36 92 82 29 59 73 23 11 44 3
27 77 67 18 8 58 48 29 91 5 77 68 10 2
28 100 90 26 16 61 51 39 7 69 16 42 19 2
29 42 32 15 5 87 77 63 25 20 22 26 8 3
