3 30
264 344 291 
0 85 75 96 94 15 12 29 51 53 3 35 55 1
1 25 28 64 62 1 5 91 14 96 34 93 70 1
2 99 90 61 60 38 31 8 83 79 15 65 18 3
3 59 51 1 5 54 52 53 10 22 37 83 40 1
4 26 20 80 70 18 13 3 52 38 19 65 33 3
5 43 41 90 88 45 42 12 73 50 12 57 81 3
6 21 25 42 51 71 78 8 47 79 87 84 85 3
7 91 87 31 26 61 64 67 88 46 85 76 21 2
8 24 17 80 83 44 50 93 29 39 16 58 7 2
9 19 10 54 56 5 11 94 95 36 70 97 99 1
10 44 43 80 90 21 28 99 79 78 81 25 94 2
11 26 19 30 29 44 40 37 83 100 71 17 23 3
12 49 48 96 90 32 41 50 28 14 64 94 57 3
13 6 12 62 58 104 97 10 74 14 26 86 57 3
14 85 88 15 23 45 49 26 79 89 82 11 26 2
15 23 32 60 55 84 77 35 6 15 41 8 97 3
16 51 45 13 23 19 10 30 25 84 10 80 52 3
17 56 56 38 42 30 37 20 89 74 62 67 96 1
18 49 49 70 63 78 86 59 72 76 95 70 1 2
19 12 14 80 88 53 55 98 14 50 65 88 34 3
20 38 41 51 47 64 54 75 9 65 100 33 44 2
21 56 63 18 22 96 88 86 83 29 95 14 68 3
22 16 12 64 62 22 21 7 52 86 74 28 41 2
23 83 82 63 65 43 47 70 99 32 76 89 37 3
24 38 48 76 67 80 85 80 63 89 67 47 85 2
25 37 28 42 42 55 57 46 30 98 19 35 71 2
26 10 14 57 48 93 83 42 34 99 49 30 51 3
27 61 55 89 94 36 32 13 43 89 64 93 23 1
28 87 77 94 100 30 22 61 74 64 54 60 30 2
29 61 51 17 21 86 92 17 38 89 52 79 70 3
