3 30
296 298 307 
0 32 87 8 6 85 24 44 72 98 63 74 7 1
1 100 4 17 38 25 81 80 26 70 63 3 67 3
2 6 50 14 20 15 91 28 55 14 58 67 63 3
3 66 51 50 5 27 52 19 18 55 67 73 87 2
4 63 8 32 58 100 9 21 40 64 17 29 98 2
5 43 9 51 56 60 10 4 51 44 62 71 11 2
6 87 37 36 63 84 90 3 89 33 23 67 17 2
7 97 7 38 46 70 84 26 78 10 38 25 10 2
8 56 21 9 87 61 54 73 3 28 87 24 29 2
9 12 62 81 8 41 63 31 40 67 87 80 17 2
10 1 3 93 42 78 88 10 14 47 35 50 36 1
11 93 31 65 41 38 52 79 19 7 20 57 6 2
12 25 32 85 74 46 25 93 98 33 45 98 67 2
13 76 48 16 86 57 33 66 26 37 29 46 56 1
14 93 24 65 51 38 85 64 43 48 79 62 62 2
15 74 56 26 79 71 93 21 59 39 46 13 87 3
16 4 65 56 51 1 38 14 100 42 60 20 16 2
17 92 92 28 86 65 81 37 93 60 55 5 38 3
18 96 21 33 35 69 58 54 7 69 15 30 77 1
19 51 70 40 44 36 11 62 26 74 85 25 58 2
20 39 53 36 59 32 66 47 65 31 69 75 95 2
21 21 91 73 58 34 16 28 49 46 15 68 93 2
22 6 96 58 46 3 5 5 5 92 56 11 92 3
23 6 90 98 73 83 47 26 78 4 19 2 34 3
24 83 36 27 55 72 73 60 8 94 70 72 81 3
25 16 84 81 98 53 13 17 69 57 40 51 22 2
26 94 66 22 8 51 43 74 47 56 63 16 59 3
27 61 19 22 58 90 88 39 66 59 89 79 65 3
28 12 97 24 20 37 42 96 4 7 95 77 24 3
29 74 71 91 41 99 20 43 11 17 6 20 90 3
