3 30
781 701 864 
0 84 74 103 93 21 11 38 35 82 53 82 24 1
1 37 27 13 3 98 88 37 57 19 61 58 44 2
2 93 83 27 17 62 52 58 24 18 29 100 18 3
3 45 35 54 44 70 60 72 11 96 6 76 56 3
4 79 69 49 39 20 10 92 62 58 94 25 12 1
5 51 41 51 41 60 50 87 76 85 53 70 26 3
6 64 54 18 8 65 55 95 48 30 44 33 36 3
7 35 25 11 1 88 78 26 32 43 65 9 50 2
8 29 19 79 69 22 12 56 12 76 63 96 56 3
9 56 46 33 23 101 91 67 98 55 71 94 18 3
10 86 76 33 23 87 77 82 74 2 42 9 8 1
11 68 58 76 66 85 75 1 46 100 62 42 4 2
12 82 72 108 98 35 25 61 66 82 26 26 80 1
13 84 74 41 31 89 79 16 53 34 38 32 16 2
14 16 6 63 53 101 91 13 41 67 11 51 50 1
15 94 84 35 25 75 65 77 50 7 49 73 84 2
16 30 20 104 94 71 61 27 13 63 77 25 82 1
17 61 51 14 4 66 56 59 36 61 80 79 77 1
18 71 61 25 15 72 62 89 30 5 56 99 6 2
19 49 39 110 100 78 68 99 80 85 14 32 24 1
20 56 46 95 85 41 31 44 85 2 22 18 1 1
21 30 20 14 4 107 97 8 90 67 31 1 50 1
22 80 70 90 80 101 91 84 33 65 9 88 61 3
23 54 44 18 8 91 81 21 39 48 93 51 35 1
24 53 43 103 93 46 36 96 88 23 2 16 44 2
25 66 56 26 16 87 77 88 77 15 25 53 77 1
26 49 39 95 85 34 24 61 88 96 66 4 94 2
27 109 99 57 47 98 88 75 73 86 29 80 29 3
28 53 43 88 78 14 4 5 42 91 72 25 64 3
29 98 88 70 60 43 33 25 69 66 58 96 75 3
