3 30
288 291 298 
0 36 54 13 72 89 91 93 51 84 67 98 46 1
1 9 46 25 81 34 15 32 99 14 95 90 77 1
2 42 92 51 63 51 33 65 96 38 52 89 74 2
3 78 1 55 56 39 2 25 41 70 57 93 36 3
4 4 46 72 89 49 39 27 28 19 37 79 65 3
5 3 68 12 14 20 69 5 14 1 13 53 72 2
6 48 83 96 10 45 36 22 37 61 11 37 30 2
7 30 62 70 100 11 39 28 21 28 74 74 20 3
8 45 35 5 2 58 76 2 100 100 68 39 53 1
9 97 20 65 67 26 21 97 10 87 88 1 62 1
10 93 82 86 28 70 67 60 45 51 62 19 74 3
11 21 17 86 28 58 38 43 40 39 31 88 45 1
12 69 46 30 89 90 39 19 8 31 82 85 97 3
13 56 34 97 73 37 19 32 29 82 7 6 77 1
14 29 95 2 29 66 56 97 10 56 61 86 20 3
15 22 43 75 57 19 80 88 89 79 91 76 36 1
16 36 35 89 14 33 100 60 72 27 44 17 17 3
17 20 26 57 21 93 15 39 76 85 65 12 58 2
18 25 91 61 14 98 28 67 15 48 54 42 4 2
19 80 100 76 67 65 41 68 45 21 66 45 20 3
20 8 11 4 18 1 24 95 25 42 73 20 98 2
21 41 66 94 32 54 99 10 16 78 3 91 56 3
22 54 82 99 41 51 91 61 38 83 57 79 17 1
23 14 1 7 83 99 58 88 14 28 82 75 17 1
24 83 3 28 21 72 40 89 84 24 14 69 28 3
25 37 22 1 37 74 51 75 100 21 27 31 87 3
26 26 16 55 51 83 93 81 18 27 12 1 70 1
27 46 42 6 80 75 19 91 99 57 9 84 85 3
28 16 100 29 22 41 45 77 75 93 38 66 89 3
29 91 21 99 100 8 70 28 73 15 100 13 52 1
