3 30
601 918 834 
0 51 41 69 59 88 78 36 64 88 73 37 29 3
1 41 31 26 16 102 92 18 22 71 34 65 20 2
2 35 25 70 60 104 94 100 47 56 24 2 81 2
3 54 44 62 52 79 69 70 58 30 85 58 49 3
4 21 11 92 82 62 52 45 73 50 84 27 80 2
5 87 77 88 78 96 86 16 86 59 96 46 57 3
6 14 4 61 51 15 5 76 1 6 71 13 37 1
7 39 29 24 14 100 90 34 87 69 80 91 16 2
8 59 49 110 100 60 50 68 2 15 29 97 57 3
9 105 95 73 63 42 32 57 93 21 13 86 37 2
10 45 35 91 81 46 36 10 85 45 7 95 68 2
11 28 18 37 27 45 35 27 5 72 97 21 91 1
12 28 18 55 45 81 71 50 31 19 36 73 1 3
13 45 35 93 83 50 40 94 58 98 13 5 14 3
14 71 61 109 99 48 38 45 31 93 8 82 83 2
15 35 25 67 57 108 98 63 80 51 32 98 70 1
16 52 42 19 9 85 75 46 32 32 21 63 62 1
17 50 40 110 100 63 53 54 45 65 87 89 16 2
18 29 19 84 74 30 20 78 75 96 95 43 46 3
19 34 24 94 84 63 53 55 75 23 45 65 21 1
20 35 25 81 71 28 18 47 22 30 82 78 62 2
21 22 12 107 97 99 89 60 22 92 35 77 90 1
22 74 64 85 75 95 85 23 45 4 61 98 20 3
23 74 64 47 37 11 1 60 42 14 18 6 47 3
24 67 57 18 8 60 50 47 17 89 87 28 91 1
25 110 100 71 61 31 21 34 8 83 85 83 22 3
26 35 25 82 72 28 18 1 13 45 54 10 4 2
27 97 87 38 28 78 68 12 2 81 15 12 34 2
28 32 22 66 56 93 83 43 58 41 30 56 68 1
29 34 24 107 97 79 69 59 39 79 33 99 38 3
