3 30
304 282 292 
0 73 63 92 82 110 100 97 100 86 75 68 85 2
1 70 60 46 36 23 13 48 18 98 41 30 88 3
2 62 52 96 86 39 29 93 91 19 23 97 34 3
3 70 60 79 69 95 85 95 59 36 53 27 32 2
4 48 38 18 8 89 79 56 23 42 41 26 18 3
5 24 14 24 14 33 23 47 24 47 35 7 10 2
6 61 51 15 5 62 52 78 61 45 64 7 69 1
7 60 50 36 26 13 3 69 41 5 57 38 60 1
8 42 32 84 74 35 25 6 28 49 68 35 74 3
9 29 19 98 88 74 64 13 89 78 13 14 72 2
10 83 73 30 20 84 74 3 6 94 36 39 28 1
11 25 15 33 23 42 32 48 48 80 74 50 40 3
12 23 13 49 39 76 66 61 73 94 93 21 6 2
13 77 67 34 24 82 72 70 86 18 23 86 58 2
14 85 75 24 14 62 52 60 52 28 95 78 55 3
15 75 65 108 98 48 38 45 57 64 65 23 97 2
16 23 13 89 79 56 46 3 93 69 61 39 4 2
17 30 20 83 73 43 33 74 96 5 87 85 35 1
18 68 58 14 4 69 59 35 20 83 92 37 11 3
19 54 44 23 13 83 73 54 43 92 76 66 14 3
20 101 91 40 30 86 76 94 52 33 38 80 25 1
21 99 89 83 73 76 66 66 71 10 29 75 38 1
22 25 15 35 25 46 36 13 86 54 67 93 12 2
23 35 25 107 97 80 70 11 70 37 2 50 79 2
24 74 64 24 14 67 57 13 75 86 14 37 63 1
25 103 93 63 53 24 14 59 67 15 79 50 28 1
26 94 84 32 22 79 69 80 6 2 94 90 51 2
27 58 48 98 88 39 29 14 93 4 95 67 62 2
28 70 60 105 95 31 21 30 83 86 21 8 53 3
29 79 69 51 41 16 6 78 90 69 65 71 86 2
