3 30
1176 1278 1245 
0 83 42 59 61 36 79 34 4 16 79 28 67 3
1 67 43 76 77 92 20 47 50 78 5 71 94 1
2 33 97 41 67 42 46 46 74 3 43 43 53 3
3 33 58 17 4 94 51 23 6 92 49 15 61 2
4 6 51 75 1 51 52 83 46 83 37 30 84 2
5 50 24 58 79 67 33 11 68 29 69 14 44 1
6 14 40 63 66 11 93 100 96 44 76 33 87 2
7 16 86 49 25 89 63 75 63 6 46 100 10 3
8 3 80 56 46 8 13 82 78 50 57 17 54 2
9 63 93 24 39 92 94 43 27 30 1 36 51 1
10 56 78 40 25 33 63 71 34 98 45 38 14 1
11 72 38 36 48 9 59 99 35 23 25 87 17 2
12 32 19 92 61 53 12 30 65 58 30 15 46 2
13 47 39 87 77 28 24 22 98 32 35 2 49 1
14 12 39 84 74 49 100 32 87 11 37 37 73 2
15 61 67 13 90 66 12 75 17 96 26 93 16 1
16 43 12 95 98 40 85 90 73 67 25 91 63 2
17 79 79 15 73 52 68 66 88 83 70 62 33 2
18 99 100 36 14 72 37 46 89 19 26 67 76 1
19 26 61 23 35 11 2 93 81 70 2 45 97 1
20 34 32 31 38 27 45 86 56 14 98 60 59 3
21 56 6 16 73 77 39 48 38 22 57 92 44 2
22 93 31 45 81 90 40 3 23 25 79 97 43 3
23 9 61 1 44 94 18 100 85 3 27 53 14 2
24 34 7 78 26 23 44 100 42 35 84 49 88 2
25 87 43 52 65 24 80 63 22 27 84 16 86 2
26 69 21 97 55 26 98 75 62 28 1 2 2 3
27 12 2 81 41 41 79 8 56 60 85 2 68 3
28 55 72 67 95 80 17 78 30 83 92 100 55 3
29 41 50 58 20 66 91 5 61 20 93 68 88 1
