3 30
296 322 250 
0 88 86 1 5 31 23 29 12 89 60 100 84 2
1 49 51 83 93 22 28 33 1 33 64 58 17 2
2 24 21 86 91 63 62 34 9 36 76 95 72 3
3 57 54 106 100 52 55 100 78 73 72 70 82 1
4 10 7 56 57 2 8 95 47 21 59 6 95 2
5 41 44 88 91 43 45 66 92 2 61 41 2 1
6 84 84 5 10 34 37 14 80 10 23 73 12 2
7 17 26 70 65 8 3 41 14 66 92 8 73 3
8 26 24 90 98 67 65 50 77 36 36 48 6 1
9 19 13 70 67 5 14 34 72 76 25 9 19 3
10 96 98 53 45 73 83 34 2 40 30 82 22 1
11 80 82 92 92 1 3 26 59 51 45 82 88 2
12 19 27 79 69 15 20 38 45 62 35 37 88 1
13 79 75 19 13 69 60 92 22 39 38 55 34 3
14 81 79 11 6 49 40 63 13 11 55 33 11 3
15 56 59 80 82 96 96 45 43 28 99 94 84 2
16 42 48 25 34 18 21 24 77 66 60 46 51 2
17 7 7 1 1 102 96 43 10 62 54 1 41 3
18 57 60 86 82 15 5 85 94 87 35 74 70 2
19 35 37 1 3 68 70 87 79 25 8 74 31 2
20 66 72 79 78 92 85 40 52 45 27 16 66 1
21 50 46 20 13 69 71 22 54 20 7 33 88 2
22 39 39 87 89 45 48 31 62 1 37 77 40 3
23 60 61 45 36 25 18 19 32 98 37 13 76 2
24 69 59 86 78 11 4 90 52 72 25 97 73 1
25 12 15 25 29 51 44 3 75 13 11 46 79 2
26 41 37 75 79 11 14 6 80 55 64 46 27 3
27 83 78 16 9 42 47 33 43 55 68 18 82 3
28 11 12 26 35 62 57 77 76 98 46 67 25 1
29 86 82 50 60 40 31 16 39 57 8 68 99 3
