3 30
742 706 731 
0 8 31 92 50 69 68 71 88 81 46 77 45 2
1 92 12 1 54 17 89 93 29 37 9 52 73 3
2 6 66 14 44 15 15 69 35 59 44 62 10 1
3 66 55 42 1 19 56 68 67 6 6 27 27 1
4 79 64 48 14 16 65 22 54 19 21 74 90 3
5 15 21 15 76 24 22 63 10 79 99 62 11 2
6 7 81 56 7 12 34 29 21 99 10 80 95 3
7 89 47 30 86 62 24 19 98 7 96 45 83 1
8 72 65 25 31 77 6 4 100 62 13 35 27 2
9 68 82 37 36 97 83 42 78 1 62 48 39 3
10 25 23 9 70 2 8 61 67 65 31 10 74 3
11 53 75 25 85 90 96 59 91 26 35 59 75 1
12 69 40 29 82 90 33 68 10 23 28 77 13 1
13 96 76 36 22 77 69 37 40 72 24 62 60 3
14 85 56 57 91 30 17 57 90 19 100 90 25 3
15 62 48 14 63 67 85 18 80 82 99 61 18 3
16 60 9 4 87 57 74 77 62 45 18 69 12 1
17 68 20 4 14 33 9 8 98 59 55 42 83 1
18 80 81 17 3 53 18 48 75 14 65 22 20 2
19 71 46 60 12 56 87 64 22 12 84 9 47 2
20 55 1 52 7 48 6 29 78 85 91 9 71 3
21 9 23 69 90 22 56 31 57 82 83 9 41 3
22 94 4 46 54 99 13 98 1 52 40 65 54 3
23 70 90 62 65 55 47 7 54 31 13 23 51 2
24 59 88 11 7 56 33 1 100 5 83 32 70 2
25 68 56 41 70 5 85 31 13 27 69 89 41 3
26 14 90 42 24 71 67 19 41 14 52 95 47 1
27 17 87 86 26 54 56 3 38 55 88 15 72 3
28 88 37 100 60 13 82 50 39 32 78 59 29 3
29 66 11 83 81 91 60 77 58 12 2 83 100 3
