3 30
614 722 847 
0 95 85 14 4 32 22 33 87 41 78 82 18 1
1 12 2 88 78 65 55 77 33 54 94 5 76 2
2 16 6 58 48 93 83 28 23 65 69 3 77 2
3 12 2 29 19 37 27 3 33 78 23 35 60 1
4 102 92 80 70 51 41 42 22 39 43 79 69 2
5 78 68 78 68 79 69 24 1 26 30 4 24 1
6 67 57 13 3 68 58 39 2 35 29 80 28 2
7 110 100 86 76 63 53 96 11 7 28 55 19 3
8 16 6 66 56 17 7 81 81 79 99 11 65 3
9 83 73 60 50 28 18 43 56 54 57 89 93 2
10 89 79 36 26 90 80 11 36 33 34 77 16 3
11 11 1 19 9 28 18 15 78 97 2 59 26 3
12 41 31 67 57 102 92 26 27 33 15 39 26 3
13 91 81 40 30 96 86 57 72 49 57 55 76 2
14 55 45 94 84 32 22 99 67 88 66 42 92 2
15 21 11 54 44 94 84 60 31 80 28 52 75 3
16 45 35 11 1 86 76 54 36 95 86 9 56 1
17 84 74 45 35 97 87 64 33 73 60 2 63 1
18 74 64 28 18 83 73 59 18 6 51 85 37 2
19 36 26 105 95 65 55 66 52 82 44 23 63 1
20 11 1 50 40 96 86 40 41 45 60 57 78 3
21 61 51 45 35 30 20 4 78 73 32 86 36 3
22 43 33 53 43 64 54 42 99 40 32 5 92 3
23 65 55 37 27 102 92 41 74 59 19 6 68 1
24 32 22 74 64 25 15 79 35 82 12 57 47 3
25 29 19 89 79 50 40 81 89 75 15 12 85 3
26 12 2 50 40 97 87 70 47 98 24 62 70 2
27 68 58 108 98 49 39 66 95 68 30 10 52 1
28 44 34 71 61 105 95 25 74 38 16 95 64 2
29 25 15 97 87 70 60 18 24 86 25 79 36 1
