3 30
792 614 777 
0 104 97 15 16 34 34 26 33 96 39 85 61 2
1 89 82 15 24 62 59 84 43 47 86 91 45 3
2 49 52 32 22 88 93 45 48 86 13 9 84 2
3 55 57 4 3 63 58 95 8 72 80 38 17 3
4 86 94 53 44 86 95 63 64 21 17 96 15 2
5 39 47 1 2 41 48 58 9 89 44 49 76 3
6 55 51 76 77 1 4 57 41 19 6 80 24 2
7 48 57 1 4 47 42 6 29 24 66 74 2 1
8 49 39 13 5 77 80 50 19 28 84 75 90 3
9 27 24 70 70 34 25 88 69 11 21 52 60 3
10 48 53 105 100 46 38 70 22 83 23 16 73 1
11 42 45 46 55 60 66 6 32 30 4 28 65 2
12 2 6 49 48 106 99 15 13 41 23 24 100 1
13 36 30 84 76 13 15 46 40 92 23 5 98 1
14 56 62 99 89 16 23 94 58 61 70 66 68 3
15 68 78 1 1 16 23 13 72 98 57 32 50 3
16 62 59 45 45 38 32 90 96 9 97 80 74 3
17 58 66 69 60 61 55 14 87 42 94 94 88 1
18 73 79 2 1 23 16 95 9 9 13 57 84 1
19 58 52 10 18 99 93 94 57 26 81 56 52 3
20 2 11 15 17 28 24 72 3 29 66 50 56 1
21 23 29 93 96 63 54 18 80 76 99 79 30 1
22 62 66 10 16 81 75 96 23 71 51 79 52 1
23 42 32 22 15 86 89 9 45 65 50 83 5 3
24 79 78 96 97 21 15 41 48 34 75 94 86 1
25 3 10 29 24 42 39 13 10 70 17 65 9 3
26 59 68 14 10 50 45 22 18 49 100 59 44 3
27 89 93 38 32 56 62 42 36 72 89 25 82 2
28 56 47 71 70 86 92 31 87 74 15 43 30 3
29 19 21 88 91 65 62 27 76 63 35 31 9 3
