3 30
1113 1093 929 
0 80 86 12 4 31 23 48 67 9 6 53 37 1
1 84 78 18 21 57 55 41 54 28 34 85 4 1
2 59 56 36 27 6 5 98 49 92 2 91 84 1
3 1 5 57 52 14 6 18 56 4 79 99 98 2
4 10 6 56 57 2 7 29 79 94 33 39 72 3
5 3 12 50 58 5 13 37 31 93 17 99 25 1
6 7 7 28 34 57 60 52 41 98 38 90 68 3
7 75 82 21 28 74 67 6 56 94 56 61 45 1
8 76 83 53 50 9 16 10 16 41 75 83 52 3
9 93 88 44 43 79 89 15 52 22 58 92 71 3
10 51 50 87 96 28 35 23 48 21 44 17 96 2
11 55 57 61 68 73 78 21 16 50 15 80 24 1
12 68 70 25 21 72 63 71 96 33 6 2 8 2
13 27 34 85 81 25 19 95 96 83 70 64 13 2
14 13 7 35 33 73 68 70 7 7 95 18 25 2
15 18 11 26 25 50 48 95 70 76 15 83 70 1
16 44 43 29 30 12 8 74 87 100 55 13 19 3
17 20 18 12 13 2 7 75 71 48 44 25 3 3
18 92 87 1 10 21 24 35 93 56 3 54 76 3
19 4 12 93 87 45 53 78 15 74 2 1 92 2
20 33 31 46 38 38 44 23 66 87 66 47 51 1
21 60 70 38 36 1 3 46 26 70 85 69 36 1
22 11 6 69 65 17 15 6 51 56 63 71 81 2
23 86 93 66 75 51 50 81 67 40 96 32 53 1
24 81 75 98 93 15 12 18 95 89 13 33 23 3
25 25 30 59 53 72 67 70 41 5 10 23 1 3
26 80 72 16 15 50 49 95 90 56 55 71 55 2
27 60 54 99 92 19 23 56 17 76 41 24 72 1
28 23 28 59 50 74 73 85 2 12 59 14 88 3
29 46 41 15 12 84 82 12 7 10 18 37 31 3
