3 30
1536 1238 1272 
0 42 41 53 60 85 78 70 26 10 29 29 41 2
1 91 98 30 32 85 75 70 93 69 95 35 68 2
2 83 76 45 46 22 17 98 100 96 42 4 40 3
3 44 53 1 7 60 54 45 95 82 14 54 9 2
4 48 50 94 100 61 51 61 18 11 10 78 53 1
5 73 67 20 14 75 68 67 56 92 50 24 25 1
6 78 87 28 21 49 48 30 35 57 30 44 92 3
7 12 5 52 44 82 82 87 90 70 89 29 16 2
8 94 91 58 57 14 24 75 54 55 79 29 25 3
9 51 44 94 98 37 45 10 66 96 84 42 96 3
10 85 81 26 20 62 66 48 54 50 72 16 3 1
11 79 89 91 99 5 10 82 9 13 74 13 79 1
12 8 14 55 56 12 7 31 71 78 1 77 4 2
13 75 66 2 12 52 51 61 26 28 5 71 3 3
14 103 94 20 29 63 55 60 61 50 59 74 20 3
15 74 70 90 93 6 7 98 82 92 59 78 54 3
16 97 95 88 81 73 68 86 67 88 12 12 12 1
17 86 94 97 88 81 83 74 35 6 35 74 15 1
18 50 47 71 61 79 84 67 70 53 87 51 27 3
19 26 20 86 94 67 61 29 79 48 16 23 80 2
20 51 51 56 57 69 64 87 47 48 91 80 98 3
21 57 61 35 28 92 94 87 69 17 4 5 75 1
22 67 74 15 24 73 83 81 25 21 38 41 85 3
23 31 32 3 7 96 89 10 8 45 27 90 21 3
24 32 30 49 49 74 75 30 20 16 92 9 31 2
25 77 82 90 96 16 11 25 77 10 66 69 24 2
26 94 92 20 26 64 69 25 6 64 74 85 81 3
27 58 61 107 100 38 30 37 55 91 93 55 13 2
28 89 95 25 18 40 40 76 50 75 71 84 25 1
29 69 61 38 31 1 2 80 88 97 24 15 57 2
