3 30
1174 1362 1384 
0 12 98 97 16 73 35 31 41 18 88 86 42 3
1 1 54 9 97 26 31 80 69 46 9 53 58 1
2 42 16 51 87 51 57 100 87 52 56 38 5 1
3 70 5 55 52 31 6 66 13 99 54 28 41 1
4 20 94 88 45 65 95 76 12 82 53 6 4 2
5 75 80 84 34 92 81 1 94 79 20 78 60 3
6 68 19 16 54 65 80 36 55 7 2 10 34 3
7 22 2 62 40 3 79 88 50 46 67 19 17 1
8 69 87 21 54 74 20 96 50 12 20 87 45 1
9 53 40 21 95 82 41 100 80 23 23 87 59 3
10 17 10 10 48 94 95 48 91 94 58 45 31 2
11 73 69 46 80 10 90 97 13 34 10 25 2 2
12 13 54 74 97 26 47 2 68 41 57 9 3 1
13 76 70 17 9 57 55 44 85 27 43 3 44 1
14 21 35 94 61 66 96 7 100 75 81 8 94 3
15 10 27 63 49 7 72 34 90 99 92 5 46 3
16 92 71 37 50 89 36 40 65 20 97 36 9 2
17 88 62 25 49 61 43 10 91 52 71 3 25 1
18 9 59 45 74 82 96 51 75 4 50 65 82 2
19 8 68 96 43 93 9 3 26 24 85 18 23 2
20 24 51 20 58 17 64 39 55 2 55 37 95 3
21 29 6 90 64 50 31 71 74 57 8 82 46 2
22 42 90 95 49 39 99 61 11 8 2 80 100 2
23 86 1 71 83 63 58 75 56 27 19 14 66 1
24 67 63 12 81 56 100 60 74 21 49 45 52 2
25 89 94 61 9 26 23 36 60 93 66 24 89 1
26 46 32 75 75 3 9 65 84 58 27 83 100 3
27 10 10 70 48 39 87 24 66 27 50 43 43 2
28 92 40 97 62 9 85 51 67 35 6 3 45 1
29 83 61 91 40 100 10 3 57 92 10 38 10 3
