3 30
1021 1281 1215 
0 62 52 80 70 99 89 57 1 27 46 65 54 2
1 16 6 93 83 69 59 93 65 14 47 64 10 3
2 58 48 101 91 35 25 16 58 98 13 15 60 1
3 21 11 37 27 46 36 58 63 30 59 52 88 2
4 52 42 23 13 93 83 84 86 21 27 86 52 2
5 14 4 15 5 23 13 13 1 4 15 34 41 3
6 17 7 64 54 18 8 33 1 88 100 60 45 2
7 14 4 99 89 75 65 98 83 93 97 32 15 2
8 54 44 97 87 47 37 99 74 42 53 49 71 2
9 32 22 100 90 77 67 43 21 57 9 63 56 1
10 48 38 94 84 49 39 96 80 7 36 18 72 3
11 71 61 80 70 88 78 95 72 24 92 70 100 3
12 87 77 14 4 40 30 83 79 62 61 4 27 1
13 52 42 100 90 49 39 75 18 12 14 44 49 1
14 110 100 48 38 87 77 27 16 21 97 95 54 3
15 54 44 94 84 27 17 9 83 45 99 13 11 3
16 67 57 34 24 100 90 68 53 94 10 59 28 3
17 81 71 33 23 94 84 100 84 45 43 72 74 1
18 40 30 87 77 41 31 10 57 74 26 88 23 2
19 21 11 89 79 50 40 46 45 1 46 13 25 2
20 98 88 36 26 83 73 94 10 4 56 26 98 3
21 53 43 38 28 30 20 45 27 60 91 65 85 3
22 37 27 48 38 58 48 10 43 56 4 95 48 2
23 85 75 58 48 30 20 61 8 88 49 99 43 2
24 46 36 97 87 39 29 16 55 56 96 70 14 3
25 65 55 26 16 86 76 80 63 58 14 50 87 3
26 98 88 45 35 83 73 34 75 83 33 85 71 3
27 48 38 89 79 29 19 86 68 6 45 87 41 2
28 15 5 49 39 76 66 53 60 93 17 49 82 1
29 61 51 34 24 98 88 86 31 10 65 89 95 2
