3 30
748 711 737 
0 42 42 61 60 72 79 85 33 14 34 94 29 1
1 77 70 1 5 50 47 52 28 60 28 20 86 1
2 33 40 10 11 72 81 29 94 75 5 86 84 1
3 1 1 60 56 9 2 95 86 71 8 4 48 2
4 48 50 1 1 61 51 51 4 45 99 71 29 2
5 90 100 37 46 1 1 37 18 44 88 54 56 3
6 55 63 97 90 26 24 13 84 16 50 2 47 1
7 40 42 78 80 10 19 79 82 95 16 8 72 2
8 31 31 108 98 72 72 51 91 81 83 87 27 1
9 77 68 12 15 63 69 58 31 18 3 75 14 2
10 30 30 71 68 7 15 38 47 80 98 63 32 3
11 10 13 24 24 28 34 14 65 14 23 68 48 3
12 62 62 19 13 45 55 41 65 44 90 2 48 3
13 96 98 46 45 94 91 56 14 7 54 77 62 1
14 71 67 9 1 18 28 31 31 72 7 35 60 1
15 12 19 36 41 60 64 86 67 47 85 97 28 3
16 1 7 94 94 69 72 63 89 93 6 40 16 1
17 92 90 84 85 66 71 94 44 65 67 65 26 3
18 15 19 44 42 73 64 34 41 10 35 52 68 3
19 36 44 9 11 77 85 29 37 26 55 25 22 2
20 84 91 97 98 10 4 44 65 86 22 48 78 2
21 47 38 1 4 66 63 54 56 94 53 77 50 1
22 106 98 64 57 4 7 49 32 71 41 76 36 1
23 5 1 69 75 49 58 89 51 68 51 73 15 3
24 28 23 45 41 62 60 23 46 75 37 14 99 1
25 72 66 77 81 90 95 81 12 6 55 28 76 1
26 53 56 81 91 23 33 92 95 34 19 30 47 1
27 91 86 22 16 50 55 76 84 29 78 23 32 2
28 90 80 5 2 20 25 11 31 60 87 94 100 1
29 1 1 65 72 42 50 49 41 83 84 45 28 3
