3 30
212 352 257 
0 18 8 36 26 55 45 25 86 92 89 97 95 2
1 32 22 109 99 85 75 10 13 72 99 68 61 2
2 50 40 85 75 27 17 10 34 10 23 99 70 3
3 37 27 45 35 62 52 57 48 67 12 33 73 3
4 28 18 99 89 69 59 69 92 30 82 39 17 1
5 14 4 15 5 15 5 3 83 83 77 29 40 2
6 13 3 68 58 14 4 39 9 51 39 35 61 1
7 22 12 99 89 83 73 51 40 65 76 44 92 2
8 98 88 41 31 91 81 37 45 94 93 10 22 2
9 16 6 84 74 61 51 79 23 89 97 93 3 1
10 28 18 82 72 29 19 75 25 52 24 89 91 2
11 107 97 16 6 16 6 67 38 22 87 99 30 3
12 43 33 70 60 96 86 71 18 25 36 13 33 1
13 32 22 80 70 29 19 9 76 92 96 48 71 1
14 70 60 108 98 47 37 63 70 58 72 58 14 2
15 62 52 102 92 35 25 8 87 81 1 85 54 3
16 15 5 82 72 56 46 7 70 12 53 8 4 3
17 65 55 17 7 78 68 100 17 51 21 66 58 1
18 12 2 67 57 13 3 3 56 75 69 74 99 3
19 65 55 25 15 94 84 16 71 85 5 30 64 2
20 70 60 16 6 55 45 47 18 2 19 67 11 1
21 29 19 22 12 106 96 5 37 33 52 55 2 3
22 93 83 104 94 14 4 26 55 57 49 23 98 3
23 33 23 98 88 70 60 29 62 79 2 45 32 1
24 38 28 81 71 31 21 52 59 42 67 72 89 2
25 29 19 90 80 42 32 36 26 98 45 86 60 2
26 62 52 109 99 47 37 84 2 90 71 31 36 1
27 28 18 69 59 17 7 63 54 83 67 41 44 3
28 83 73 109 99 44 34 20 71 6 74 68 41 3
29 69 59 34 24 106 96 81 34 14 15 14 25 1
