3 30
718 778 799 
0 66 9 50 28 27 46 93 76 56 49 71 42 2
1 50 58 59 92 75 35 11 2 4 63 20 38 1
2 60 12 60 82 69 53 66 1 20 37 100 54 3
3 16 57 92 3 77 50 27 42 88 42 23 46 3
4 17 90 94 32 62 83 91 5 96 54 23 2 2
5 29 15 37 70 38 16 63 75 7 60 40 97 1
6 93 63 50 89 98 16 89 40 82 46 87 93 2
7 43 77 84 16 16 54 33 48 63 2 53 17 2
8 10 43 71 9 23 76 98 12 17 14 9 61 2
9 94 76 55 22 23 77 27 93 18 100 64 90 1
10 63 13 47 52 40 98 70 87 92 79 39 62 1
11 23 49 95 59 60 70 58 30 53 7 62 47 3
12 51 82 11 32 72 75 1 67 96 38 64 44 2
13 86 58 26 4 67 51 90 21 27 32 51 3 1
14 39 90 11 17 84 51 89 81 13 15 1 37 3
15 72 2 16 25 69 39 9 81 55 68 55 23 1
16 86 87 30 73 75 60 8 71 15 59 78 27 2
17 30 10 66 96 3 91 82 73 83 86 60 29 1
18 34 51 71 73 7 88 23 60 95 70 80 83 1
19 61 8 50 82 46 49 67 13 28 43 75 55 3
20 97 23 94 29 90 36 64 29 23 86 84 14 2
21 15 57 75 24 28 90 88 52 54 56 51 71 2
22 4 50 48 100 1 59 68 72 31 16 59 55 3
23 92 40 76 23 69 97 100 17 57 47 39 19 2
24 17 66 69 85 14 3 84 78 30 27 68 2 3
25 38 66 11 80 83 3 9 53 47 73 8 58 1
26 4 28 32 70 61 5 16 18 57 51 15 21 2
27 43 49 4 88 72 26 34 68 31 4 5 78 3
28 46 67 58 90 71 12 84 24 40 57 64 55 3
29 24 41 33 11 49 90 89 72 35 53 81 16 3
