3 40
1366 1865 1744 
0 41 51 18 69 94 88 48 43 55 4 24 74 3
1 62 3 78 38 87 80 26 99 32 6 94 3 2
2 31 13 32 84 40 62 55 53 59 13 14 55 1
3 71 2 48 57 32 3 70 75 54 59 68 94 1
4 81 43 49 86 18 36 99 98 49 24 76 66 2
5 40 73 49 19 57 74 71 77 19 6 79 74 3
6 89 24 37 51 86 77 88 58 65 37 80 24 1
7 47 19 87 57 28 96 36 53 81 58 57 99 1
8 34 60 86 35 47 1 10 80 63 24 82 35 1
9 18 81 78 28 47 82 27 42 6 68 35 61 3
10 14 83 7 29 91 68 47 55 63 56 62 87 2
11 6 78 79 89 43 99 74 87 47 22 33 13 2
12 6 31 67 82 27 24 50 95 36 41 10 14 2
13 29 15 70 62 18 100 5 19 56 81 24 86 3
14 62 60 35 94 99 21 60 21 54 30 14 8 2
15 55 44 100 66 52 89 23 7 70 8 40 38 3
16 13 76 66 63 10 49 15 100 34 53 82 34 1
17 93 79 30 74 66 68 57 69 65 44 92 95 1
18 62 32 98 47 35 69 4 79 65 18 40 11 1
19 89 85 77 52 74 18 96 3 2 66 40 15 1
20 33 68 21 75 18 81 76 18 94 72 76 18 1
21 34 31 95 89 47 56 79 63 23 10 88 8 2
22 87 19 32 70 84 28 27 14 8 3 42 96 1
23 31 6 24 88 16 63 68 89 67 23 58 75 2
24 96 88 41 6 93 25 45 94 26 24 30 92 2
25 22 23 86 38 59 52 30 43 42 40 87 44 3
26 19 29 48 64 68 6 100 55 79 88 31 19 3
27 99 11 59 49 28 88 81 49 62 66 8 40 1
28 65 61 78 83 90 6 49 85 81 69 32 83 2
29 60 62 68 33 85 3 19 60 46 34 77 46 3
30 68 37 41 67 5 98 57 42 99 15 91 17 3
31 79 31 4 9 36 96 19 24 94 84 35 72 1
32 59 23 88 53 24 84 93 75 68 58 2 26 1
33 10 44 55 35 91 17 44 97 27 84 18 41 3
34 3 39 59 38 16 36 53 39 28 28 36 9 2
35 100 24 69 51 29 85 51 80 1 21 56 64 1
36 60 55 89 38 25 20 8 29 100 23 78 95 2
37 46 28 99 94 59 61 43 35 30 59 71 71 2
38 26 47 78 82 23 24 94 62 25 49 91 28 2
39 51 30 15 88 80 47 23 90 33 3 45 72 1
