3 40
975 964 939 
0 82 72 100 90 19 9 50 76 55 100 50 12 3
1 28 18 105 95 81 71 93 44 59 44 85 45 3
2 22 12 65 55 99 89 45 88 48 94 67 34 3
3 73 63 81 71 98 88 56 82 57 71 71 80 3
4 64 54 35 25 105 95 12 55 14 67 84 5 3
5 22 12 23 13 31 21 92 10 25 90 21 3 2
6 13 3 68 58 14 4 63 98 60 15 23 41 3
7 90 80 75 65 51 41 86 22 46 82 85 85 1
8 26 16 77 67 19 9 76 27 79 30 86 33 1
9 104 94 72 62 49 39 13 59 18 30 30 66 2
10 24 14 70 60 25 15 31 1 70 81 15 81 1
11 15 5 24 14 32 22 13 1 69 11 97 58 2
12 107 97 34 24 60 50 72 24 32 59 22 40 2
13 60 50 108 98 57 47 34 46 2 57 28 3 1
14 18 8 56 46 95 85 83 5 25 65 28 53 1
15 14 4 46 36 87 77 84 32 33 31 49 77 2
16 103 93 78 68 44 34 80 77 16 92 16 85 3
17 61 51 21 11 74 64 76 76 75 63 21 83 2
18 56 46 103 93 57 47 64 83 37 83 71 43 3
19 17 7 77 67 46 36 58 27 34 2 14 6 3
20 106 96 44 34 91 81 89 49 1 10 99 35 3
21 57 47 50 40 34 24 37 4 91 12 8 22 2
22 65 55 76 66 86 76 98 22 76 89 27 92 3
23 77 67 50 40 14 4 25 26 45 7 6 64 1
24 94 84 45 35 87 77 1 89 18 63 25 87 1
25 77 67 38 28 98 88 84 83 36 87 29 91 2
26 70 60 17 7 55 45 90 49 43 4 19 78 2
27 40 30 81 71 21 11 35 13 50 27 48 40 2
28 91 81 25 15 52 42 72 21 14 51 17 75 1
29 29 19 102 92 66 56 59 55 35 90 42 44 1
30 103 93 25 15 40 30 25 94 67 67 79 42 1
31 38 28 83 73 35 25 38 57 20 83 73 95 3
32 91 81 70 60 56 46 70 65 10 46 27 45 1
33 92 82 45 35 89 79 32 85 97 46 29 49 1
34 22 12 17 7 11 1 99 41 28 82 88 42 3
35 88 78 25 15 61 51 64 88 99 80 54 86 1
36 19 9 34 24 56 46 42 52 44 42 76 62 2
37 89 79 25 15 62 52 91 39 92 19 59 2 2
38 92 82 59 49 25 15 25 67 30 88 53 16 1
39 12 2 100 90 97 87 64 25 25 47 66 29 2
