3 40
918 1030 1096 
0 66 61 77 80 88 98 78 11 36 75 74 62 2
1 53 62 92 96 39 31 51 99 5 72 64 83 1
2 82 80 52 58 29 29 72 18 72 16 20 38 3
3 50 57 1 3 66 58 65 73 31 14 24 48 2
4 29 30 67 72 21 23 95 61 82 82 36 84 3
5 38 43 85 90 40 44 65 16 28 46 7 58 3
6 4 7 25 33 67 60 34 87 26 43 16 83 2
7 16 13 48 52 86 90 11 81 67 67 30 23 3
8 24 27 9 1 65 68 13 80 10 68 97 70 2
9 55 60 6 14 62 61 34 5 73 92 22 81 2
10 80 89 37 36 78 74 84 10 73 91 92 44 2
11 25 17 37 27 43 38 70 7 51 46 66 27 2
12 59 62 6 4 63 55 24 46 84 70 88 28 3
13 33 38 81 84 23 23 4 41 26 68 15 20 3
14 78 70 1 5 38 31 72 47 79 24 33 19 3
15 22 22 30 37 54 59 94 2 20 67 56 58 3
16 75 75 58 61 51 48 57 97 98 25 32 71 2
17 52 50 34 44 47 39 100 81 38 69 41 4 2
18 72 71 93 85 1 8 14 65 92 20 8 16 1
19 85 84 58 50 18 17 53 61 83 25 3 96 2
20 67 59 59 65 72 72 77 69 1 10 52 61 3
21 38 37 1 4 65 62 76 10 70 26 53 67 1
22 21 14 77 72 27 23 55 39 5 37 44 82 2
23 10 16 95 91 75 73 42 20 44 66 41 92 3
24 29 22 46 41 63 59 70 75 4 68 3 62 1
25 42 34 55 48 60 63 24 53 57 77 72 94 2
26 90 96 24 30 81 73 84 46 58 59 58 37 1
27 11 9 52 48 70 78 11 60 22 42 73 45 1
28 1 3 34 26 49 48 91 67 29 99 64 87 1
29 48 53 17 23 94 94 100 15 61 59 17 49 2
30 20 11 52 42 76 72 13 45 23 80 57 24 3
31 104 97 79 84 62 70 16 22 25 20 58 41 2
32 27 29 56 60 98 90 41 67 56 14 94 50 3
33 29 19 11 9 108 100 2 7 41 99 44 54 2
34 106 98 92 96 91 95 31 54 33 23 66 46 3
35 46 51 91 85 22 12 67 59 23 85 49 17 2
36 80 82 48 56 39 39 74 94 84 45 7 53 1
37 33 30 103 97 73 63 68 80 63 88 35 2 1
38 39 38 70 72 17 15 32 10 81 6 87 75 2
39 20 20 69 79 37 37 99 1 5 36 93 89 3
