3 40
1587 1379 1737 
0 66 40 51 58 27 77 52 95 59 19 30 53 2
1 95 72 3 15 20 49 29 48 83 62 72 86 1
2 4 82 13 53 13 31 61 11 49 1 53 17 3
3 96 7 73 54 57 8 15 94 77 4 39 32 2
4 46 48 22 99 91 49 70 5 32 51 95 71 1
5 97 70 6 16 14 71 72 95 10 9 39 52 1
6 82 65 30 92 87 18 84 27 27 71 10 38 3
7 28 80 60 26 1 65 10 36 32 82 8 38 3
8 3 53 55 20 16 86 96 89 34 8 89 62 2
9 31 70 91 25 60 79 12 77 78 15 60 72 2
10 83 28 76 74 60 13 48 45 35 36 17 55 3
11 95 15 60 26 32 36 58 66 17 84 34 87 1
12 43 60 4 3 64 45 12 73 99 27 82 53 2
13 78 60 19 99 59 45 14 8 34 27 90 74 1
14 35 77 8 11 80 38 100 47 30 80 15 62 2
15 56 25 9 39 53 62 51 4 8 40 88 44 1
16 30 65 75 52 27 38 42 79 99 90 15 12 1
17 74 28 11 15 47 9 51 54 53 47 81 19 2
18 43 13 79 36 16 50 90 18 90 29 28 20 3
19 34 62 22 37 19 3 100 11 2 73 50 74 3
20 54 29 50 36 47 42 22 23 31 63 42 41 3
21 87 40 40 6 100 73 5 57 34 58 25 51 1
22 88 92 33 43 85 1 49 14 33 65 30 84 1
23 92 35 85 9 69 92 93 45 39 19 40 70 1
24 29 77 74 95 18 14 2 56 72 69 45 52 3
25 3 28 75 43 40 57 73 1 33 58 41 14 3
26 64 98 93 33 13 75 52 31 56 1 6 75 2
27 4 96 72 34 33 73 67 15 93 54 52 87 3
28 98 26 11 48 23 71 55 32 27 79 79 41 2
29 85 23 93 2 10 72 23 7 80 8 12 93 3
30 57 62 30 92 94 23 78 25 58 88 3 52 1
31 100 20 25 6 57 93 10 71 99 56 89 69 1
32 64 32 1 62 29 93 56 12 29 52 63 69 3
33 59 25 96 8 40 98 77 97 3 71 39 42 1
34 72 40 28 39 85 45 81 28 32 56 40 89 2
35 21 33 82 68 42 94 7 3 43 63 15 81 2
36 65 84 94 59 30 41 50 63 19 76 81 91 1
37 7 29 60 95 20 62 59 99 20 3 83 10 2
38 35 8 79 51 32 85 77 3 92 10 75 23 1
39 72 87 36 45 1 96 95 30 21 15 79 71 1
