3 40
344 427 370 
0 7 17 39 36 58 54 96 25 81 79 33 80 1
1 51 46 77 80 24 23 21 35 83 89 61 46 2
2 56 64 39 34 1 5 84 57 4 26 53 58 2
3 53 53 10 7 61 54 68 92 55 31 17 8 2
4 67 74 34 24 59 67 97 42 6 77 9 8 2
5 25 23 80 78 19 24 68 59 19 91 37 83 1
6 73 63 94 89 15 16 8 66 72 10 44 67 3
7 81 73 13 12 51 50 19 75 51 55 53 11 1
8 87 83 43 49 20 16 25 42 43 75 38 78 2
9 39 40 95 86 46 41 56 48 90 85 83 6 1
10 72 69 1 8 49 54 91 17 6 71 90 69 2
11 80 73 92 83 85 94 58 86 79 59 50 53 3
12 53 54 100 96 49 39 7 4 7 82 7 89 3
13 1 2 42 48 92 87 39 4 55 69 82 52 1
14 31 38 74 65 91 99 9 53 22 19 30 69 1
15 24 30 61 53 77 67 21 4 46 2 77 14 2
16 32 39 23 25 8 12 77 41 49 80 48 37 2
17 24 22 6 8 1 3 91 12 90 4 11 1 1
18 1 3 24 25 45 40 49 58 5 97 94 79 1
19 1 8 90 82 42 49 56 46 35 63 60 55 3
20 18 19 31 25 23 32 52 75 25 53 86 48 1
21 4 5 74 64 23 30 56 59 53 96 37 81 3
22 16 6 72 64 14 15 92 75 14 55 14 41 1
23 21 16 93 99 65 73 85 16 2 8 92 52 1
24 68 62 85 81 102 99 16 41 30 92 70 74 1
25 68 62 73 76 86 91 16 6 92 35 9 11 3
26 76 72 18 14 46 49 9 73 14 22 43 58 3
27 42 41 70 80 1 10 91 67 46 20 64 1 2
28 73 63 88 86 3 8 76 81 56 52 46 97 3
29 19 13 88 83 52 62 71 36 40 77 4 28 1
30 1 3 33 34 57 64 33 43 22 37 17 81 1
31 93 85 60 64 43 50 92 61 79 71 41 17 3
32 96 97 38 28 67 58 84 34 16 20 69 4 2
33 21 27 24 17 8 8 25 84 74 73 69 15 2
34 30 26 16 24 15 23 91 80 68 60 82 28 1
35 2 3 39 37 57 64 81 94 35 93 21 20 2
36 69 74 58 48 28 31 54 37 64 39 76 57 2
37 25 26 95 93 52 59 52 45 40 29 100 41 1
38 105 98 23 32 70 75 11 89 93 42 49 91 3
39 43 48 105 99 52 57 12 78 36 74 44 70 3
