3 40
399 334 393 
0 104 94 23 13 41 31 62 16 84 12 98 6 3
1 49 39 25 15 110 100 92 71 73 39 92 11 3
2 57 47 91 81 26 16 23 5 15 97 64 55 3
3 89 79 98 88 14 4 89 4 80 38 25 89 2
4 83 73 53 43 32 22 4 57 39 93 94 26 2
5 59 49 59 49 68 58 95 15 27 48 15 43 2
6 68 58 14 4 69 59 13 45 7 49 47 27 2
7 11 1 87 77 64 54 41 2 39 13 19 10 1
8 101 91 51 41 102 92 19 41 72 38 14 35 1
9 28 18 105 95 73 63 87 6 69 34 15 56 1
10 62 52 17 7 63 53 40 54 96 76 32 49 3
11 12 2 20 10 29 19 26 35 94 60 97 38 2
12 102 92 28 18 55 45 35 68 2 16 62 91 2
13 92 82 41 31 97 87 19 72 25 87 51 94 1
14 32 22 71 61 109 99 68 16 50 11 54 44 2
15 54 44 95 85 27 17 50 81 70 86 34 3 3
16 74 64 40 30 15 5 83 93 75 42 50 78 3
17 41 31 94 84 46 36 51 57 24 41 13 65 3
18 87 77 41 31 96 86 98 39 91 56 32 38 3
19 37 27 106 96 66 56 60 53 30 29 5 25 2
20 64 54 11 1 49 39 47 6 48 9 63 19 1
21 34 24 18 8 11 1 67 11 29 54 19 61 3
22 108 98 18 8 29 19 51 7 57 19 45 37 1
23 46 36 110 100 83 73 12 21 18 28 71 10 2
24 101 91 51 41 94 84 99 50 57 86 23 85 2
25 78 68 38 28 99 89 26 38 13 52 65 55 1
26 21 11 67 57 14 4 4 4 62 58 85 13 2
27 101 91 49 39 90 80 25 90 63 63 44 47 2
28 37 27 64 54 98 88 71 43 74 88 55 94 3
29 66 56 38 28 11 1 13 90 1 75 92 9 2
30 97 87 20 10 34 24 58 63 50 70 90 78 3
31 91 81 43 33 88 78 70 92 12 24 63 91 3
32 18 8 104 94 83 73 55 72 64 88 55 76 1
33 77 67 21 11 74 64 48 4 17 54 55 38 2
34 29 19 23 13 18 8 62 59 43 46 65 59 3
35 49 39 85 75 22 12 8 61 34 90 14 79 2
36 30 20 44 34 67 57 64 27 6 62 29 32 1
37 41 31 78 68 14 4 71 66 95 62 39 26 1
38 47 37 13 3 80 70 85 35 33 12 69 61 3
39 20 10 17 7 105 95 87 84 42 89 35 91 2
