3 40
406 406 377 
0 66 62 85 80 96 99 35 28 88 12 91 13 2
1 39 34 78 69 12 11 45 14 87 88 43 19 3
2 53 44 9 15 100 93 37 100 19 66 62 87 1
3 7 5 58 52 15 6 76 49 21 14 13 47 1
4 29 30 67 73 21 23 5 50 14 29 54 93 2
5 76 76 23 22 78 77 2 17 60 22 50 99 3
6 81 83 2 10 44 36 53 13 81 91 8 10 2
7 52 58 103 96 43 35 70 89 23 72 36 92 1
8 82 75 38 42 15 8 36 92 73 1 16 36 2
9 81 84 32 39 88 85 83 74 2 33 13 39 2
10 46 38 74 84 23 23 19 47 56 79 8 34 3
11 35 41 62 52 53 62 53 86 67 41 8 67 2
12 13 10 70 61 1 3 34 36 67 33 79 3 3
13 75 78 25 17 73 63 17 24 21 87 99 19 3
14 46 43 84 77 14 4 100 62 19 30 95 82 3
15 68 71 76 85 1 8 44 86 31 58 58 37 3
16 79 87 64 74 55 60 41 88 41 69 94 1 2
17 29 38 42 33 32 27 51 78 46 12 7 7 3
18 37 43 66 66 95 88 40 26 87 66 39 19 2
19 108 100 60 67 49 41 78 96 25 100 53 92 1
20 100 99 13 6 5 12 76 31 95 84 63 2 3
21 7 14 77 72 47 39 12 80 73 27 42 71 3
22 47 46 97 97 53 55 43 81 74 96 12 29 3
23 76 85 69 59 49 42 20 78 98 99 14 79 1
24 17 7 34 25 51 44 24 3 48 99 64 26 2
25 16 18 29 33 55 47 3 43 31 4 69 23 1
26 70 60 85 95 40 37 49 8 77 49 59 76 1
27 36 34 54 64 1 3 28 34 44 43 41 89 2
28 94 96 22 18 37 41 43 96 34 16 30 40 3
29 96 93 73 72 42 42 57 95 81 4 7 24 3
30 29 20 45 42 77 73 9 100 45 64 21 17 2
31 39 34 6 12 89 99 32 50 61 38 12 66 1
32 4 6 46 36 67 67 40 83 84 6 69 18 3
33 74 71 50 54 53 44 27 31 49 70 73 7 1
34 30 30 37 29 23 27 8 56 72 73 88 25 2
35 8 7 47 42 76 68 26 35 21 18 50 2 1
36 40 34 10 17 99 91 86 89 8 94 79 44 3
37 20 27 98 93 68 60 15 28 96 33 24 42 3
38 88 78 27 21 45 55 21 86 41 93 24 37 1
39 66 73 34 31 83 90 58 45 31 88 20 40 1
