3 40
369 480 335 
0 60 50 78 68 97 87 89 79 33 80 49 87 1
1 86 76 63 53 39 29 57 94 61 22 89 62 1
2 68 58 103 93 45 35 35 15 71 88 39 32 2
3 23 13 39 29 48 38 67 75 22 71 1 36 2
4 102 92 73 63 43 33 35 50 49 94 85 16 1
5 68 58 77 67 77 67 50 82 2 73 61 77 3
6 15 5 70 60 16 6 1 52 91 57 99 50 1
7 48 38 25 15 101 91 15 26 87 21 40 58 3
8 52 42 95 85 45 35 30 8 28 29 76 44 1
9 50 40 18 8 87 77 85 67 96 82 32 9 2
10 18 8 64 54 19 9 32 41 21 4 12 73 3
11 29 19 38 28 46 36 43 56 20 65 41 96 1
12 81 71 108 98 34 24 12 5 76 94 2 66 2
13 46 36 94 84 51 41 83 72 11 76 2 8 1
14 48 38 86 76 25 15 32 12 29 40 6 59 3
15 68 58 100 90 41 31 74 72 17 13 69 6 2
16 81 71 48 38 22 12 42 82 19 77 46 9 3
17 107 97 59 49 12 2 17 77 86 42 19 36 3
18 42 32 97 87 43 33 97 84 16 7 92 20 1
19 35 25 95 85 64 54 51 31 12 16 72 76 3
20 96 86 34 24 81 71 85 52 100 66 87 84 3
21 95 85 88 78 72 62 64 85 88 42 5 86 3
22 39 29 50 40 60 50 3 30 22 27 34 96 3
23 47 37 20 10 84 74 62 32 63 49 43 61 2
24 44 34 87 77 29 19 89 98 55 10 92 27 1
25 59 49 20 10 80 70 50 20 82 28 69 55 3
26 52 42 99 89 37 27 38 92 13 1 99 61 3
27 30 20 71 61 19 9 28 49 92 88 50 100 1
28 25 15 59 49 86 76 49 62 46 54 79 3 3
29 83 73 48 38 20 10 72 32 16 26 60 84 1
30 57 47 79 69 102 92 73 98 93 32 62 28 3
31 40 30 93 83 37 27 3 15 90 12 41 59 3
32 69 59 56 46 42 32 79 20 8 75 89 60 1
33 18 8 63 53 15 5 91 75 5 75 94 32 2
34 12 2 107 97 93 83 55 41 81 16 31 17 2
35 58 48 95 85 31 21 57 39 90 33 8 69 2
36 89 79 104 94 26 16 92 72 33 29 1 64 1
37 51 41 87 77 24 14 23 47 26 6 6 86 3
38 54 44 21 11 95 85 1 36 55 40 59 1 3
39 102 92 90 80 87 77 78 89 6 62 46 50 3
