3 40
1456 1589 1578 
0 81 71 100 90 18 8 88 47 55 30 5 61 1
1 42 32 26 16 103 93 85 51 90 76 65 48 3
2 50 40 84 74 27 17 2 92 57 36 89 57 1
3 98 88 107 97 23 13 87 91 40 28 85 91 2
4 100 90 70 60 41 31 30 85 46 23 16 42 3
5 32 22 40 30 41 31 40 65 92 28 80 8 2
6 65 55 19 9 66 56 80 85 5 34 39 60 3
7 28 18 104 94 81 71 28 55 26 72 62 15 2
8 26 16 76 66 19 9 62 42 58 95 10 85 1
9 33 23 102 92 78 68 52 72 66 50 9 68 1
10 91 81 38 28 92 82 78 29 24 68 57 13 1
11 105 95 13 3 22 12 8 23 45 4 8 21 1
12 31 21 57 47 84 74 92 45 44 22 12 32 1
13 33 23 82 72 30 20 66 20 68 20 10 78 3
14 81 71 20 10 58 48 41 20 37 81 13 87 3
15 11 1 52 42 84 74 100 80 90 91 5 18 1
16 63 53 29 19 96 86 66 85 62 79 47 21 3
17 42 32 95 85 55 45 30 19 18 18 17 88 3
18 32 22 86 76 33 23 28 16 66 9 77 1 1
19 70 60 31 21 99 89 61 57 98 12 30 45 3
20 57 47 96 86 42 32 52 100 31 41 94 9 2
21 43 33 35 25 20 10 22 83 91 36 52 33 1
22 41 31 51 41 62 52 84 1 26 68 69 13 3
23 47 37 11 1 84 74 38 98 7 36 99 30 3
24 46 36 88 78 39 29 43 41 62 24 49 7 1
25 103 93 63 53 24 14 69 72 85 37 49 5 3
26 38 28 76 66 23 13 21 76 43 29 72 56 2
27 82 72 30 20 71 61 94 13 41 86 77 83 2
28 18 8 53 43 79 69 72 11 50 60 87 87 2
29 31 21 103 93 76 66 32 12 57 38 12 52 1
30 54 44 77 67 91 81 82 83 41 46 25 68 2
31 76 66 20 10 73 63 43 47 81 54 21 71 3
32 79 69 65 55 52 42 67 73 77 50 89 37 1
33 90 80 42 32 87 77 17 95 24 42 58 17 3
34 34 24 28 18 23 13 40 30 59 73 89 87 2
35 74 64 102 92 39 29 3 44 5 89 61 83 2
36 39 29 61 51 84 74 29 24 13 47 96 65 1
37 74 64 11 1 47 37 26 65 24 90 15 16 2
38 68 58 42 32 109 99 25 15 15 82 77 13 3
39 13 3 102 92 98 88 62 19 25 28 45 26 2
