3 40
1594 1647 1636 
0 59 49 78 68 96 86 34 93 51 27 18 26 1
1 100 90 84 74 61 51 100 49 92 65 34 66 1
2 96 86 30 20 73 63 30 29 45 75 16 41 1
3 48 38 65 55 73 63 54 63 70 13 26 53 2
4 38 28 108 98 79 69 69 96 67 70 49 67 1
5 86 76 86 76 95 85 98 39 46 69 45 4 2
6 67 57 13 3 68 58 31 40 61 78 9 92 1
7 78 68 54 44 31 21 18 5 79 92 79 96 2
8 52 42 94 84 45 35 71 98 60 78 60 19 2
9 71 61 48 38 16 6 59 23 45 95 2 20 1
10 85 75 32 22 86 76 26 67 75 39 40 93 1
11 19 9 27 17 36 26 35 9 81 69 43 89 3
12 105 95 31 21 58 48 40 98 60 49 42 37 3
13 19 9 68 58 24 14 57 44 1 82 41 74 1
14 11 1 50 40 88 78 66 12 3 95 96 9 2
15 65 55 106 96 38 28 91 99 50 5 20 14 1
16 33 23 107 97 74 64 56 42 21 93 35 5 2
17 88 78 41 31 93 83 100 37 21 66 79 50 3
18 18 8 72 62 19 9 22 53 20 42 45 56 3
19 88 78 49 39 17 7 100 90 30 86 54 46 1
20 47 37 86 76 32 22 100 97 11 76 74 50 3
21 81 71 73 63 58 48 80 83 6 71 49 35 3
22 15 5 25 15 36 26 88 97 5 85 42 27 2
23 17 7 81 71 54 44 87 10 15 64 30 53 1
24 88 78 38 28 81 71 47 97 14 59 97 32 3
25 85 75 45 35 106 96 33 24 58 88 24 88 1
26 20 10 58 48 105 95 15 19 49 38 76 67 1
27 80 70 20 10 61 51 84 54 56 8 76 17 1
28 52 42 87 77 13 3 17 40 38 9 3 69 3
29 85 75 57 47 30 20 49 82 42 92 91 50 3
30 108 98 31 21 45 35 3 39 3 43 77 62 2
31 78 68 30 20 83 73 32 11 96 24 63 11 3
32 65 55 43 33 30 20 32 31 36 68 66 94 1
33 16 6 60 50 13 3 47 53 41 55 12 62 3
34 16 6 110 100 105 95 35 46 9 22 49 18 2
35 36 26 72 62 109 99 43 35 92 72 7 23 1
36 109 99 31 21 46 36 94 22 97 97 67 7 1
37 36 26 73 63 109 99 69 33 94 53 57 8 3
38 30 20 104 94 71 61 71 55 33 8 85 38 3
39 103 93 92 82 88 78 43 69 17 46 12 81 3
