3 40
1242 824 1028 
0 99 29 76 47 52 66 42 44 52 48 18 92 2
1 20 49 28 84 45 26 45 9 99 42 98 15 3
2 77 51 86 30 86 100 28 25 34 51 43 70 1
3 21 4 6 59 82 5 94 1 65 31 5 34 2
4 19 61 95 12 64 54 19 82 25 92 36 66 1
5 62 59 63 13 71 60 48 17 5 37 95 75 2
6 75 98 31 33 80 59 19 5 85 49 47 78 2
7 1 49 41 87 82 26 82 29 84 87 36 96 1
8 72 38 32 5 85 79 17 18 73 43 72 3 2
9 36 67 4 22 65 68 25 85 28 17 14 98 3
10 52 73 45 19 29 58 77 15 64 25 58 77 2
11 76 60 49 71 21 73 69 2 67 46 42 6 3
12 80 81 41 24 1 74 81 59 95 41 71 46 3
13 19 97 60 44 8 82 22 53 94 71 99 33 3
14 16 94 81 28 53 55 78 40 67 23 91 57 3
15 57 98 10 20 54 43 66 19 70 70 55 8 2
16 39 62 92 41 36 27 83 11 22 68 48 4 3
17 55 69 92 64 28 50 28 62 64 55 22 90 3
18 24 94 60 17 97 39 87 73 18 28 74 79 3
19 79 47 67 14 64 88 62 5 37 94 75 9 2
20 75 98 71 5 68 3 55 10 72 93 44 70 3
21 40 57 93 23 53 90 74 73 83 56 35 42 3
22 89 65 42 16 86 74 66 55 94 18 47 70 1
23 53 56 38 38 30 21 1 82 94 66 37 71 1
24 54 58 7 84 51 3 24 25 60 21 24 2 3
25 92 41 56 56 29 70 67 100 34 76 68 82 3
26 9 67 38 10 58 44 39 87 45 100 79 61 1
27 17 81 77 19 46 50 1 72 21 91 87 1 2
28 31 91 44 13 56 36 97 74 92 66 6 86 2
29 10 92 26 63 35 33 76 75 61 10 85 48 3
30 46 87 11 17 83 48 13 41 40 30 42 92 1
31 21 17 46 3 78 90 93 47 32 61 8 42 1
32 77 49 6 79 42 10 3 72 49 95 95 29 3
33 8 98 45 89 89 71 8 89 68 19 31 20 2
34 41 49 97 48 54 46 45 22 74 4 7 6 2
35 34 50 95 77 63 11 46 51 12 45 28 2 1
36 70 5 99 80 35 62 31 71 49 94 27 15 1
37 68 22 29 88 81 55 75 48 52 42 44 25 1
38 36 77 88 12 33 54 25 75 11 46 84 32 2
39 85 44 49 94 14 53 30 100 7 23 95 8 3
