3 40
1462 1616 1593 
0 79 6 55 25 32 43 28 67 90 87 35 47 2
1 3 15 12 57 28 92 12 45 27 50 66 54 3
2 41 33 49 3 50 74 34 12 25 1 31 4 3
3 9 58 85 4 62 59 86 24 40 9 30 86 1
4 94 87 63 29 39 80 40 56 69 38 44 53 1
5 66 20 74 75 75 21 65 55 62 85 86 75 2
6 42 4 91 30 39 57 1 53 38 59 43 72 2
7 60 34 1 73 33 11 3 61 68 98 83 81 1
8 99 68 52 34 4 9 5 8 45 2 40 97 3
9 15 29 76 83 44 38 75 97 86 5 65 82 1
10 84 14 68 53 61 99 76 40 11 85 73 15 2
11 16 10 88 20 53 31 91 16 98 59 87 75 2
12 88 75 40 17 1 68 79 47 6 73 64 41 2
13 59 47 99 85 40 32 95 8 50 47 10 82 1
14 72 55 44 82 17 16 18 49 93 92 93 22 2
15 5 3 49 26 2 48 50 45 67 34 70 79 1
16 63 36 7 14 60 1 15 13 78 46 21 35 2
17 3 63 31 57 68 44 89 100 83 54 32 51 2
18 71 92 8 6 44 29 25 75 46 75 91 13 3
19 62 93 59 59 47 34 24 64 14 15 88 86 3
20 14 80 11 86 7 93 82 40 12 75 66 26 3
21 8 22 68 81 21 47 18 82 99 49 60 60 3
22 29 79 81 37 34 88 44 21 34 18 97 94 3
23 1 45 93 20 86 2 95 48 98 78 40 36 3
24 38 51 82 70 27 88 80 69 19 83 43 5 3
25 23 67 96 81 60 4 96 7 35 29 69 15 1
26 97 41 25 83 46 18 61 39 20 32 19 55 2
27 88 26 57 57 25 95 23 39 87 25 41 34 3
28 3 28 15 51 28 73 85 17 56 88 96 50 1
29 93 82 10 52 18 23 47 2 72 1 67 88 3
30 78 28 50 59 15 89 17 48 80 90 23 37 1
31 69 82 93 61 26 47 46 83 34 9 66 95 2
32 53 14 89 45 18 75 61 87 87 69 23 49 2
33 36 8 80 98 17 81 83 37 63 85 45 65 1
34 72 35 29 33 77 32 61 58 43 76 61 85 2
35 90 20 58 46 19 81 100 42 99 54 2 78 3
36 54 95 90 77 19 52 49 70 51 49 10 13 2
37 12 27 64 94 25 60 75 92 3 36 37 58 1
38 75 59 28 1 72 44 42 69 67 52 7 77 1
39 44 97 9 56 73 14 91 21 13 37 93 49 1
