3 40
1318 1510 1523 
0 23 28 55 46 66 65 10 62 60 36 42 18 3
1 5 4 44 39 70 73 90 65 19 69 72 49 1
2 37 30 1 1 76 71 54 78 47 34 32 8 3
3 13 7 64 54 1 8 52 50 33 69 5 61 3
4 64 60 10 11 56 53 96 29 82 96 7 90 2
5 85 94 53 48 100 95 74 52 13 19 33 39 3
6 59 53 88 80 9 6 76 50 80 92 3 54 1
7 65 68 16 6 35 45 30 54 6 27 93 61 1
8 52 49 16 16 72 82 95 46 20 47 45 13 3
9 13 18 64 73 20 19 77 92 14 46 99 38 1
10 79 76 7 14 56 61 60 23 91 87 21 49 3
11 9 11 23 22 35 32 44 88 4 12 28 27 2
12 80 76 29 19 76 69 3 12 99 68 78 94 3
13 15 24 65 71 13 9 87 48 11 29 76 95 3
14 51 49 81 83 11 10 23 37 91 83 68 39 1
15 3 1 27 23 51 46 22 32 76 50 94 9 2
16 54 45 31 24 1 10 50 11 70 47 8 65 2
17 88 84 80 79 70 73 49 3 19 68 57 40 3
18 46 41 54 64 75 78 40 100 80 51 25 14 1
19 1 6 74 73 42 47 4 36 36 61 52 31 1
20 21 17 34 24 18 22 80 77 98 100 3 84 2
21 16 12 86 78 43 45 39 55 80 77 69 57 1
22 1 8 69 59 17 17 27 20 91 37 89 13 2
23 37 27 17 9 81 84 60 21 4 10 18 85 2
24 90 89 7 7 24 26 65 36 83 69 26 68 2
25 77 72 90 87 1 1 64 24 8 73 22 46 1
26 33 38 77 81 11 15 10 60 7 63 16 1 3
27 25 32 72 70 13 9 63 12 37 5 24 45 3
28 9 6 24 28 60 51 71 49 30 47 47 52 3
29 1 3 65 74 50 52 12 45 86 20 39 14 2
30 68 78 1 8 45 39 86 85 81 61 90 32 2
31 58 52 41 38 24 25 28 87 22 2 22 97 2
32 11 4 32 34 61 65 48 76 7 40 48 31 2
33 11 9 87 92 90 82 90 87 21 38 36 72 2
34 98 92 84 91 91 89 27 93 42 56 44 40 2
35 24 29 63 64 100 90 22 6 99 39 54 98 3
36 92 92 83 75 51 49 22 12 7 30 23 75 1
37 40 37 10 3 67 70 13 100 67 50 55 64 2
38 98 88 29 23 55 65 31 72 66 22 87 24 2
39 29 39 97 97 46 56 72 96 11 48 100 12 1
