3 40
1064 1034 946 
0 47 39 58 58 69 76 47 98 45 85 24 12 1
1 102 100 49 42 75 77 57 58 7 73 54 21 3
2 27 26 102 96 66 67 42 68 23 30 25 45 2
3 62 59 1 5 49 52 86 80 11 84 29 77 3
4 40 48 94 98 40 49 58 49 32 2 56 5 1
5 42 37 89 84 44 38 49 38 18 51 71 81 1
6 99 89 20 15 49 42 62 5 42 25 22 58 2
7 38 43 91 82 29 20 70 29 84 84 57 33 1
8 12 5 68 71 40 46 46 20 12 26 55 53 1
9 55 54 90 100 62 55 31 55 99 66 71 28 2
10 76 79 25 18 74 64 25 38 2 94 6 20 2
11 88 91 1 1 14 12 45 35 87 66 27 84 2
12 6 4 61 54 89 97 63 71 60 36 30 97 3
13 24 20 72 66 1 5 28 1 20 68 59 87 3
14 1 4 45 39 75 65 75 66 94 63 20 44 3
15 69 76 85 91 22 13 46 21 89 90 18 43 1
16 51 61 55 47 32 26 15 55 99 95 7 23 3
17 34 32 24 26 16 21 30 57 63 22 15 31 3
18 40 33 48 55 77 78 22 67 76 73 67 95 2
19 47 46 20 12 88 87 88 32 5 59 7 75 1
20 82 89 95 95 8 2 16 36 26 74 100 29 2
21 71 71 28 38 98 96 21 29 61 19 55 21 3
22 62 60 10 18 60 69 92 42 98 97 38 11 1
23 72 66 52 49 16 23 57 37 2 10 5 92 2
24 88 92 5 11 22 29 62 88 22 53 16 75 3
25 47 44 68 66 81 81 43 38 75 23 72 73 2
26 33 34 67 68 3 11 77 39 98 14 95 98 1
27 62 71 3 10 50 48 24 39 40 57 56 76 1
28 29 33 57 56 72 78 9 51 1 12 46 66 2
29 90 83 46 53 15 24 91 35 77 94 14 65 3
30 58 61 74 84 6 14 68 89 26 65 61 31 2
31 88 91 84 78 59 56 7 82 36 24 59 67 2
32 72 63 93 94 22 24 43 36 12 98 5 73 3
33 79 73 53 63 58 54 90 64 97 39 49 72 3
34 22 16 8 14 7 13 55 77 22 53 68 56 3
35 74 77 11 11 29 38 95 22 98 100 46 19 1
36 31 24 7 6 90 81 64 15 27 10 36 52 1
37 29 32 107 99 56 65 50 55 18 24 91 74 1
38 68 68 7 2 54 45 57 6 58 72 15 95 2
39 42 34 91 93 59 51 43 70 85 79 17 82 3
