3 40
333 418 383 
0 15 85 92 3 76 22 7 2 62 34 13 43 1
1 28 33 44 76 53 10 7 51 66 67 98 34 1
2 77 35 86 6 86 76 41 96 61 18 92 68 3
3 29 8 6 55 82 1 59 5 58 54 27 95 1
4 3 5 79 56 48 6 22 93 73 1 21 2 1
5 90 47 99 93 7 48 37 69 57 59 87 43 2
6 55 62 3 89 60 15 65 33 5 71 84 30 3
7 17 9 49 47 90 86 74 88 78 29 19 89 3
8 56 86 16 61 69 27 92 33 4 74 46 62 3
9 80 47 40 94 9 48 97 7 16 10 87 92 3
10 36 53 21 91 13 38 79 32 49 40 20 50 2
11 24 8 89 19 61 29 75 61 38 41 68 55 3
12 36 73 97 16 57 66 34 67 20 51 88 83 2
13 99 61 48 8 88 46 51 1 84 83 36 82 1
14 16 62 89 88 61 23 6 32 90 69 12 67 2
15 69 14 22 28 66 51 62 65 7 3 53 24 1
16 91 26 36 5 80 91 34 68 3 72 9 50 3
17 87 33 24 28 60 22 15 26 70 63 58 52 3
18 40 34 76 49 13 71 64 26 42 79 69 84 3
19 51 71 47 46 36 12 31 37 69 66 46 90 3
20 59 50 55 57 52 63 70 67 31 25 86 33 2
21 44 25 5 91 65 50 6 35 76 87 84 21 3
22 1 49 46 8 98 58 99 31 47 5 14 55 1
23 81 64 74 38 66 21 74 91 16 51 9 12 3
24 70 6 23 24 67 43 63 23 78 31 16 95 2
25 32 69 4 84 69 98 49 41 12 26 3 35 3
26 89 43 18 86 38 20 6 76 22 49 96 71 3
27 53 13 13 43 82 82 53 91 19 42 41 35 1
28 55 43 68 65 80 88 94 55 52 54 53 76 1
29 18 52 34 23 43 1 92 51 76 41 16 16 1
30 94 79 59 9 31 40 87 5 23 82 94 68 3
31 5 5 38 91 62 70 15 20 44 77 40 55 2
32 13 17 42 47 78 78 73 82 6 65 70 49 2
33 96 6 33 97 77 79 45 88 91 47 6 38 3
34 17 77 73 76 30 74 7 75 95 59 84 4 2
35 2 2 63 29 31 63 24 76 64 77 79 21 2
36 90 97 27 80 55 54 93 81 83 39 88 63 1
37 20 18 81 84 33 51 62 92 63 30 41 53 3
38 56 37 8 80 53 14 11 88 43 30 17 49 1
39 53 64 17 22 82 81 34 25 32 20 64 32 2
