3 40
408 440 386 
0 90 96 67 14 43 33 70 58 4 31 64 72 1
1 3 64 11 99 28 41 94 5 29 48 82 16 1
2 4 66 5 37 13 7 5 18 92 32 1 67 1
3 4 3 81 58 57 4 84 70 11 13 96 93 2
4 38 92 6 43 75 93 61 49 39 32 43 17 1
5 33 50 42 4 50 51 48 9 100 2 66 22 1
6 62 21 10 48 59 74 55 30 86 69 14 73 3
7 36 40 76 78 9 17 95 94 78 68 36 11 2
8 87 1 39 68 100 42 15 4 78 19 11 75 1
9 67 50 35 5 96 51 65 40 45 14 43 40 3
10 67 8 52 46 44 93 80 2 98 79 56 100 3
11 35 71 8 82 72 92 42 3 74 11 45 26 1
12 99 44 60 95 20 37 72 8 29 15 31 9 1
13 58 24 99 63 39 9 57 7 91 42 57 69 3
14 43 45 16 71 88 6 14 5 79 53 51 76 2
15 68 33 13 55 65 78 82 84 73 34 80 66 2
16 74 29 27 16 71 2 62 28 83 53 99 14 1
17 6 92 43 87 79 81 40 66 81 26 82 99 2
18 59 45 95 68 32 90 45 76 84 43 32 29 3
19 6 94 2 61 91 35 87 57 91 74 43 26 3
20 38 89 34 96 31 2 24 86 74 90 46 9 2
21 91 8 52 74 12 33 17 30 27 59 48 59 1
22 92 76 45 35 97 85 16 12 58 4 33 83 2
23 28 35 13 17 5 92 24 30 78 88 22 43 3
24 45 17 90 35 34 54 67 40 74 23 9 16 3
25 51 56 15 79 88 93 69 98 53 71 34 64 2
26 44 74 73 17 93 51 93 62 1 78 16 79 2
27 40 28 8 66 69 97 52 64 34 29 41 98 2
28 22 78 35 100 47 23 70 8 92 76 39 97 2
29 93 91 1 62 18 32 70 35 22 22 67 89 1
30 5 54 78 84 42 15 64 3 28 46 24 98 2
31 84 8 17 94 41 73 70 25 7 62 7 22 3
32 100 100 37 30 65 61 82 10 98 87 63 40 2
33 47 33 92 16 28 6 42 26 40 33 73 95 2
34 48 68 4 67 61 65 85 28 29 30 68 15 1
35 81 85 50 20 10 54 34 60 6 54 20 65 3
36 85 76 22 51 50 33 14 51 71 32 75 19 1
37 59 17 20 83 72 50 90 29 65 80 76 59 1
38 55 76 99 11 52 53 14 65 87 42 53 97 1
39 40 7 4 65 69 24 10 80 19 12 2 61 2
