3 40
1512 1802 1541 
0 26 16 44 34 63 53 53 57 68 46 3 42 1
1 12 2 89 79 65 55 90 22 35 41 56 88 1
2 38 28 73 63 15 5 42 52 14 73 91 4 2
3 57 47 73 63 82 72 69 20 1 7 89 36 3
4 80 70 51 41 29 19 68 19 67 62 19 61 1
5 22 12 23 13 31 21 73 24 14 34 8 10 1
6 17 7 64 54 18 8 51 48 82 40 50 71 3
7 90 80 67 57 43 33 74 100 81 54 70 40 3
8 82 72 33 23 75 65 3 15 10 98 69 13 2
9 20 10 88 78 65 55 4 28 79 89 53 1 3
10 36 26 90 80 37 27 56 86 8 74 100 9 2
11 87 77 96 86 96 86 27 46 3 32 28 40 1
12 43 33 78 68 104 94 36 21 64 97 41 36 2
13 80 70 28 18 77 67 58 50 21 72 29 80 3
14 66 56 104 94 43 33 15 73 76 72 26 24 2
15 106 96 38 28 79 69 60 20 66 43 23 80 3
16 55 45 22 12 88 78 29 1 70 1 66 79 2
17 77 67 37 27 90 80 41 71 83 35 20 8 3
18 76 66 31 21 77 67 53 61 25 83 34 60 2
19 73 63 33 23 102 92 42 20 41 91 43 52 2
20 26 16 72 62 11 1 31 14 96 6 20 50 2
21 81 71 66 56 58 48 95 82 76 29 14 21 2
22 109 99 20 10 30 20 13 68 97 56 73 83 1
23 37 27 102 92 74 64 33 16 83 7 60 41 1
24 102 92 53 43 95 85 34 89 5 13 47 65 2
25 21 11 82 72 42 32 43 41 47 13 93 46 2
26 106 96 45 35 91 81 74 69 86 49 73 72 1
27 60 50 101 91 41 31 86 61 96 49 38 65 2
28 31 21 57 47 92 82 41 95 46 16 8 18 3
29 21 11 94 84 66 56 62 8 73 21 44 85 1
30 95 85 109 99 32 22 67 21 40 38 94 19 1
31 26 16 79 69 23 13 27 96 64 9 17 59 1
32 27 17 106 96 92 82 21 19 90 98 97 36 2
33 48 38 93 83 45 35 18 73 43 14 66 82 2
34 58 48 53 43 39 29 80 59 81 36 47 60 3
35 64 54 101 91 37 27 44 62 5 28 33 66 2
36 79 69 102 92 24 14 25 90 41 32 61 98 2
37 65 55 101 91 38 28 95 37 57 38 86 33 3
38 60 50 27 17 101 91 9 28 88 91 81 98 1
39 32 22 28 18 17 7 52 43 44 44 25 79 1
