3 40
1049 1042 895 
0 93 83 11 1 30 20 88 4 82 84 34 3 1
1 95 85 72 62 56 46 48 79 6 39 79 20 1
2 53 43 88 78 30 20 4 80 20 33 20 80 1
3 40 30 56 46 65 55 7 95 22 15 99 17 2
4 87 77 66 56 36 26 46 19 71 7 58 36 2
5 49 39 50 40 58 48 29 13 64 90 12 56 1
6 16 6 63 53 17 7 79 85 15 48 2 86 1
7 65 55 42 32 26 16 68 57 93 94 10 4 3
8 13 3 64 54 14 4 18 27 99 31 30 38 3
9 31 21 107 97 76 66 35 21 75 23 76 65 1
10 27 17 81 71 28 18 80 93 55 3 7 86 2
11 58 48 67 57 75 65 48 92 41 41 96 32 2
12 66 56 93 83 19 9 75 61 42 29 77 90 2
13 59 49 15 5 64 54 12 3 73 7 8 39 2
14 57 47 95 85 34 24 50 30 47 21 92 87 3
15 33 23 73 63 106 96 72 37 29 80 8 26 2
16 18 8 85 75 51 41 33 71 4 86 41 86 3
17 92 82 44 34 105 95 67 88 18 75 97 12 1
18 59 49 14 4 60 50 51 73 18 91 18 95 3
19 104 94 64 54 33 23 82 96 42 40 80 75 3
20 61 51 107 97 46 36 92 63 97 5 30 91 2
21 88 78 81 71 65 55 60 22 81 12 31 83 2
22 28 18 39 29 49 39 47 79 52 73 77 40 1
23 96 86 61 51 33 23 78 64 57 51 87 6 1
24 73 63 16 6 66 56 5 65 55 32 29 14 1
25 40 30 101 91 61 51 37 84 25 10 70 87 2
26 33 23 72 62 18 8 57 84 86 65 99 17 2
27 91 81 40 30 80 70 76 32 2 28 18 75 3
28 82 72 108 98 43 33 96 39 46 27 58 77 1
29 48 38 21 11 93 83 34 97 86 44 66 50 3
30 22 12 44 34 67 57 68 57 99 66 15 73 1
31 37 27 82 72 34 24 85 52 23 54 27 8 2
32 94 84 81 71 67 57 80 52 51 93 11 23 1
33 83 73 28 18 80 70 39 82 29 20 19 28 3
34 81 71 76 66 70 60 24 73 35 70 69 51 3
35 107 97 44 34 80 70 29 67 11 32 2 98 2
36 38 28 53 43 75 65 35 88 74 91 41 32 1
37 108 98 44 34 81 71 89 33 95 77 81 69 3
38 107 97 74 64 48 38 66 18 63 51 23 19 2
39 67 57 63 53 52 42 48 70 79 18 75 51 3
