3 40
1718 1664 1529 
0 7 17 39 35 50 54 44 34 29 9 38 37 2
1 65 73 12 8 59 50 89 37 21 75 52 97 2
2 91 99 68 70 30 40 39 26 66 92 12 54 1
3 1 4 53 59 10 5 38 62 58 8 46 36 1
4 67 73 34 24 59 66 20 17 14 40 50 100 3
5 87 91 42 45 102 92 17 28 48 66 59 58 1
6 96 86 17 13 38 39 64 11 44 80 46 59 2
7 39 29 85 75 17 14 24 85 86 10 90 55 3
8 42 34 6 1 70 75 3 55 92 8 61 60 2
9 13 15 77 70 20 16 96 39 68 23 20 75 2
10 14 21 55 59 12 6 19 67 98 85 26 100 3
11 55 48 69 59 73 69 18 33 35 23 40 37 2
12 89 97 46 48 93 90 85 34 39 49 70 51 1
13 79 69 1 8 48 54 100 47 43 6 70 11 1
14 76 66 85 92 23 27 98 31 49 12 65 70 2
15 78 82 1 4 10 19 23 93 40 77 83 3 2
16 34 34 27 21 102 99 64 63 73 13 7 34 3
17 29 25 21 20 11 14 29 55 3 38 51 70 1
18 30 30 51 45 59 67 40 67 4 13 39 97 1
19 99 91 59 58 40 32 16 59 46 69 57 88 3
20 85 78 77 85 90 91 35 85 52 93 48 16 2
21 22 29 92 95 62 54 38 98 86 95 98 45 1
22 75 81 25 32 81 90 47 62 24 72 74 39 3
23 55 56 40 30 20 13 34 50 4 15 100 34 3
24 80 78 97 96 14 15 68 29 31 24 98 19 1
25 73 77 86 92 12 6 88 87 37 80 60 76 3
26 15 7 59 50 85 84 47 58 8 24 70 51 2
27 19 17 58 55 86 94 71 32 3 98 12 40 1
28 64 71 92 93 7 16 91 71 24 45 1 81 2
29 71 72 48 43 17 13 30 40 55 72 50 65 2
30 8 3 24 25 56 56 53 5 9 46 51 84 3
31 58 49 33 35 16 22 33 69 48 81 19 9 3
32 19 21 48 51 90 82 67 61 58 3 17 22 1
33 82 82 66 73 53 55 23 7 70 13 30 7 1
34 98 93 84 92 99 98 79 90 15 15 18 87 1
35 38 46 77 73 14 7 17 13 81 66 95 17 3
36 15 21 98 96 74 78 74 55 59 19 2 44 1
37 38 38 8 4 65 71 63 21 60 34 62 27 3
38 48 49 95 92 26 26 16 48 90 15 82 61 3
39 86 96 54 54 3 13 70 35 49 72 12 32 3
