3 40
426 394 379 
0 85 84 1 2 15 21 93 27 74 61 33 68 3
1 82 88 29 23 55 65 51 79 82 74 65 39 2
2 16 6 80 77 55 47 2 14 57 91 55 68 3
3 8 3 54 58 3 4 94 68 47 45 29 28 3
4 2 4 56 55 2 5 27 26 72 24 86 72 1
5 72 82 27 36 74 83 73 15 84 98 57 96 1
6 7 9 28 36 57 62 77 18 69 21 24 17 1
7 30 28 60 66 1 5 5 4 95 33 9 24 3
8 107 97 71 64 35 38 31 54 32 66 84 82 2
9 97 98 53 45 104 99 70 20 32 61 57 53 2
10 50 48 99 94 27 33 89 52 28 94 7 46 3
11 72 67 78 78 82 80 10 32 85 55 47 72 2
12 74 68 2 11 57 61 21 92 32 34 45 40 3
13 97 88 34 35 82 81 24 53 16 2 97 44 3
14 17 17 47 43 85 78 51 42 58 40 10 13 2
15 5 9 29 31 45 54 69 96 10 31 64 42 1
16 11 9 96 88 79 74 20 19 52 44 80 29 2
17 47 56 60 51 42 37 74 74 4 9 81 87 1
18 90 81 90 96 19 18 85 19 34 3 48 61 2
19 46 38 6 5 79 71 41 11 53 57 66 34 2
20 64 69 77 76 90 82 44 65 26 88 32 22 1
21 74 80 52 46 1 5 77 73 6 95 81 7 1
22 93 100 43 51 12 9 82 33 9 53 90 41 2
23 27 27 7 9 100 92 28 65 79 92 30 25 2
24 37 37 54 55 71 74 86 98 18 62 22 86 3
25 103 100 8 15 21 29 36 26 52 97 77 28 2
26 27 22 63 57 89 91 1 45 7 88 84 76 2
27 56 64 3 2 44 41 58 74 52 38 52 80 2
28 63 66 78 88 14 11 37 81 21 19 15 100 2
29 67 63 44 42 21 12 26 39 92 78 24 24 2
30 70 70 102 100 26 31 75 94 10 53 13 87 1
31 34 40 30 26 5 5 86 46 60 62 18 44 2
32 80 72 1 2 30 33 64 11 48 16 67 98 3
33 11 17 100 100 82 90 71 100 22 34 82 15 1
34 22 20 29 19 15 17 30 11 18 26 10 47 2
35 80 81 19 16 35 42 10 25 90 95 100 41 2
36 81 84 72 67 48 49 28 39 66 48 69 32 2
37 32 33 102 99 59 66 97 9 41 74 47 10 3
38 51 48 90 91 29 25 71 25 100 19 72 29 2
39 65 59 12 17 82 76 25 57 65 69 35 93 3
