3 40
419 434 386 
0 71 61 89 79 108 98 80 67 29 74 47 55 2
1 53 43 38 28 14 4 100 2 92 2 63 69 3
2 91 81 34 24 68 58 86 61 88 33 13 19 2
3 98 88 106 96 23 13 41 19 45 95 1 69 3
4 33 23 104 94 74 64 19 65 72 21 46 79 2
5 95 85 96 86 104 94 62 28 79 78 19 52 3
6 18 8 65 55 19 9 84 35 71 19 50 96 1
7 15 5 100 90 76 66 13 84 64 92 59 5 2
8 39 29 82 72 32 22 47 8 69 68 1 54 2
9 77 67 45 35 14 4 99 88 52 69 75 25 3
10 21 11 67 57 22 12 94 90 8 13 35 85 1
11 72 62 81 71 89 79 46 45 35 98 94 28 3
12 40 30 67 57 93 83 19 93 58 99 12 25 3
13 53 43 101 91 50 40 46 33 72 48 56 22 2
14 87 77 25 15 64 54 26 15 95 28 14 38 3
15 87 77 27 17 60 50 72 5 41 75 78 12 3
16 96 86 63 53 29 19 81 23 1 32 92 93 3
17 38 28 90 80 43 33 58 19 76 89 81 4 1
18 45 35 100 90 54 44 36 51 17 21 11 33 2
19 22 12 90 80 51 41 37 54 35 40 24 8 1
20 51 41 89 79 36 26 15 98 93 13 63 43 3
21 26 16 19 9 103 93 33 98 17 63 59 13 3
22 102 92 13 3 23 13 33 45 83 80 90 18 1
23 66 56 31 21 103 93 82 31 7 4 69 90 2
24 15 5 66 56 108 98 53 32 47 58 71 43 2
25 22 12 83 73 43 33 18 98 72 7 15 6 2
26 15 5 54 44 100 90 22 15 23 7 28 60 1
27 89 79 30 20 70 60 42 92 4 80 85 91 1
28 108 98 42 32 69 59 7 40 57 28 36 92 2
29 102 92 75 65 47 37 76 85 79 51 12 49 3
30 76 66 98 88 21 11 54 99 55 20 30 41 1
31 39 29 92 82 36 26 41 35 26 56 12 73 3
32 80 70 67 57 45 35 22 99 3 53 33 92 3
33 109 99 54 44 106 96 53 9 96 19 29 43 3
34 71 61 58 48 52 42 1 41 25 30 76 52 1
35 77 67 14 4 50 40 62 15 11 17 50 39 2
36 100 90 23 13 37 27 91 94 94 27 46 9 2
37 70 60 106 96 43 33 64 75 32 28 3 36 2
38 69 59 44 34 110 100 90 97 59 38 78 71 1
39 57 47 45 35 42 32 5 42 31 57 77 48 2
