3 40
866 1024 932 
0 88 95 20 13 31 32 22 44 67 89 71 32 2
1 22 19 61 54 87 88 79 50 55 71 18 87 1
2 41 37 5 8 80 78 2 58 8 36 24 34 3
3 6 6 44 53 1 7 66 14 29 74 10 62 1
4 86 91 32 42 99 92 100 20 85 4 73 29 1
5 91 85 46 39 93 86 99 5 19 18 45 43 3
6 70 68 91 95 20 21 51 43 55 17 39 92 3
7 61 59 99 97 31 36 17 61 84 60 32 94 1
8 17 12 73 79 37 45 47 71 68 79 68 46 2
9 1 1 48 56 4 2 15 48 76 87 80 59 3
10 2 3 51 49 79 88 51 37 68 8 12 83 2
11 18 22 32 33 36 43 87 70 97 51 66 100 2
12 57 47 85 90 32 32 54 47 7 95 71 97 1
13 49 51 91 90 39 36 68 66 72 46 78 27 2
14 92 100 22 26 52 61 80 86 94 79 57 14 2
15 46 36 49 58 78 73 25 1 39 12 30 79 2
16 2 12 108 99 78 85 29 3 19 45 45 47 3
17 6 15 11 2 101 96 3 30 83 27 66 21 3
18 98 92 6 15 35 37 12 68 81 63 32 27 3
19 61 53 21 20 102 94 95 64 52 17 34 5 2
20 1 8 13 15 26 21 39 94 18 71 55 31 2
21 68 63 25 29 95 88 68 89 34 72 47 46 2
22 37 27 79 78 35 36 88 37 39 69 22 78 2
23 1 6 89 80 69 63 2 34 83 58 39 41 1
24 39 48 56 66 81 85 7 16 47 58 76 70 3
25 86 95 20 10 25 24 82 9 97 15 99 87 3
26 37 45 81 88 28 22 5 68 65 93 52 65 2
27 78 87 9 17 58 56 30 58 17 23 39 74 2
28 8 1 23 23 38 46 67 49 39 40 61 16 3
29 1 2 69 73 46 43 24 46 68 84 1 69 2
30 51 45 83 75 7 6 34 100 19 59 81 30 3
31 42 43 38 29 13 8 46 14 95 37 48 26 2
32 64 55 93 85 14 16 54 100 55 77 29 13 3
33 32 36 29 27 3 9 96 17 15 35 98 60 3
34 14 11 1 10 7 8 20 90 39 67 39 31 3
35 66 72 105 99 42 33 80 58 51 56 16 45 1
36 66 63 36 46 25 20 83 100 89 37 13 63 2
37 26 32 104 98 74 65 99 22 79 27 90 34 3
38 85 79 32 22 71 64 88 100 5 61 92 80 3
39 8 10 68 60 17 19 56 94 36 4 75 19 2
