3 40
1528 1671 1564 
0 15 5 33 23 52 42 93 29 25 75 47 32 3
1 37 27 14 4 98 88 65 2 71 28 75 52 2
2 107 97 42 32 84 74 25 45 43 78 17 18 3
3 90 80 98 88 15 5 24 11 61 28 16 22 2
4 49 39 20 10 98 88 35 21 90 66 85 52 2
5 95 85 104 94 104 94 53 59 22 48 45 83 3
6 14 4 69 59 15 5 89 19 1 70 16 64 1
7 15 5 92 82 68 58 83 84 28 84 34 30 3
8 95 85 38 28 88 78 92 17 72 57 6 38 1
9 93 83 61 51 30 20 99 97 10 56 22 30 2
10 33 23 87 77 34 24 26 27 95 13 17 82 2
11 44 34 53 43 53 43 47 93 90 94 53 93 2
12 84 74 11 1 37 27 83 17 56 68 9 25 1
13 73 63 21 11 70 60 54 21 24 73 39 83 2
14 27 17 65 55 104 94 10 94 20 80 79 26 1
15 79 69 19 9 52 42 31 2 28 96 60 26 1
16 40 30 107 97 81 71 22 48 6 98 57 87 1
17 54 44 106 96 59 49 55 47 23 49 29 25 2
18 73 63 20 10 74 64 92 31 27 83 4 96 3
19 86 76 46 36 15 5 9 78 76 69 46 88 1
20 71 61 17 7 56 46 3 62 48 98 47 43 1
21 50 40 35 25 27 17 88 92 16 49 22 15 3
22 46 36 57 47 67 57 32 23 19 95 6 8 1
23 18 8 91 81 63 53 75 23 32 90 96 11 2
24 31 21 74 64 16 6 91 73 4 41 45 17 1
25 58 48 19 9 79 69 71 16 45 98 40 61 2
26 43 33 90 80 36 26 51 17 5 86 50 93 1
27 101 91 50 40 90 80 8 34 92 13 5 58 1
28 48 38 74 64 109 99 34 61 53 67 69 95 2
29 94 84 67 57 39 29 54 95 85 72 93 99 3
30 68 58 90 80 13 3 7 36 47 65 20 52 3
31 27 17 80 70 24 14 96 80 68 52 24 28 1
32 16 6 103 93 89 79 83 3 62 42 90 4 1
33 57 47 110 100 54 44 78 27 52 41 4 94 3
34 99 89 94 84 80 70 33 87 25 28 99 2 3
35 45 35 82 72 18 8 4 35 61 72 33 98 3
36 68 58 83 73 105 95 100 92 77 28 44 55 2
37 46 36 82 72 19 9 26 31 72 95 12 49 1
38 45 35 12 2 78 68 66 1 75 55 62 7 3
39 77 67 73 63 62 52 5 56 36 78 60 58 3
