3 40
428 400 402 
0 78 29 62 48 39 66 79 65 23 20 98 71 1
1 94 22 3 56 19 99 27 2 92 35 46 37 2
2 68 16 68 86 77 65 89 7 93 45 16 20 2
3 92 53 68 7 53 54 12 54 75 31 51 7 1
4 89 62 66 12 34 55 56 87 80 41 28 27 1
5 73 91 73 46 82 92 4 55 36 73 84 67 1
6 1 75 50 1 6 28 100 38 85 81 17 71 1
7 3 85 36 24 76 62 61 9 87 32 10 13 1
8 98 87 51 53 3 20 23 81 21 63 100 96 3
9 82 92 51 38 11 93 32 91 93 18 15 99 2
10 67 21 59 68 44 6 23 26 54 71 12 98 2
11 15 77 87 87 52 98 2 15 11 64 8 89 1
12 63 30 23 80 84 23 30 65 24 95 87 11 3
13 78 38 18 76 59 23 32 26 34 62 11 20 2
14 7 66 79 1 52 27 63 58 35 33 39 47 1
15 20 46 72 69 17 91 26 42 15 10 6 88 1
16 42 67 94 53 39 40 22 4 52 7 70 3 3
17 78 58 14 52 51 47 95 11 44 44 76 37 2
18 30 75 67 97 3 12 63 6 3 18 22 27 1
19 77 64 66 38 62 5 16 18 27 82 95 1 2
20 69 39 66 45 62 44 93 19 59 14 53 78 2
21 71 33 31 100 84 58 24 44 6 95 68 21 1
22 52 90 96 40 49 99 56 85 94 92 48 29 2
23 12 24 4 7 97 81 52 30 26 66 33 48 1
24 37 50 81 69 26 87 17 35 54 18 76 99 3
25 22 18 95 40 67 55 21 39 35 60 98 87 2
26 12 32 40 74 61 9 60 22 40 45 96 6 3
27 55 97 24 36 84 74 53 89 23 63 75 83 2
28 26 75 30 98 43 20 39 84 92 8 68 85 1
29 84 33 93 11 9 82 15 53 24 26 2 7 2
30 85 95 57 18 22 48 41 92 40 39 84 59 1
31 16 53 48 32 73 18 46 15 35 91 46 53 1
32 12 25 48 56 77 86 48 40 97 30 61 22 3
33 71 51 7 33 52 24 25 10 87 51 41 82 2
34 55 82 12 80 60 79 98 92 100 65 100 35 3
35 5 7 73 41 34 68 79 42 84 58 83 4 1
36 97 58 25 40 62 15 11 2 78 90 12 2 3
37 55 18 7 85 68 51 85 18 52 71 24 12 1
38 6 18 59 60 3 3 38 89 81 29 30 8 2
39 67 88 24 47 88 5 48 54 37 87 11 5 3
