3 40
884 1166 970 
0 32 18 9 36 85 55 39 24 28 44 80 84 3
1 45 18 61 61 70 95 95 61 58 29 31 20 2
2 58 20 59 99 59 69 50 22 70 49 19 50 1
3 46 1 31 56 7 2 83 19 23 42 17 95 3
4 92 74 60 25 37 67 7 17 98 1 22 20 3
5 19 56 28 10 28 57 37 95 43 49 5 24 1
6 68 39 24 66 73 92 92 27 5 59 43 79 2
7 82 10 22 48 55 87 70 27 75 82 3 97 2
8 49 23 1 98 54 64 77 53 2 79 93 29 3
9 49 64 9 11 78 65 81 27 5 6 30 75 1
10 21 18 14 56 98 3 17 71 77 32 94 91 2
11 65 97 38 8 2 18 14 98 36 59 23 42 3
12 25 2 86 45 38 95 94 46 7 38 81 43 3
13 68 42 9 81 49 27 10 80 1 54 31 21 3
14 89 11 62 37 34 72 78 52 86 31 14 15 2
15 58 79 11 1 63 16 27 16 22 13 42 46 3
16 48 51 1 38 45 24 27 74 26 31 98 72 2
17 36 10 73 5 9 99 28 76 41 95 17 69 2
18 5 83 41 98 78 20 47 10 80 16 73 33 1
19 24 32 12 99 9 65 46 53 89 77 63 95 2
20 96 59 92 66 89 72 26 34 16 83 4 19 3
21 85 74 46 40 6 7 48 69 25 72 70 47 3
22 90 30 43 89 87 39 60 69 42 51 97 25 1
23 6 85 99 67 91 42 47 88 53 43 43 90 2
24 87 47 32 65 76 84 74 79 82 9 5 73 2
25 73 46 45 61 10 75 14 90 49 10 16 98 3
26 54 36 83 79 3 13 2 27 40 36 15 38 2
27 22 58 90 96 51 35 40 95 68 98 40 95 1
28 64 56 77 78 81 1 73 49 25 21 32 70 2
29 43 61 51 32 60 2 26 50 51 10 67 98 3
30 35 12 100 42 72 65 100 53 3 72 36 8 2
31 42 14 67 100 99 87 65 26 23 28 43 34 2
32 82 66 19 96 47 27 78 92 55 15 31 59 3
33 49 79 94 62 38 52 53 24 74 34 54 4 3
34 10 58 66 57 23 55 53 98 30 14 43 16 1
35 47 59 16 94 76 20 76 30 62 97 50 47 2
36 75 26 4 9 40 83 31 75 97 38 35 19 1
37 37 23 90 89 42 56 51 91 20 90 93 83 2
38 45 38 89 81 42 23 96 97 41 72 43 87 3
39 6 93 70 51 35 10 30 69 84 22 72 99 1
