3 40
1481 1593 1699 
0 85 83 1 2 28 20 50 37 47 17 6 53 2
1 17 16 43 50 90 93 70 26 87 62 51 77 1
2 32 42 7 12 100 91 49 1 46 97 60 85 3
3 59 55 16 9 46 56 99 79 18 86 62 41 1
4 2 4 56 54 2 5 27 50 94 91 48 31 2
5 55 49 10 4 57 50 86 21 27 78 1 45 1
6 30 33 59 59 80 86 68 83 13 18 79 89 2
7 86 83 26 22 64 60 66 47 38 6 95 44 1
8 57 57 13 23 98 90 38 89 37 22 15 44 2
9 71 74 35 28 78 75 96 100 69 82 22 48 3
10 105 99 54 46 82 84 65 27 7 81 29 58 3
11 41 43 53 53 59 64 68 67 55 30 32 76 2
12 4 12 59 62 8 5 93 11 14 22 81 30 1
13 63 56 11 2 32 41 88 66 27 33 54 30 3
14 49 44 79 71 9 5 50 36 79 86 95 5 3
15 59 60 83 83 7 5 50 51 80 77 76 52 1
16 107 97 77 83 62 70 24 19 2 66 57 27 2
17 62 68 44 54 57 49 76 72 39 48 29 68 3
18 4 1 33 23 33 38 71 27 14 8 63 42 3
19 15 14 83 88 56 55 2 98 85 7 9 10 2
20 31 29 44 35 36 42 76 39 99 63 24 61 2
21 13 3 62 70 40 36 70 96 36 63 6 2 3
22 67 68 23 26 86 77 22 87 32 26 49 52 1
23 61 66 33 41 13 23 42 11 20 21 97 63 1
24 41 44 58 63 75 81 76 38 47 88 47 70 1
25 8 16 21 30 47 45 10 92 2 5 62 75 3
26 68 58 102 92 25 35 64 78 20 8 27 93 1
27 39 47 72 78 19 16 59 57 34 85 50 59 3
28 67 73 103 96 18 18 40 98 30 12 22 56 1
29 19 23 96 93 65 64 22 90 18 60 88 69 1
30 69 61 93 92 25 22 85 23 97 49 60 16 3
31 20 11 95 90 78 76 92 9 37 51 20 68 2
32 11 3 40 34 61 64 41 68 14 75 42 100 2
33 58 65 61 55 45 46 32 64 98 79 35 56 3
34 98 88 84 86 83 85 46 86 34 34 93 43 1
35 18 25 63 59 94 86 13 21 85 32 65 16 1
36 42 32 18 14 80 89 24 82 96 72 55 23 3
37 37 36 7 3 64 69 16 97 47 79 69 3 3
38 94 100 33 42 80 85 20 58 49 66 74 65 2
39 6 14 68 65 15 23 8 95 99 47 17 21 2
