3 40
397 424 367 
0 20 51 4 70 81 88 97 78 32 78 25 64 2
1 36 76 53 18 61 53 47 70 9 67 47 91 2
2 14 78 22 48 23 19 87 22 95 38 100 93 3
3 42 59 18 5 95 52 17 8 34 89 43 50 3
4 51 44 20 86 88 37 49 8 43 41 29 40 3
5 51 5 59 52 68 6 4 9 41 100 85 92 3
6 15 1 64 27 12 54 79 25 2 2 17 38 3
7 49 55 82 2 22 40 90 28 86 11 59 31 2
8 52 9 5 75 65 42 17 4 38 41 29 75 1
9 64 6 25 52 93 7 50 23 93 17 71 89 2
10 29 31 13 78 6 16 50 74 71 49 77 79 3
11 45 3 9 13 82 24 72 53 100 28 60 57 1
12 81 88 41 30 2 81 33 26 35 64 6 93 2
13 88 56 28 94 69 41 77 89 92 45 20 37 2
14 53 32 25 67 98 93 10 1 37 75 100 99 3
15 18 92 62 15 15 37 3 6 29 68 17 76 3
16 24 89 68 75 13 54 30 1 52 38 14 64 1
17 16 76 44 70 81 57 76 17 86 98 66 65 2
18 68 5 5 27 41 42 22 44 75 71 8 60 1
19 87 2 76 68 72 43 24 22 87 69 15 88 2
20 27 9 24 15 20 22 52 80 11 79 51 99 1
21 65 99 25 66 86 32 31 82 68 12 32 67 2
22 42 44 94 94 47 53 4 72 80 5 88 90 1
23 98 74 90 49 75 31 10 20 74 69 49 16 2
24 79 72 23 99 68 17 76 59 97 18 16 19 2
25 52 8 25 22 89 37 94 25 85 67 5 92 2
26 22 94 50 28 71 71 84 18 67 36 97 16 2
27 37 35 6 74 66 4 77 16 46 1 100 2 3
28 60 45 72 68 85 90 43 6 99 37 60 19 1
29 26 3 43 81 51 52 56 52 97 35 39 11 1
30 15 45 79 76 52 6 58 10 12 26 17 7 1
31 74 59 6 46 31 24 10 87 54 15 86 82 2
32 2 91 30 22 59 52 10 37 63 39 22 3 3
33 73 97 17 79 54 70 3 83 65 89 47 29 1
34 17 64 74 62 22 61 80 79 9 3 15 13 2
35 79 81 39 15 100 42 5 31 9 71 69 65 3
36 87 16 15 90 52 73 58 87 81 76 11 100 1
37 25 24 85 91 38 57 13 13 82 12 84 50 2
38 96 88 49 30 93 65 58 22 32 7 41 32 1
39 33 82 90 41 54 91 84 33 80 29 66 56 2
