3 40
1497 1769 1708 
0 39 39 58 57 69 76 37 53 27 54 88 35 3
1 37 27 63 70 10 4 56 46 27 42 73 92 3
2 54 61 39 32 1 2 21 67 90 1 93 73 1
3 3 2 62 57 11 3 33 53 43 18 71 13 1
4 40 47 94 98 40 48 87 96 83 71 100 74 3
5 12 5 51 51 6 6 68 39 94 46 5 92 3
6 22 12 43 39 72 65 1 28 3 3 35 47 1
7 4 7 42 45 74 84 63 78 45 93 6 80 1
8 54 56 39 31 103 97 75 69 89 52 79 84 2
9 29 29 85 76 36 30 84 29 11 89 13 92 2
10 31 31 59 69 8 16 58 42 21 41 42 64 2
11 71 74 77 85 81 87 72 82 98 69 12 75 2
12 63 55 91 98 46 48 35 93 75 16 31 38 1
13 88 87 30 26 78 72 57 27 25 73 37 10 3
14 39 32 56 66 86 93 97 81 20 65 66 67 2
15 23 28 39 42 63 65 4 33 59 98 99 5 3
16 58 48 30 35 13 21 85 59 71 85 53 72 2
17 47 43 39 38 29 32 78 57 39 12 49 45 3
18 62 60 91 83 91 97 25 63 37 34 96 19 2
19 16 21 97 96 57 62 62 64 82 19 58 47 3
20 49 48 62 55 54 61 58 29 4 75 92 14 3
21 89 95 59 61 37 28 2 58 64 6 91 26 1
22 42 35 92 86 40 44 8 16 77 60 12 48 2
23 98 98 78 80 58 63 87 34 50 17 5 90 2
24 1 8 17 26 55 45 84 22 12 61 31 69 1
25 68 67 73 82 86 96 14 93 57 32 33 73 2
26 72 69 8 4 50 46 16 85 53 6 32 45 2
27 47 55 86 93 27 24 75 50 100 27 99 15 1
28 33 41 69 63 84 86 29 31 21 76 34 87 2
29 50 42 19 13 75 83 77 25 52 93 24 99 1
30 49 53 81 83 13 14 63 80 93 10 53 74 2
31 53 63 49 41 32 28 57 100 90 15 56 6 1
32 103 95 32 25 53 56 91 87 46 81 45 4 1
33 32 28 16 19 11 1 56 67 26 82 50 92 2
34 90 83 76 82 83 80 1 69 14 7 22 59 3
35 18 20 49 47 86 81 30 58 52 69 39 13 1
36 77 71 47 54 36 28 97 83 34 68 25 29 3
37 34 36 12 2 61 69 67 56 27 62 90 36 1
38 11 19 58 62 97 96 99 5 27 28 76 46 1
39 85 82 32 40 102 99 41 34 79 90 26 59 1
