3 50
460 467 546 
0 69 27 46 45 30 64 50 21 1 47 48 56 2
1 22 51 30 94 47 28 3 83 73 85 56 76 2
2 39 1 40 72 48 50 32 24 80 85 79 18 1
3 47 10 32 57 8 3 91 18 86 7 56 67 1
4 37 59 5 10 82 52 47 83 15 39 72 41 3
5 20 29 21 83 29 38 78 38 77 30 70 19 3
6 69 100 25 27 74 53 22 62 85 38 19 72 3
7 15 87 55 25 88 64 87 10 51 65 30 39 1
8 98 52 50 27 11 93 36 48 1 47 91 51 3
9 50 77 18 24 79 78 70 41 50 38 17 57 2
10 2 71 87 17 79 56 3 16 37 19 72 34 2
11 38 62 11 73 75 83 91 10 50 65 21 6 3
12 74 71 35 22 95 64 19 18 95 63 21 80 3
13 1 51 42 98 90 44 69 72 80 92 38 99 1
14 38 4 3 38 75 65 28 3 31 51 14 41 2
15 15 4 60 26 12 49 44 77 12 32 67 13 3
16 21 20 74 7 18 93 75 46 98 36 96 22 1
17 65 7 2 94 38 88 11 6 68 29 89 26 1
18 74 88 10 11 47 25 22 1 20 54 39 96 1
19 77 65 73 40 62 6 75 20 87 86 92 62 3
20 81 36 77 43 74 41 83 52 92 63 88 61 3
21 2 67 55 33 15 92 58 57 16 76 33 6 3
22 39 51 92 2 44 60 66 44 53 18 85 14 2
23 95 98 80 72 72 55 66 53 93 53 45 27 2
24 32 20 77 38 21 57 91 87 64 94 64 13 3
25 46 3 18 18 83 32 93 93 42 100 35 36 1
26 99 9 28 52 56 86 54 84 12 43 46 55 1
27 47 91 15 29 84 68 2 24 17 58 93 66 1
28 69 29 82 51 86 74 53 22 6 96 34 30 2
29 28 14 36 93 53 63 95 32 2 88 64 99 3
30 84 69 49 99 21 22 76 38 47 13 71 83 2
31 35 95 68 73 100 60 60 50 71 96 63 18 1
32 23 67 52 97 88 28 36 70 48 39 56 3 1
33 50 12 95 3 31 85 7 57 76 19 44 47 1
34 99 27 55 26 12 24 71 81 92 14 99 87 1
35 36 16 97 43 65 77 76 5 5 35 8 86 1
36 80 87 9 62 45 44 85 33 77 72 100 40 3
37 30 44 83 10 43 85 61 50 11 81 44 84 1
38 54 99 98 34 51 76 76 78 89 55 54 40 2
39 79 34 43 92 8 51 54 18 85 52 62 69 1
40 63 46 68 21 64 95 16 46 48 27 52 96 3
41 81 85 45 59 2 42 10 21 3 12 56 97 3
42 97 13 25 72 54 30 81 64 21 19 50 48 3
43 14 81 59 11 3 34 45 86 69 26 14 35 3
44 70 2 78 81 87 59 85 39 15 70 30 78 1
45 74 34 87 36 99 39 17 13 66 13 85 52 3
46 48 45 28 83 9 22 29 77 34 88 12 47 2
47 28 49 4 23 89 6 62 64 60 33 21 67 1
48 52 2 64 33 85 63 46 69 26 35 50 16 1
49 57 39 41 58 18 68 72 68 52 69 13 100 2
