3 50
566 510 535 
0 74 93 50 12 35 30 37 41 43 52 39 28 3
1 30 94 39 36 55 71 25 13 33 62 85 22 2
2 76 52 76 22 85 93 71 73 4 24 66 47 3
3 60 53 44 7 21 54 44 30 21 66 88 57 1
4 77 90 54 40 22 91 68 37 11 45 93 32 1
5 81 87 89 42 98 88 31 99 5 60 41 6 1
6 29 39 78 65 34 92 40 41 19 57 55 55 3
7 47 41 88 80 20 18 22 55 20 84 11 16 1
8 94 75 47 41 99 8 24 16 42 87 95 38 1
9 34 36 3 82 63 37 17 35 30 2 1 22 1
10 95 57 87 96 72 42 38 100 90 26 4 14 3
11 59 57 31 67 4 78 42 19 59 46 85 62 2
12 11 86 71 36 32 79 43 38 32 32 9 29 1
13 82 46 30 84 71 31 39 78 10 17 47 1 1
14 67 82 39 9 12 43 22 75 8 96 12 20 3
15 56 90 8 5 61 27 23 58 50 51 25 51 3
16 54 91 6 69 51 56 67 47 99 35 47 62 3
17 94 42 30 36 67 23 22 37 64 3 24 12 3
18 2 67 47 81 83 4 19 17 10 84 8 63 3
19 13 96 10 62 98 37 67 39 20 20 21 52 3
20 49 87 46 93 42 100 53 49 80 76 47 61 3
21 23 41 75 8 36 74 89 92 31 50 10 1 2
22 88 38 40 96 85 47 90 10 33 3 15 20 1
23 4 8 96 83 81 65 46 65 86 26 68 61 3
24 41 86 85 5 30 31 25 62 41 15 9 68 1
25 66 42 39 56 3 79 51 63 80 30 35 64 1
26 32 52 60 94 89 29 61 92 92 38 81 19 3
27 39 21 100 52 68 90 33 55 27 23 77 41 2
28 74 31 78 54 91 76 29 24 21 36 99 76 3
29 36 65 45 43 61 14 84 50 40 81 93 10 2
30 97 27 69 58 42 88 98 6 84 41 95 70 2
31 4 49 36 28 61 14 59 64 83 82 12 41 1
32 12 41 40 72 77 2 5 80 75 46 31 35 1
33 27 95 71 85 16 68 53 75 36 36 5 90 2
34 99 22 56 20 4 19 48 19 81 8 50 25 1
35 13 95 73 29 42 56 13 100 56 61 93 96 1
36 69 98 5 80 34 55 67 1 83 38 85 2 3
37 35 50 95 17 48 83 91 8 62 67 96 52 3
38 94 50 39 84 91 27 63 36 92 47 73 64 2
39 51 52 16 11 80 69 24 87 93 33 64 33 1
40 80 25 84 99 89 82 49 75 62 72 31 98 3
41 45 87 2 70 66 44 1 61 14 53 96 64 2
42 69 56 6 22 34 81 66 86 61 41 68 73 3
43 23 23 67 54 12 76 16 95 76 34 4 18 3
44 54 1 63 79 71 58 9 51 28 67 100 49 3
45 95 40 7 43 20 37 96 58 14 11 80 94 2
46 80 67 61 6 41 44 57 55 59 96 18 91 1
47 48 51 33 34 9 16 73 13 45 34 34 48 3
48 4 1 25 39 45 70 86 25 93 32 78 38 2
49 69 58 46 68 22 79 87 34 21 73 89 27 1
