3 50
1897 2093 2164 
0 95 93 72 11 48 30 27 54 2 65 3 55 3
1 56 21 64 64 81 98 50 85 66 29 93 20 1
2 93 87 94 58 2 28 10 98 80 21 37 1 3
3 97 4 74 59 50 5 75 66 68 59 74 6 2
4 7 89 83 40 52 90 72 97 47 61 60 87 2
5 70 55 79 9 87 56 35 40 97 3 82 72 2
6 3 62 51 89 8 15 14 67 50 41 34 85 1
7 53 5 85 43 26 82 57 40 41 42 74 3 1
8 76 26 28 1 81 67 89 44 71 21 39 58 1
9 88 11 56 58 17 12 9 97 47 27 76 28 3
10 80 9 73 47 57 94 48 1 16 42 91 51 2
11 28 32 1 43 65 53 54 80 86 26 47 34 2
12 36 37 97 80 57 30 59 60 35 81 79 52 2
13 31 5 72 52 12 90 38 28 37 69 18 91 3
14 76 10 49 36 13 71 78 76 49 42 82 41 3
15 1 42 46 56 98 79 43 56 62 2 89 37 2
16 51 78 4 65 48 51 82 92 7 79 48 33 2
17 71 45 8 40 44 34 92 91 82 38 56 84 2
18 96 86 32 9 69 23 42 18 99 49 85 82 2
19 15 71 3 46 100 12 8 65 97 45 42 44 2
20 55 46 51 53 48 59 15 43 61 45 68 23 1
21 84 73 45 31 5 98 5 80 47 11 15 1 3
22 25 13 78 64 30 22 61 13 86 88 59 41 2
23 37 40 30 22 22 97 71 2 4 8 56 97 1
24 58 2 3 20 47 39 8 79 8 50 98 83 1
25 28 57 100 80 73 94 98 7 86 75 25 88 3
26 37 95 58 30 86 64 31 3 43 72 33 23 3
27 93 97 61 35 22 66 86 90 100 30 73 63 2
28 79 39 92 61 4 84 62 76 52 36 26 43 1
29 62 24 78 95 87 73 17 91 50 52 6 60 2
30 58 27 31 57 95 88 3 11 30 11 35 46 1
31 9 13 42 99 66 86 98 84 53 36 96 82 3
32 69 65 6 95 34 26 2 90 89 34 31 3 3
33 64 50 9 41 53 23 74 95 25 88 18 15 3
34 85 89 41 88 98 86 7 34 34 73 84 59 2
35 34 38 3 65 63 99 60 73 32 95 59 52 2
36 50 45 79 20 15 2 28 16 18 31 33 25 3
37 48 54 9 20 61 87 4 88 57 55 4 92 3
38 24 1 68 44 21 78 80 26 18 60 17 11 3
39 77 100 41 58 6 17 41 87 62 77 40 66 1
40 45 76 50 51 46 25 57 90 61 47 93 16 3
41 31 3 95 77 60 60 93 87 51 3 5 78 1
42 3 99 31 66 68 24 92 30 70 3 38 78 3
43 48 59 93 89 37 12 28 54 32 73 92 64 2
44 16 12 24 91 33 69 5 96 90 82 20 97 3
45 48 52 61 54 73 57 96 60 24 19 75 54 3
46 78 43 58 81 39 12 58 94 44 28 43 70 3
47 26 83 10 65 87 40 43 12 6 85 88 73 3
48 78 12 98 51 11 81 83 69 13 31 72 57 1
49 83 97 67 8 44 18 6 41 72 47 87 56 2
