3 50
1689 1950 2139 
0 79 69 97 87 16 6 32 87 56 6 13 1 2
1 33 23 110 100 86 76 81 75 29 44 26 3 1
2 87 77 22 12 56 46 51 62 44 45 92 86 2
3 26 16 34 24 51 41 96 52 51 37 47 15 2
4 85 75 56 46 26 16 54 8 89 9 91 5 2
5 103 93 12 2 12 2 45 2 64 79 49 20 2
6 14 4 69 59 15 5 62 39 66 34 13 88 1
7 83 73 60 50 44 34 1 4 62 63 95 55 1
8 23 13 74 64 16 6 81 27 9 80 87 33 1
9 81 71 49 39 18 8 61 48 79 90 37 92 2
10 29 19 83 73 30 20 10 100 94 71 71 63 3
11 52 42 61 51 69 59 91 60 79 53 69 36 1
12 48 38 75 65 101 91 44 31 19 7 89 46 2
13 101 91 49 39 98 88 6 6 95 85 85 24 1
14 83 73 21 11 60 50 2 46 54 17 88 66 1
15 31 21 63 53 104 94 52 85 76 9 20 100 2
16 28 18 103 93 69 59 84 84 74 5 18 45 1
17 50 40 102 92 55 45 59 34 4 17 54 62 3
18 17 7 64 54 18 8 98 7 49 7 82 53 1
19 30 20 98 88 67 57 37 3 6 89 76 73 1
20 107 97 45 35 92 82 14 81 15 69 57 25 2
21 78 68 63 53 55 45 4 27 20 32 44 69 1
22 26 16 37 27 47 37 19 4 54 81 64 38 1
23 70 60 43 33 107 97 82 100 94 62 76 2 1
24 87 77 30 20 80 70 82 94 12 24 22 64 3
25 14 4 75 65 35 25 47 43 4 5 93 44 2
26 51 41 98 88 44 34 93 89 94 82 26 13 1
27 13 3 54 44 102 92 54 36 9 64 32 14 2
28 56 46 90 80 25 15 20 59 88 55 10 16 1
29 62 52 27 17 99 89 93 73 1 93 89 97 2
30 12 2 26 16 49 39 4 97 24 76 33 9 3
31 71 61 16 6 68 58 9 87 53 97 48 51 3
32 32 22 19 9 105 95 32 67 32 57 5 2 2
33 69 59 22 12 66 56 20 81 66 32 12 39 1
34 83 73 70 60 64 54 73 57 63 71 54 39 2
35 61 51 98 88 34 24 83 38 21 29 63 10 1
36 60 50 75 65 97 87 89 39 91 92 15 6 3
37 18 8 54 44 91 81 64 8 61 45 30 78 2
38 69 59 44 34 110 100 42 45 72 54 96 5 3
39 21 11 109 99 106 96 7 76 6 83 31 17 3
40 24 14 31 21 37 27 39 5 30 9 20 76 3
41 21 11 17 7 14 4 70 31 39 23 61 45 2
42 19 9 85 75 44 34 46 24 43 100 40 92 2
43 62 52 23 13 75 65 19 17 39 82 11 50 2
44 55 45 106 96 64 54 82 63 54 39 59 99 3
45 95 85 48 38 92 82 41 38 75 77 46 92 3
46 34 24 16 6 99 89 59 49 66 27 59 94 2
47 11 1 104 94 88 78 76 43 26 98 94 16 1
48 44 34 62 52 81 71 15 48 83 91 47 57 2
49 104 94 49 39 93 83 23 40 29 97 54 100 3
