3 50
1396 1105 1315 
0 35 25 53 43 72 62 83 29 100 77 37 1 1
1 49 39 26 16 110 100 25 82 56 48 83 83 1
2 71 61 106 96 48 38 33 75 64 70 19 1 3
3 34 24 42 32 59 49 3 1 5 81 23 69 2
4 61 51 32 22 102 92 96 74 99 11 16 80 3
5 103 93 12 2 12 2 40 1 50 47 20 96 3
6 18 8 65 55 19 9 10 95 48 49 78 89 2
7 91 81 68 58 44 34 29 9 86 39 84 80 1
8 67 57 18 8 60 50 35 73 24 69 3 65 2
9 65 55 33 23 102 92 55 35 70 24 9 44 2
10 17 7 63 53 18 8 76 19 66 40 65 59 2
11 88 78 89 79 97 87 20 99 60 28 31 55 2
12 104 94 31 21 57 47 4 39 37 25 26 60 1
13 81 71 29 19 78 68 44 71 79 23 15 48 2
14 35 25 81 71 20 10 51 13 93 70 48 45 1
15 39 29 71 61 12 2 49 34 23 93 21 84 3
16 84 74 51 41 17 7 42 25 98 30 98 55 1
17 34 24 86 76 39 29 67 26 40 13 18 16 3
18 89 79 44 34 90 80 51 21 99 96 55 40 2
19 74 64 42 32 103 93 26 98 94 50 36 22 3
20 87 77 25 15 72 62 46 17 7 95 19 55 2
21 54 44 47 37 31 21 99 56 96 6 17 49 2
22 74 64 85 75 95 85 11 79 43 33 43 53 1
23 110 100 83 73 47 37 64 97 97 18 80 97 3
24 79 69 22 12 64 54 52 71 2 66 17 40 1
25 70 60 31 21 91 81 32 79 41 67 40 82 3
26 23 13 62 52 108 98 89 51 57 52 51 22 2
27 93 83 42 32 82 72 77 44 46 93 88 76 2
28 24 14 58 48 85 75 41 73 77 76 81 2 3
29 62 52 35 25 107 97 14 91 68 21 23 28 2
30 20 10 42 32 57 47 37 14 46 90 99 95 1
31 75 65 28 18 80 70 24 78 65 43 63 96 3
32 96 86 83 73 69 59 38 42 20 56 49 32 2
33 21 11 66 56 18 8 3 40 56 70 63 55 1
34 47 37 42 32 36 26 62 80 52 1 23 98 3
35 93 83 30 20 66 56 38 8 19 10 77 42 3
36 92 82 15 5 29 19 48 36 95 66 4 45 1
37 42 32 78 68 15 5 63 58 67 89 42 98 2
38 101 91 68 58 42 32 66 78 99 63 97 21 3
39 93 83 89 79 78 68 55 69 6 52 94 66 3
40 84 74 91 81 89 79 48 38 81 99 60 85 1
41 105 95 101 91 98 88 48 88 18 37 99 62 1
42 87 77 45 35 12 2 40 76 2 15 7 86 1
43 74 64 27 17 87 77 32 80 82 78 37 39 2
44 47 37 98 88 56 46 48 97 90 49 87 11 2
45 107 97 60 50 104 94 70 37 51 35 19 85 1
46 42 32 16 6 99 89 63 46 90 15 5 81 1
47 47 37 32 22 24 14 14 100 30 9 32 5 3
48 84 74 102 92 21 11 87 69 71 37 65 94 1
49 20 10 65 55 109 99 40 49 31 74 60 87 2
