3 50
2242 2512 2247 
0 44 36 55 55 74 73 37 12 7 26 93 32 2
1 70 65 109 99 43 42 19 25 83 53 84 45 2
2 48 47 10 17 87 88 99 52 66 60 64 97 2
3 64 60 1 6 59 61 3 21 25 28 24 57 2
4 40 45 86 95 40 46 64 42 17 25 40 65 2
5 43 42 82 89 37 43 94 60 41 52 89 53 1
6 37 30 66 56 87 83 50 40 94 85 14 2 2
7 107 100 55 47 93 85 100 20 31 53 82 6 1
8 22 30 99 96 63 71 49 74 83 27 100 63 1
9 12 7 63 61 14 16 96 91 38 47 12 1 2
10 85 80 26 19 62 65 80 65 42 49 90 4 1
11 49 52 61 62 67 73 25 76 85 5 87 30 3
12 99 97 46 39 82 90 70 29 81 70 6 59 3
13 8 1 56 47 93 94 58 54 67 96 85 51 1
14 62 69 13 4 22 30 4 9 70 30 42 62 1
15 72 77 96 100 12 22 79 40 66 29 51 86 1
16 16 10 91 88 84 75 20 50 55 100 45 35 3
17 81 85 71 79 84 74 16 71 81 20 82 8 2
18 66 74 95 96 16 11 1 19 60 57 83 6 2
19 27 31 87 97 60 64 43 64 99 28 64 74 3
20 47 46 60 52 52 59 12 36 33 92 22 5 1
21 34 28 91 95 69 61 23 61 79 26 27 35 1
22 90 89 38 47 88 98 28 75 76 62 58 60 3
23 81 71 45 46 25 28 32 28 30 10 41 10 3
24 81 77 98 96 15 14 100 28 88 68 22 4 1
25 43 45 64 67 90 82 18 79 8 29 10 64 3
26 39 47 94 89 30 24 44 43 68 45 7 48 2
27 47 48 80 79 27 17 6 66 86 100 93 12 3
28 85 94 21 17 36 39 23 15 14 4 7 77 3
29 23 16 100 94 69 65 19 78 96 83 15 100 2
30 31 26 55 57 87 87 23 50 33 13 90 65 3
31 94 96 90 83 73 69 69 95 11 40 86 87 3
32 45 36 66 67 95 97 99 85 64 43 51 67 2
33 93 98 88 80 64 71 17 99 59 75 94 34 2
34 28 37 35 35 42 34 3 59 52 10 24 10 1
35 25 22 62 56 88 91 14 14 2 36 7 98 3
36 94 93 70 75 61 58 94 89 53 33 14 85 2
37 62 69 40 36 10 2 26 21 62 28 32 23 3
38 84 93 44 35 62 70 63 57 94 43 45 24 3
39 36 27 85 86 53 44 100 62 90 33 32 18 3
40 46 48 16 22 9 5 36 18 62 97 79 94 2
41 96 86 59 69 46 43 93 80 62 30 81 37 1
42 16 11 75 69 34 28 60 98 93 99 41 25 3
43 45 46 63 69 89 99 45 34 29 6 1 47 2
44 88 92 79 70 49 49 13 63 2 76 1 15 2
45 83 83 84 86 85 88 12 87 41 34 47 43 3
46 73 78 19 17 55 55 64 80 40 51 31 84 2
47 90 98 89 81 57 63 33 62 73 4 29 34 2
48 36 36 62 66 4 5 16 49 46 84 2 74 1
49 24 29 46 47 52 58 12 70 78 49 19 78 2
