3 50
509 476 479 
0 7 82 83 1 60 19 6 99 34 22 62 60 2
1 55 71 72 5 80 48 89 23 95 30 99 31 3
2 49 21 57 91 58 62 96 81 60 14 25 70 3
3 85 58 69 4 46 59 5 1 4 88 65 3 2
4 50 3 19 53 95 4 76 79 82 86 59 99 3
5 38 84 46 39 55 85 7 66 6 54 97 63 1
6 22 80 79 6 27 33 22 37 47 50 52 59 3
7 28 2 61 49 1 87 94 7 90 18 8 22 1
8 63 60 16 34 76 1 74 48 80 51 67 33 3
9 47 25 8 79 76 26 52 76 94 18 34 33 2
10 64 2 56 41 41 87 85 60 2 77 90 88 2
11 48 94 20 4 85 15 79 11 53 79 95 58 2
12 56 15 16 57 77 100 62 92 85 68 68 18 3
13 31 83 71 29 12 68 21 65 7 5 61 90 2
14 48 99 20 26 85 60 8 88 1 92 31 83 1
15 65 63 9 86 62 8 86 13 27 86 23 45 1
16 71 80 15 66 68 45 38 74 66 73 94 74 1
17 75 83 11 77 48 72 36 33 15 25 75 19 1
18 83 48 20 70 56 85 6 92 86 70 43 91 2
19 58 81 47 47 43 14 85 81 12 19 21 53 2
20 70 48 67 54 63 61 22 43 55 17 89 17 3
21 76 58 28 25 89 83 98 44 24 2 15 40 2
22 89 11 41 69 94 20 31 91 18 14 27 74 2
23 65 29 49 12 42 86 50 5 71 97 14 94 1
24 66 75 18 94 63 12 39 53 16 64 6 99 3
25 55 55 20 69 92 84 80 75 67 17 78 96 2
26 77 29 5 63 34 6 12 10 41 71 86 72 2
27 44 98 13 37 73 75 86 26 47 77 5 6 1
28 99 96 11 19 24 41 1 58 90 6 41 65 3
29 61 34 78 4 86 75 90 61 33 90 95 72 3
30 86 52 58 83 23 13 45 75 97 11 47 18 1
31 25 46 57 25 90 11 73 82 28 62 68 93 2
32 17 58 53 89 82 19 100 60 83 42 43 42 3
33 76 76 20 58 65 49 66 57 38 20 11 85 2
34 68 23 25 29 73 28 51 2 12 49 32 83 3
35 26 4 94 38 55 73 37 25 38 66 37 72 2
36 74 19 10 1 39 84 44 86 17 14 52 3 3
37 96 51 56 18 9 84 68 75 19 35 64 78 3
38 95 11 48 53 92 88 29 69 27 90 77 77 2
39 72 9 37 68 1 26 31 19 83 94 71 34 3
40 69 70 73 44 70 19 21 10 53 1 27 48 2
41 66 16 31 99 95 73 93 85 11 45 29 65 1
42 90 97 19 55 47 14 72 30 71 9 71 86 2
43 56 64 100 87 45 17 10 24 74 61 70 12 2
44 95 38 12 16 20 95 87 51 14 58 50 64 3
45 12 33 24 36 37 38 84 83 2 63 35 49 3
46 89 52 70 91 50 29 78 9 69 29 33 2 3
47 65 80 50 63 26 37 16 77 24 51 41 75 3
48 5 2 18 32 38 71 68 81 71 62 43 3 3
49 94 79 71 89 55 8 34 71 23 34 11 26 2
