3 50
1936 1915 2417 
0 57 47 75 65 94 84 1 43 3 38 62 48 2
1 91 81 68 58 52 42 2 72 8 64 26 74 1
2 25 15 68 58 102 92 13 65 71 14 69 84 2
3 76 66 92 82 101 91 90 3 2 91 78 48 2
4 23 13 94 84 64 54 68 79 10 45 67 25 1
5 57 47 58 48 66 56 82 74 79 36 2 79 1
6 16 6 71 61 17 7 43 86 63 34 3 56 3
7 33 23 18 8 94 84 78 50 90 48 51 6 3
8 41 31 92 82 42 32 76 26 100 22 38 78 2
9 19 9 95 85 64 54 93 24 54 89 99 62 2
10 23 13 69 59 24 14 2 94 70 84 70 30 2
11 66 56 75 65 83 73 87 42 47 81 56 18 1
12 22 12 57 47 83 73 51 55 43 14 100 39 2
13 87 77 43 33 92 82 12 88 63 7 77 74 1
14 13 3 51 41 90 80 53 47 96 28 47 68 2
15 85 75 17 7 58 48 99 5 97 50 67 60 2
16 106 96 73 63 47 37 89 53 17 4 16 44 1
17 88 78 48 38 101 91 77 53 66 87 85 36 1
18 103 93 58 48 104 94 17 66 17 67 28 14 1
19 56 46 16 6 85 75 8 85 29 78 84 46 1
20 97 87 35 25 82 72 96 41 11 8 38 37 3
21 16 6 101 91 93 83 10 38 65 26 24 92 3
22 100 90 11 1 21 11 26 40 93 55 93 74 1
23 40 30 13 3 77 67 39 53 73 92 97 82 3
24 29 19 80 70 22 12 65 31 28 78 4 96 3
25 96 86 57 47 17 7 29 67 80 97 44 73 3
26 33 23 80 70 26 16 76 15 61 26 77 51 2
27 103 93 44 34 92 82 60 78 29 55 90 29 2
28 90 80 24 14 51 41 21 72 91 91 89 18 3
29 16 6 81 71 53 43 65 73 61 38 2 88 1
30 66 56 80 70 103 93 70 16 70 9 38 20 1
31 73 63 26 16 70 60 30 10 88 39 99 5 2
32 18 8 105 95 83 73 68 6 12 53 64 84 1
33 95 85 48 38 92 82 63 36 25 80 40 43 3
34 65 55 60 50 54 44 23 22 71 54 97 75 3
35 23 13 60 50 96 86 72 18 57 82 88 87 3
36 22 12 45 35 59 49 62 82 13 22 64 11 1
37 80 70 16 6 53 43 7 87 59 5 78 56 2
38 31 21 106 96 72 62 21 45 28 83 36 75 2
39 103 93 99 89 88 78 91 37 96 55 37 39 3
40 54 44 61 51 67 57 27 19 61 27 22 32 1
41 63 53 59 49 56 46 55 3 3 73 63 98 1
42 53 43 11 1 78 68 34 15 4 31 82 4 1
43 68 58 29 19 81 71 80 54 28 94 26 23 2
44 101 91 52 42 110 100 38 97 73 40 74 80 1
45 105 95 50 40 102 92 79 59 32 94 62 11 3
46 92 82 66 56 49 39 12 8 49 19 99 60 2
47 25 15 18 8 110 100 68 31 32 60 67 14 3
48 14 4 32 22 51 41 65 82 23 9 43 58 3
49 62 52 107 97 51 41 66 39 40 93 8 92 3
