3 50
435 506 564 
0 28 26 39 44 58 63 46 18 66 70 55 59 1
1 16 6 42 49 89 83 36 86 96 95 17 93 3
2 73 80 50 51 12 21 3 27 54 62 39 11 3
3 2 5 61 60 1 6 82 19 80 43 71 83 3
4 64 58 10 9 56 51 32 49 7 55 46 49 1
5 62 72 22 18 77 73 64 99 51 45 78 44 2
6 38 47 80 74 101 100 44 72 34 7 48 68 1
7 4 6 42 44 82 91 36 52 50 79 74 98 3
8 70 63 26 30 11 4 37 64 60 36 45 81 2
9 38 28 89 83 24 29 11 12 70 23 7 16 1
10 78 74 19 12 55 59 81 28 92 71 19 13 2
11 18 13 32 24 36 34 63 94 77 45 92 86 3
12 70 66 27 17 53 59 9 28 98 63 58 11 1
13 85 78 35 25 70 71 17 43 57 97 35 37 3
14 63 59 93 93 23 20 17 26 81 12 57 29 3
15 6 7 30 29 38 44 23 14 5 47 22 12 2
16 13 3 85 90 68 76 95 11 33 100 87 90 2
17 23 22 15 17 5 11 99 97 93 87 56 77 2
18 36 35 65 58 65 72 37 32 13 72 1 79 3
19 35 32 95 99 68 65 67 20 81 20 11 98 1
20 60 55 52 62 57 60 32 30 26 31 79 89 1
21 30 22 79 88 49 47 18 28 64 11 93 26 1
22 93 94 35 45 12 3 54 5 89 65 56 66 2
23 57 61 37 43 9 18 79 42 42 48 23 52 1
24 38 43 55 61 80 88 68 89 100 11 99 82 2
25 42 42 47 57 81 71 53 1 23 43 67 17 1
26 80 80 16 23 50 57 69 67 33 99 94 11 3
27 58 50 97 88 17 19 94 29 87 30 2 3 1
28 57 52 64 74 100 97 94 62 13 95 73 88 3
29 17 25 2 4 71 74 71 10 27 93 39 29 2
30 51 60 88 82 20 13 39 46 6 31 68 12 3
31 21 30 17 8 92 95 75 33 91 91 92 7 1
32 22 22 43 52 93 83 8 73 82 83 2 100 2
33 22 15 1 6 101 96 81 96 77 94 83 2 2
34 73 70 59 69 66 67 57 48 55 9 78 94 2
35 101 95 40 30 56 56 15 88 65 32 51 56 1
36 77 74 47 57 36 31 29 33 39 80 34 96 1
37 68 59 25 25 95 92 15 34 95 79 33 41 2
38 12 2 38 45 77 87 89 46 45 36 61 8 3
39 39 37 99 95 48 54 75 57 26 96 93 59 3
40 37 41 9 16 108 98 86 80 46 48 41 59 2
41 3 8 85 90 74 65 57 6 39 79 27 34 2
42 93 100 52 59 19 17 46 2 98 77 69 29 2
43 54 44 67 74 14 5 34 40 8 10 89 41 2
44 10 17 101 96 71 74 64 57 72 86 68 27 1
45 56 65 57 67 71 62 1 2 55 77 22 88 2
46 96 96 24 26 62 65 54 76 68 45 91 65 1
47 12 4 72 78 71 61 87 61 67 49 94 92 3
48 19 17 61 56 87 86 100 67 28 95 64 76 1
49 14 18 20 29 55 47 56 56 43 34 45 93 2
