3 50
2126 2027 1955 
0 23 13 42 32 60 50 72 3 79 42 73 5 1
1 96 86 72 62 57 47 88 9 65 24 23 77 3
2 68 58 110 100 45 35 95 52 35 15 53 93 1
3 84 74 101 91 109 99 39 71 41 15 38 78 3
4 66 56 36 26 15 5 19 17 64 61 55 43 3
5 94 84 102 92 103 93 75 69 56 100 69 77 2
6 67 57 21 11 68 58 50 12 25 68 39 78 3
7 46 36 22 12 107 97 89 4 3 89 78 96 3
8 80 70 30 20 73 63 82 27 86 37 75 87 2
9 59 49 36 26 104 94 41 38 69 98 85 11 2
10 73 63 28 18 74 64 57 78 53 72 22 77 2
11 35 25 43 33 44 34 6 37 69 71 74 8 3
12 69 59 95 85 22 12 65 67 26 22 18 1 3
13 47 37 96 86 44 34 36 98 46 18 89 35 2
14 59 49 106 96 44 34 57 66 70 43 9 70 1
15 17 7 50 40 90 80 71 28 75 48 91 34 3
16 29 19 95 85 62 52 20 58 84 91 26 65 2
17 84 74 37 27 89 79 36 66 23 18 10 30 3
18 62 52 16 6 63 53 10 75 58 64 58 99 3
19 40 30 101 91 69 59 36 28 32 73 7 12 3
20 75 65 22 12 60 50 43 11 76 40 93 27 2
21 109 99 101 91 86 76 96 92 24 52 89 84 3
22 95 85 105 95 16 6 22 36 7 26 4 18 3
23 61 51 33 23 98 88 47 3 41 44 31 31 3
24 44 34 94 84 37 27 62 87 15 9 57 67 3
25 33 23 93 83 54 44 92 71 41 19 41 30 2
26 28 18 66 56 13 3 16 50 80 61 43 66 1
27 84 74 32 22 73 63 7 32 89 57 89 12 1
28 68 58 95 85 29 19 16 43 82 87 67 78 3
29 45 35 17 7 90 80 82 72 26 51 98 27 2
30 44 34 67 57 89 79 60 52 29 1 99 40 3
31 22 12 66 56 19 9 52 31 50 12 60 24 2
32 81 71 67 57 46 36 9 87 43 25 5 21 1
33 28 18 80 70 25 15 96 18 82 100 6 62 1
34 100 90 94 84 89 79 13 83 40 65 72 12 1
35 52 42 88 78 25 15 46 8 25 67 25 64 1
36 101 91 15 5 38 28 93 93 4 48 91 65 1
37 108 98 45 35 81 71 51 66 71 10 47 94 1
38 62 52 28 18 103 93 29 98 26 11 35 29 1
39 39 29 36 26 24 14 21 90 5 40 24 91 2
40 105 95 11 1 18 8 36 12 71 45 96 16 1
41 31 21 28 18 24 14 12 52 58 2 20 90 3
42 27 17 94 84 52 42 13 19 57 98 82 8 1
43 89 79 49 39 102 92 35 80 10 38 2 48 3
44 88 78 46 36 97 87 61 16 84 35 37 51 1
45 46 36 98 88 51 41 52 72 40 64 26 87 2
46 102 92 77 67 59 49 67 55 87 42 91 86 3
47 42 32 26 16 19 9 2 76 76 30 63 95 1
48 80 70 107 97 25 15 93 97 66 9 58 68 2
49 71 61 15 5 60 50 45 58 81 57 8 29 3
