3 50
1363 1220 1426 
0 85 92 4 11 36 29 39 51 97 99 71 97 2
1 47 49 94 91 20 26 38 28 64 54 3 43 1
2 14 23 97 93 74 64 17 35 73 67 8 43 1
3 46 56 3 10 54 57 6 97 21 64 28 6 1
4 99 89 32 39 99 90 62 73 5 12 89 76 1
5 22 22 77 77 24 23 83 54 44 77 13 36 2
6 85 86 14 12 35 39 54 64 94 52 29 18 2
7 59 60 91 99 29 37 30 84 52 43 29 87 3
8 85 86 62 52 18 19 14 72 55 69 39 52 1
9 96 87 47 41 82 88 4 16 45 87 46 92 1
10 48 52 105 99 54 45 37 19 92 45 73 89 2
11 4 8 16 18 30 29 77 19 51 13 62 70 1
12 80 89 27 31 76 74 88 35 33 95 98 75 2
13 77 73 4 11 54 58 35 59 69 69 26 63 3
14 28 37 58 64 96 98 97 99 34 81 83 95 3
15 103 93 11 8 35 30 47 87 23 83 87 5 3
16 65 66 56 52 41 39 49 84 80 86 91 89 1
17 61 57 51 51 43 46 14 65 36 52 99 98 2
18 10 14 31 28 60 51 70 19 5 56 84 26 3
19 51 55 24 21 92 96 14 83 16 9 56 72 1
20 6 6 19 12 11 19 91 96 19 11 53 68 1
21 100 96 70 63 19 21 36 96 85 12 59 33 1
22 77 81 33 39 83 90 11 18 62 88 37 87 1
23 71 71 64 54 36 28 31 25 6 16 19 76 1
24 20 17 37 36 54 54 89 34 57 50 90 65 2
25 77 81 103 95 16 10 92 25 2 100 19 14 1
26 33 31 59 65 95 100 4 68 47 5 53 32 2
27 70 72 19 11 58 49 96 43 64 79 83 2 1
28 60 54 75 77 90 99 2 30 51 33 6 8 1
29 81 84 50 54 27 25 54 50 99 84 16 88 1
30 12 18 57 49 89 79 80 100 65 73 55 3 1
31 83 84 66 71 54 49 36 28 66 44 92 97 3
32 106 96 27 27 56 57 83 49 11 53 91 42 2
33 6 6 80 88 77 79 45 5 96 15 95 74 2
34 65 57 51 55 58 54 67 10 60 63 67 2 3
35 81 74 18 8 44 43 87 9 75 78 97 71 2
36 83 85 59 67 50 50 5 23 73 12 69 7 3
37 54 57 24 24 102 98 4 16 41 34 4 5 3
38 66 61 97 95 44 38 92 87 99 46 45 22 2
39 59 55 1 6 68 64 92 80 49 7 32 34 1
40 19 28 2 2 74 77 20 83 96 2 38 3 3
41 14 10 90 93 64 67 57 76 6 42 47 43 3
42 43 43 10 9 69 68 50 52 58 70 34 30 3
43 93 94 11 17 45 47 18 51 72 8 96 40 2
44 24 16 94 94 64 73 33 71 54 22 89 12 1
45 70 71 71 74 72 68 1 13 92 18 79 43 2
46 12 18 42 49 78 87 22 36 46 9 14 23 2
47 24 14 86 89 62 71 92 57 62 56 40 56 1
48 33 24 67 62 101 93 37 88 14 9 64 86 1
49 21 29 56 47 49 58 61 3 70 73 82 31 2
