3 50
2007 2350 2034 
0 28 25 39 44 71 62 53 5 44 17 37 100 2
1 30 34 77 76 3 11 15 13 81 34 72 74 2
2 10 16 85 86 49 57 21 8 76 54 23 61 1
3 66 57 2 3 61 58 58 21 90 91 20 86 3
4 64 58 10 8 56 51 77 46 90 87 71 49 3
5 45 39 84 86 39 40 38 87 38 63 17 94 3
6 61 71 103 97 24 24 56 6 49 66 63 35 2
7 76 69 16 8 46 46 89 18 70 32 26 97 2
8 20 23 97 89 53 56 28 74 24 77 21 74 2
9 12 4 63 58 1 5 23 24 42 55 22 22 1
10 33 25 61 64 10 10 100 2 21 95 18 68 1
11 95 89 99 99 13 10 53 95 78 29 6 34 2
12 16 18 63 60 20 11 62 7 10 74 67 61 2
13 51 46 99 92 41 31 47 87 96 75 33 75 3
14 87 86 25 21 55 47 16 20 33 21 56 31 2
15 60 58 84 81 92 95 28 21 29 77 98 45 2
16 96 99 79 85 64 64 24 94 89 9 30 70 1
17 38 34 20 20 12 15 85 97 62 65 18 4 3
18 50 55 79 77 108 100 1 42 15 51 82 37 2
19 4 8 72 82 45 49 69 30 55 56 90 52 2
20 19 15 11 21 16 20 88 6 37 92 85 6 3
21 40 45 18 12 75 78 68 95 19 38 98 100 3
22 67 62 15 20 65 71 63 56 9 40 40 23 2
23 83 92 84 75 64 57 64 42 21 32 48 12 2
24 50 58 67 77 105 95 82 86 68 63 48 69 2
25 68 58 73 72 86 87 65 33 38 88 33 66 3
26 21 16 55 58 91 93 87 70 57 68 89 38 2
27 25 25 74 64 1 2 27 48 17 18 51 55 1
28 61 59 76 82 12 4 76 74 41 12 50 83 2
29 77 85 46 55 31 34 86 43 44 73 81 58 1
30 50 51 74 82 6 12 93 65 84 72 65 78 3
31 86 93 82 80 65 66 63 69 49 72 2 94 1
32 45 45 74 76 16 6 59 47 33 62 99 19 2
33 64 71 59 61 35 44 65 59 88 47 50 81 1
34 28 38 35 36 42 35 89 85 12 42 8 39 2
35 39 39 55 65 94 100 40 28 54 1 84 92 2
36 17 22 106 96 76 79 90 8 86 72 96 81 3
37 60 62 30 29 87 95 74 5 38 46 91 87 1
38 63 62 102 96 41 39 15 37 12 10 55 90 1
39 93 84 42 43 10 1 46 96 78 79 98 3 2
40 86 93 69 67 49 50 22 63 72 15 59 82 3
41 17 23 93 98 75 80 28 8 19 80 68 47 2
42 51 44 10 2 69 61 32 7 82 87 71 70 1
43 76 79 2 10 41 32 7 59 49 74 53 72 1
44 18 21 109 99 87 78 80 93 50 93 4 33 3
45 85 76 86 79 87 81 53 24 47 33 29 69 3
46 67 63 5 2 41 40 57 16 16 47 62 30 1
47 34 27 4 10 93 84 44 15 56 48 14 61 1
48 24 29 66 67 92 98 14 60 9 44 1 63 2
49 51 58 78 68 84 79 26 54 46 72 93 8 2
