3 50
558 484 454 
0 57 47 76 66 94 84 96 98 2 63 23 14 1
1 78 68 54 44 31 21 26 55 4 52 14 55 1
2 98 88 40 30 75 65 21 5 25 24 98 17 2
3 50 40 67 57 75 65 63 77 61 20 85 34 2
4 88 78 58 48 29 19 52 18 52 79 72 7 3
5 40 30 48 38 49 39 89 94 87 80 48 36 3
6 65 55 19 9 66 56 72 12 67 5 5 77 3
7 104 94 80 70 65 55 70 76 34 26 34 48 1
8 50 40 92 82 43 33 51 38 98 77 74 23 2
9 89 79 66 56 34 24 45 62 53 81 7 21 1
10 55 45 102 92 56 46 82 24 88 74 99 1 3
11 77 67 85 75 94 84 49 71 69 52 62 65 2
12 99 89 25 15 52 42 12 50 62 21 1 8 2
13 13 3 62 52 18 8 70 30 33 41 29 83 2
14 49 39 88 78 26 16 24 62 19 95 40 26 3
15 79 69 20 10 52 42 35 72 55 20 24 62 1
16 55 45 21 11 88 78 60 12 57 58 39 89 1
17 106 96 67 57 19 9 26 80 71 33 68 88 1
18 28 18 74 64 29 19 17 41 34 31 57 52 3
19 102 92 63 53 31 21 8 68 5 85 73 28 1
20 45 35 84 74 30 20 58 96 61 91 11 20 3
21 31 21 15 5 108 98 14 81 16 28 16 67 2
22 25 15 35 25 46 36 60 83 47 1 49 49 3
23 79 69 43 33 16 6 56 10 5 44 14 22 2
24 86 76 28 18 71 61 20 100 78 57 24 72 1
25 71 61 31 21 92 82 71 53 25 65 94 22 3
26 74 64 12 2 59 49 75 19 83 93 72 55 1
27 62 52 102 92 43 33 23 38 68 44 38 25 2
28 62 52 97 87 23 13 68 92 65 100 14 67 1
29 107 97 79 69 52 42 68 44 36 36 7 53 3
30 14 4 29 19 51 41 53 54 46 90 92 82 1
31 36 26 80 70 33 23 67 64 7 2 66 82 2
32 23 13 109 99 96 86 66 92 48 30 22 33 3
33 98 88 50 40 95 85 96 82 87 33 69 78 2
34 54 44 48 38 43 33 32 3 12 91 37 41 1
35 46 36 82 72 19 9 49 41 17 73 5 47 3
36 103 93 17 7 40 30 99 62 33 85 13 72 2
37 94 84 31 21 67 57 21 58 52 79 13 13 2
38 56 46 22 12 97 87 44 77 85 56 21 27 1
39 101 91 98 88 86 76 19 15 23 14 86 44 2
40 95 85 101 91 108 98 28 89 65 99 50 79 3
41 57 47 54 44 50 40 19 55 78 47 65 22 1
42 21 11 88 78 54 44 8 41 91 45 86 55 3
43 99 89 59 49 20 10 92 27 90 8 98 99 2
44 26 16 84 74 35 25 84 11 96 25 73 56 3
45 60 50 12 2 65 55 70 89 95 41 4 64 3
46 52 42 35 25 109 99 65 36 14 1 37 69 2
47 92 82 84 74 69 59 52 30 95 13 97 10 3
48 98 88 17 7 35 25 80 47 30 81 54 17 3
49 45 35 89 79 34 24 63 63 45 42 87 90 2
