3 50
400 511 510 
0 68 58 87 77 105 95 2 62 76 11 58 77 3
1 45 35 21 11 98 88 50 2 24 78 85 51 1
2 29 19 63 53 106 96 83 45 44 50 10 17 1
3 25 15 34 24 50 40 34 63 63 90 14 97 1
4 19 9 89 79 60 50 95 90 96 21 19 65 3
5 67 57 75 65 76 66 85 91 42 28 49 94 1
6 68 58 14 4 69 59 89 18 49 29 72 62 1
7 79 69 55 45 40 30 2 79 8 12 2 67 1
8 37 27 79 69 30 20 86 96 14 62 79 91 3
9 16 6 93 83 61 51 65 50 5 74 73 66 1
10 58 48 105 95 59 49 80 64 97 59 68 5 2
11 20 10 28 18 37 27 60 58 80 39 29 78 1
12 66 56 92 82 19 9 75 50 98 72 3 84 2
13 20 10 69 59 25 15 30 59 68 7 43 39 2
14 88 78 27 17 65 55 26 73 64 54 42 31 1
15 98 88 39 29 79 69 27 79 46 92 98 99 3
16 62 52 36 26 103 93 87 76 65 69 7 82 1
17 37 27 90 80 50 40 80 69 21 60 2 68 3
18 31 21 85 75 32 22 72 13 70 35 51 67 2
19 89 79 58 48 18 8 31 67 49 66 65 21 2
20 100 90 39 29 85 75 3 67 55 90 31 13 1
21 62 52 46 36 39 29 9 91 45 55 14 2 2
22 88 78 98 88 109 99 84 11 71 52 75 15 3
23 90 80 62 52 27 17 69 22 18 84 20 5 3
24 57 47 107 97 50 40 6 86 65 23 5 44 3
25 34 24 94 84 55 45 71 37 57 62 70 24 3
26 29 19 75 65 22 12 49 83 33 89 49 50 1
27 13 3 53 43 102 92 46 23 52 30 2 51 3
28 45 35 80 70 106 96 32 75 60 71 85 44 2
29 34 24 98 88 71 61 81 9 89 75 41 26 3
30 33 23 56 46 78 68 48 8 77 34 74 38 1
31 35 25 79 69 32 22 87 34 18 41 76 32 3
32 34 24 20 10 107 97 35 18 3 38 72 77 1
33 89 79 33 23 86 76 2 7 52 72 100 74 2
34 13 3 107 97 102 92 31 84 72 100 96 16 3
35 65 55 101 91 38 28 25 85 89 26 94 26 1
36 14 4 36 26 59 49 50 33 42 33 28 59 3
37 13 3 50 40 86 76 27 86 33 64 80 54 1
38 71 61 45 35 12 2 95 47 36 50 26 51 1
39 56 46 53 43 49 39 7 52 99 1 58 82 2
40 26 16 32 22 39 29 32 29 24 8 95 79 1
41 36 26 33 23 29 19 88 81 14 56 6 95 2
42 104 94 71 61 37 27 11 34 96 65 28 7 3
43 46 36 106 96 67 57 3 94 38 55 97 12 1
44 53 43 11 1 62 52 8 84 88 26 2 38 2
45 59 49 11 1 64 54 2 7 81 64 37 27 1
46 31 21 106 96 88 78 43 40 11 99 27 65 3
47 31 21 23 13 16 6 40 77 56 65 58 50 2
48 109 99 36 26 54 44 58 93 36 7 93 9 3
49 12 2 56 46 101 91 35 40 37 8 23 88 2
