3 50
1976 1990 2032 
0 68 58 86 76 105 95 43 68 83 84 69 6 2
1 66 56 43 33 19 9 85 89 10 60 32 11 3
2 56 46 91 81 33 23 100 37 66 29 6 9 1
3 51 41 59 49 76 66 63 87 88 30 29 73 2
4 54 44 25 15 95 85 25 42 53 80 77 51 2
5 84 74 85 75 93 83 76 97 93 72 9 17 2
6 19 9 66 56 20 10 79 28 55 80 87 34 2
7 108 98 93 83 69 59 25 66 5 80 50 29 3
8 36 26 79 69 29 19 9 20 73 48 19 50 1
9 46 36 22 12 91 81 39 72 31 15 93 88 1
10 26 16 72 62 27 17 71 73 19 22 88 26 2
11 109 99 18 8 26 16 17 34 41 26 58 67 1
12 89 79 16 6 42 32 45 72 69 65 2 45 2
13 94 84 42 32 99 89 40 65 67 74 49 12 1
14 44 34 82 72 21 11 19 40 94 24 68 21 1
15 104 94 44 34 77 67 62 13 2 28 30 36 2
16 21 11 88 78 54 44 59 46 59 11 27 61 3
17 19 9 71 61 32 22 1 11 87 24 46 84 3
18 106 96 61 51 107 97 83 16 40 27 22 26 2
19 43 33 11 1 72 62 97 59 54 92 56 98 1
20 52 42 90 80 37 27 9 73 6 98 76 17 3
21 47 37 32 22 24 14 56 88 63 60 66 14 1
22 63 53 74 64 84 74 52 80 77 19 50 15 1
23 59 49 24 14 96 86 5 60 91 1 42 20 1
24 108 98 51 41 101 91 51 43 19 21 16 87 1
25 59 49 12 2 72 62 83 21 15 37 7 4 2
26 96 86 43 33 81 71 15 51 94 7 64 17 1
27 62 52 103 93 43 33 7 59 14 15 70 17 1
28 73 63 107 97 34 24 23 46 71 80 61 19 1
29 35 25 108 98 80 70 76 93 40 17 28 81 2
30 85 75 107 97 30 20 37 37 55 41 91 57 1
31 72 62 17 7 69 59 5 95 44 13 68 69 3
32 21 11 108 98 94 84 83 6 52 83 69 14 2
33 86 76 31 21 83 73 5 17 89 91 53 90 2
34 24 14 19 9 105 95 73 54 9 94 91 8 1
35 42 32 79 69 15 5 75 81 34 14 39 19 3
36 41 31 56 46 78 68 78 82 91 49 76 4 2
37 99 89 35 25 72 62 20 29 26 19 32 25 3
38 54 44 21 11 95 85 13 25 67 68 19 26 2
39 58 48 54 44 43 33 41 63 71 85 45 34 2
40 85 75 92 82 98 88 67 75 89 85 64 51 1
41 42 32 38 28 35 25 36 34 73 34 89 27 1
42 36 26 102 92 61 51 26 94 43 86 19 11 1
43 15 5 76 66 28 18 44 100 48 65 43 80 3
44 28 18 79 69 37 27 91 19 17 87 81 22 2
45 96 86 49 39 101 91 92 27 81 71 60 71 1
46 63 53 45 35 20 10 8 96 80 77 78 27 2
47 72 62 57 47 49 39 73 90 36 31 40 46 1
48 25 15 43 33 62 52 53 30 59 24 92 44 2
49 29 19 82 72 26 16 58 77 73 67 88 35 1
