3 50
1295 1225 1258 
0 101 91 20 10 38 28 52 72 75 28 85 93 1
1 54 44 38 28 15 5 6 58 53 68 16 83 1
2 14 4 48 38 91 81 76 95 97 63 3 53 3
3 42 32 51 41 67 57 21 94 95 49 36 15 3
4 104 94 82 72 53 43 39 94 58 61 33 4 2
5 40 30 48 38 49 39 46 61 7 81 50 52 2
6 69 59 15 5 70 60 99 4 25 60 20 21 3
7 96 86 80 70 57 47 81 67 100 84 59 14 1
8 98 88 48 38 99 89 4 70 56 70 45 48 1
9 105 95 74 64 50 40 40 8 95 82 57 79 2
10 67 57 22 12 68 58 44 73 61 50 10 84 2
11 49 39 57 47 66 56 99 95 83 71 35 41 2
12 43 33 69 59 96 86 52 2 95 19 4 61 2
13 33 23 90 80 38 28 90 18 54 36 91 45 1
14 89 79 28 18 74 64 44 92 33 15 95 79 1
15 71 61 104 94 44 34 99 47 48 60 81 31 2
16 99 89 73 63 40 30 15 56 94 52 71 97 3
17 22 12 83 73 35 25 4 90 79 90 13 26 3
18 48 38 102 92 49 39 2 76 14 73 1 48 3
19 58 48 27 17 87 77 84 40 91 71 40 33 1
20 65 55 12 2 50 40 69 81 34 97 4 42 3
21 55 45 39 29 24 14 52 19 51 58 37 23 1
22 69 59 79 69 90 80 84 32 56 2 62 95 1
23 31 21 103 93 76 66 86 39 93 63 37 58 3
24 94 84 36 26 87 77 54 25 24 87 95 45 3
25 15 5 75 65 36 26 46 97 97 84 36 4 2
26 110 100 48 38 95 85 97 96 89 79 28 22 2
27 74 64 22 12 63 53 91 100 54 83 44 31 1
28 102 92 29 19 63 53 49 32 49 59 82 87 2
29 99 89 71 61 44 34 69 44 70 34 28 28 3
30 98 88 21 11 43 33 23 19 74 69 65 8 2
31 24 14 76 66 21 11 90 37 93 67 58 88 3
32 59 49 45 35 32 22 74 45 21 71 56 22 1
33 54 44 98 88 51 41 78 27 9 34 13 56 1
34 90 80 76 66 71 61 20 61 95 51 22 4 2
35 14 4 50 40 87 77 66 40 57 28 41 25 2
36 63 53 85 75 108 98 41 70 47 59 45 77 2
37 70 60 107 97 43 33 59 76 37 54 99 58 2
38 24 14 98 88 65 55 1 96 13 29 23 87 1
39 29 19 18 8 14 4 15 6 69 36 15 17 1
40 35 25 41 31 48 38 72 12 68 65 83 3 3
41 73 63 70 60 66 56 54 20 19 56 21 11 3
42 61 51 20 10 86 76 60 96 95 25 24 16 2
43 95 85 55 45 108 98 71 60 90 43 93 58 2
44 34 24 92 82 43 33 27 40 83 11 2 20 3
45 56 46 100 90 53 43 4 49 76 56 37 19 3
46 52 42 27 17 109 99 58 45 79 20 80 47 1
47 56 46 48 38 41 31 37 84 75 51 58 35 2
48 58 48 77 67 95 85 42 15 42 35 68 70 2
49 29 19 73 63 18 8 10 61 37 37 43 89 1
