3 50
1785 1993 2155 
0 12 2 31 21 49 39 64 10 76 39 14 81 1
1 29 19 105 95 82 72 5 87 60 20 43 74 2
2 45 35 79 69 14 4 29 94 24 77 35 7 1
3 17 7 26 16 42 32 56 98 57 73 12 64 2
4 35 25 105 95 84 74 50 64 75 92 93 21 1
5 67 57 75 65 76 66 3 50 76 3 6 4 1
6 64 54 18 8 65 55 54 8 57 45 79 63 1
7 71 61 55 45 32 22 77 42 19 65 75 68 3
8 93 83 35 25 86 76 51 42 42 85 34 46 3
9 32 22 109 99 77 67 48 37 54 75 76 51 2
10 70 60 25 15 71 61 9 13 100 36 81 2 3
11 92 82 100 90 101 91 56 63 87 52 91 72 1
12 110 100 36 26 63 53 5 93 37 84 80 12 3
13 40 30 89 79 45 35 3 4 32 64 21 8 3
14 28 18 67 57 105 95 59 45 53 22 50 8 2
15 90 80 31 21 63 53 84 75 42 81 46 63 1
16 14 4 80 70 55 45 7 41 12 1 40 88 2
17 53 43 106 96 66 56 61 87 100 35 37 74 2
18 59 49 105 95 60 50 34 68 29 56 46 100 1
19 45 35 14 4 82 72 84 35 7 56 90 91 3
20 20 10 67 57 105 95 83 86 99 34 73 47 3
21 78 68 70 60 55 45 37 37 58 56 94 51 2
22 32 22 42 32 53 43 45 13 78 28 9 21 2
23 50 40 14 4 87 77 78 95 72 72 71 42 3
24 73 63 15 5 58 48 55 78 13 25 66 46 1
25 78 68 38 28 99 89 83 15 46 12 45 98 2
26 65 55 11 1 50 40 42 39 13 32 47 87 3
27 33 23 73 63 14 4 29 46 15 49 22 78 1
28 85 75 12 2 46 36 83 84 67 46 98 42 1
29 26 16 98 88 63 53 2 93 64 20 37 48 3
30 25 15 48 38 62 52 28 37 19 6 2 82 2
31 23 13 75 65 20 10 67 86 100 31 62 93 1
32 70 60 56 46 43 33 77 80 58 51 22 50 2
33 37 27 89 79 34 24 72 11 17 39 19 19 2
34 41 31 35 25 30 20 47 7 59 76 50 8 2
35 33 23 69 59 106 96 97 82 94 57 9 22 3
36 82 72 104 94 19 9 93 85 9 3 6 3 3
37 89 79 26 16 62 52 18 37 64 39 24 14 2
38 47 37 13 3 80 70 98 47 30 35 23 94 3
39 84 74 73 63 69 59 84 4 10 42 7 40 3
40 66 56 72 62 79 69 76 66 60 7 39 51 1
41 52 42 49 39 45 35 18 17 6 72 38 38 3
42 44 34 11 1 69 59 56 98 90 20 89 11 1
43 42 32 102 92 55 45 15 90 20 56 67 87 1
44 61 51 19 9 70 60 81 16 18 83 52 4 2
45 47 37 99 89 52 42 83 61 27 88 86 5 3
46 23 13 106 96 80 70 52 49 40 78 85 47 3
47 95 85 87 77 80 70 98 29 70 50 98 58 1
48 69 59 88 78 106 96 28 70 29 39 49 68 1
49 96 86 40 30 85 75 91 27 88 87 77 50 3
