3 50
603 425 482 
0 13 3 31 21 50 40 77 98 81 49 3 93 1
1 107 97 92 82 68 58 68 42 27 6 35 86 2
2 17 7 52 42 94 84 22 59 8 57 94 83 3
3 92 82 100 90 17 7 68 71 86 83 15 36 2
4 99 89 70 60 40 30 11 79 42 17 56 15 2
5 57 47 58 48 66 56 56 72 85 6 26 8 3
6 20 10 67 57 21 11 81 93 41 4 31 72 1
7 41 31 18 8 102 92 25 22 64 76 53 97 2
8 93 83 36 26 86 76 47 12 26 6 77 34 2
9 103 93 79 69 48 38 78 39 6 47 61 21 1
10 103 93 57 47 104 94 39 63 59 11 73 84 3
11 102 92 11 1 11 1 24 87 35 50 74 13 1
12 86 76 13 3 39 29 91 79 97 95 61 92 3
13 67 57 15 5 72 62 49 22 33 19 78 97 3
14 65 55 103 93 50 40 82 13 63 14 1 95 2
15 93 83 25 15 66 56 82 58 95 96 29 55 2
16 62 52 29 19 95 85 10 49 62 21 39 63 1
17 72 62 24 14 85 75 52 84 53 21 93 32 2
18 83 73 30 20 84 74 59 19 29 38 97 7 2
19 92 82 60 50 29 19 6 70 3 70 20 53 2
20 69 59 15 5 54 44 49 61 7 39 73 97 2
21 92 82 85 75 69 59 41 29 27 47 12 3 2
22 56 46 67 57 77 67 5 65 94 90 68 64 3
23 80 70 53 43 17 7 3 51 74 19 100 45 3
24 21 11 64 54 14 4 28 80 48 79 97 12 2
25 52 42 13 3 73 63 89 66 17 6 17 22 3
26 105 95 44 34 90 80 43 65 89 51 95 90 3
27 83 73 32 22 72 62 52 85 7 37 34 55 3
28 58 48 84 74 19 9 43 52 46 92 34 63 1
29 16 6 89 79 61 51 59 24 7 60 4 34 3
30 74 64 96 86 11 1 64 40 5 1 10 32 2
31 85 75 30 20 82 72 34 73 55 19 89 48 2
32 82 72 61 51 47 37 40 85 73 7 47 81 2
33 47 37 92 82 36 26 8 99 39 54 32 43 1
34 37 27 24 14 18 8 3 13 45 94 39 51 1
35 55 45 92 82 28 18 68 51 75 3 95 12 3
36 62 52 77 67 99 89 25 60 84 2 99 7 1
37 104 94 40 30 77 67 31 29 49 78 66 66 1
38 63 53 30 20 104 94 76 33 91 22 22 17 2
39 83 73 71 61 68 58 32 3 48 90 62 71 3
40 106 96 13 3 19 9 13 72 53 65 28 31 2
41 47 37 43 33 40 30 68 7 95 93 92 22 1
42 13 3 79 69 46 36 36 71 67 54 20 77 1
43 72 62 33 23 93 83 43 30 82 12 29 53 2
44 93 83 44 34 102 92 22 1 45 88 40 32 1
45 109 99 62 52 14 4 54 37 24 1 39 49 2
46 92 82 74 64 49 39 92 87 41 78 15 79 3
47 61 51 54 44 46 36 61 32 19 65 48 61 3
48 54 44 72 62 91 81 71 69 85 10 59 79 2
49 78 68 23 13 67 57 30 25 18 81 4 49 3
