3 50
1812 2056 2179 
0 62 4 39 22 23 41 72 6 20 75 56 18 1
1 31 52 39 87 56 29 1 48 19 90 46 25 1
2 12 18 21 89 21 59 62 33 30 46 34 39 1
3 64 7 49 54 25 8 88 63 71 44 65 18 1
4 34 84 10 27 79 77 27 75 95 4 94 100 2
5 13 58 22 12 22 59 76 91 10 84 15 9 2
6 10 21 58 48 15 74 82 22 19 87 89 11 2
7 72 36 12 74 53 13 89 21 53 70 78 4 1
8 99 41 59 8 12 74 37 100 25 47 81 96 3
9 75 14 43 69 12 15 68 31 49 8 39 66 2
10 11 64 4 2 88 49 6 41 33 40 98 82 1
11 39 95 12 6 84 16 54 99 20 76 37 50 1
12 99 16 60 59 20 9 41 94 99 95 91 42 3
13 82 68 31 7 71 53 86 20 41 80 94 59 1
14 95 93 68 19 40 54 33 31 86 73 13 58 2
15 92 61 45 83 97 6 62 4 19 5 54 20 3
16 42 89 87 76 39 54 88 14 47 37 76 100 2
17 90 4 27 99 63 93 3 50 46 29 96 9 2
18 15 5 51 20 88 42 98 90 35 69 90 60 1
19 70 94 66 61 55 35 64 24 72 29 78 35 2
20 34 77 30 84 27 90 16 91 72 33 59 93 3
21 31 56 92 14 52 81 66 50 64 43 43 47 3
22 24 40 77 91 21 49 12 55 20 68 55 72 1
23 84 11 69 93 61 76 70 100 12 96 51 88 1
24 33 21 78 39 22 58 54 89 15 60 67 41 2
25 47 52 11 67 84 81 31 11 55 47 53 16 3
26 92 18 13 61 41 95 81 36 51 74 74 89 3
27 88 12 48 50 17 89 9 73 23 2 18 17 3
28 46 74 59 96 71 27 29 47 20 63 83 11 3
29 37 63 45 34 62 4 93 13 81 58 75 47 2
30 69 2 42 32 6 63 77 6 88 51 68 29 3
31 88 16 21 2 45 89 16 64 14 34 66 43 3
32 64 56 93 86 29 17 71 70 40 60 80 61 3
33 15 69 60 60 4 50 65 68 14 74 4 21 1
34 16 80 72 79 29 77 12 28 28 85 20 81 3
35 21 21 82 56 50 82 91 27 2 51 55 30 2
36 45 16 74 99 10 81 19 56 18 17 25 50 3
37 87 53 40 19 100 94 28 82 93 89 76 32 3
38 15 40 67 75 12 17 62 49 84 4 21 78 2
39 64 43 20 1 85 60 82 67 84 98 19 40 2
40 56 31 61 6 65 80 38 64 15 90 70 71 1
41 10 66 74 48 31 23 78 70 45 18 55 44 3
42 90 66 18 33 47 91 99 86 64 19 59 24 3
43 15 18 60 48 12 79 43 80 19 35 60 93 2
44 67 83 83 54 92 32 84 87 33 51 34 34 3
45 23 59 36 61 48 56 92 60 44 72 39 54 1
46 61 58 49 96 30 35 44 60 53 58 14 56 1
47 17 54 93 36 78 11 76 14 6 92 48 45 2
48 85 19 97 50 18 80 29 40 17 19 16 51 3
49 58 68 34 79 11 97 33 40 65 96 65 87 2
