3 50
1302 1358 1129 
0 90 80 109 99 27 17 46 11 10 36 38 96 1
1 87 77 63 53 40 30 80 7 73 70 71 78 2
2 83 73 25 15 60 50 12 26 28 60 41 34 3
3 67 57 84 74 92 82 26 5 1 2 41 59 1
4 73 63 51 41 22 12 11 29 25 90 66 12 2
5 21 11 21 11 30 20 62 23 66 99 1 79 1
6 66 56 20 10 67 57 20 34 35 48 62 17 2
7 29 19 105 95 82 72 66 24 14 66 36 57 1
8 11 1 61 51 12 2 38 53 39 51 48 97 1
9 78 68 47 37 23 13 79 96 66 16 52 71 1
10 64 54 19 9 65 55 81 82 100 58 27 42 1
11 106 96 14 4 23 13 30 40 69 40 23 22 1
12 84 74 110 100 37 27 32 32 13 6 82 33 1
13 34 24 83 73 31 21 25 39 75 9 8 43 1
14 58 48 97 87 35 25 23 92 42 90 52 18 3
15 44 34 85 75 25 15 27 20 2 4 54 41 2
16 92 82 58 48 25 15 55 6 77 74 65 76 3
17 99 89 52 42 104 94 79 18 25 4 19 58 2
18 45 35 99 89 46 36 32 56 34 25 62 11 2
19 71 61 32 22 100 90 22 94 6 10 16 27 2
20 110 100 57 47 95 85 84 35 14 23 22 68 2
21 24 14 108 98 101 91 69 56 8 100 5 35 3
22 106 96 16 6 27 17 21 34 71 22 85 41 2
23 20 10 84 74 57 47 79 58 17 61 91 84 1
24 15 5 57 47 108 98 39 57 24 83 89 43 1
25 52 42 12 2 73 63 5 19 76 24 54 67 1
26 47 37 93 83 32 22 91 87 92 45 84 76 2
27 23 13 63 53 104 94 10 22 15 57 88 17 2
28 19 9 46 36 80 70 18 34 2 41 9 95 3
29 80 70 44 34 17 7 13 92 65 95 11 12 1
30 79 69 102 92 16 6 78 39 30 66 64 64 2
31 25 15 77 67 30 20 12 84 98 6 5 81 3
32 56 46 34 24 21 11 97 90 92 22 40 75 3
33 63 53 15 5 60 50 1 28 10 25 38 53 2
34 31 21 25 15 12 2 45 74 47 67 85 5 2
35 103 93 39 29 76 66 73 81 86 12 79 58 2
36 52 42 66 56 89 79 60 41 89 94 25 35 1
37 51 41 88 78 24 14 36 80 64 11 92 9 1
38 109 99 75 65 50 40 75 66 67 80 27 83 3
39 74 64 63 53 59 49 89 13 72 90 92 68 1
40 96 86 102 92 109 99 74 46 14 99 25 97 2
41 94 84 91 81 87 77 83 64 65 6 34 60 3
42 78 68 37 27 103 93 32 92 43 31 72 22 3
43 48 38 100 90 61 51 38 49 62 96 77 32 3
44 107 97 65 55 16 6 25 50 72 78 68 39 1
45 57 47 101 91 54 44 93 54 91 53 96 32 2
46 73 63 56 46 38 28 88 4 44 88 55 100 1
47 17 7 109 99 94 84 37 84 59 35 64 94 1
48 39 29 58 48 76 66 45 37 62 20 74 1 3
49 54 44 98 88 43 33 63 41 11 60 98 10 3
