3 50
456 464 490 
0 102 92 20 10 39 29 72 76 3 100 20 6 3
1 40 30 17 7 93 83 5 2 1 60 91 31 2
2 86 76 21 11 63 53 97 61 75 43 47 24 3
3 17 7 25 15 42 32 23 93 41 59 78 90 1
4 68 58 39 29 17 7 28 7 98 27 81 93 2
5 30 20 31 21 39 29 16 23 67 29 71 59 3
6 17 7 64 54 18 8 47 2 88 69 47 61 1
7 66 56 43 33 27 17 60 72 3 87 71 66 2
8 98 88 49 39 99 89 87 16 32 87 33 1 3
9 76 66 44 34 21 11 15 65 51 20 50 78 2
10 100 90 54 44 101 91 71 64 18 61 76 13 3
11 59 49 68 58 76 66 18 64 73 74 12 71 2
12 19 9 46 36 72 62 14 22 33 2 27 48 2
13 60 50 16 6 65 55 69 40 91 75 64 71 1
14 34 24 72 62 11 1 36 37 66 14 25 78 1
15 66 56 106 96 39 29 29 59 76 69 14 96 3
16 47 37 14 4 88 78 12 33 13 28 35 56 1
17 41 31 101 91 54 44 13 60 80 40 78 82 3
18 72 62 27 17 73 63 45 35 22 20 80 55 1
19 105 95 73 63 34 24 52 24 50 19 23 60 1
20 14 4 60 50 99 89 93 19 47 17 99 45 3
21 61 51 54 44 38 28 47 91 99 86 70 98 2
22 93 83 104 94 14 4 20 58 37 2 6 92 3
23 69 59 34 24 106 96 62 59 72 69 63 38 1
24 42 32 93 83 35 25 25 29 40 22 44 12 2
25 89 79 50 40 110 100 23 95 40 57 67 20 3
26 42 32 89 79 27 17 92 40 35 13 76 78 2
27 32 22 73 63 13 3 58 58 31 67 90 54 3
28 75 65 101 91 36 26 13 78 14 73 25 53 3
29 97 87 70 60 34 24 49 100 93 32 24 1 3
30 55 45 69 59 92 82 14 77 38 20 83 89 3
31 86 76 39 29 83 73 58 25 100 3 49 17 3
32 71 61 58 48 36 26 10 22 100 79 45 26 2
33 56 46 101 91 53 43 36 54 42 21 50 76 3
34 78 68 73 63 59 49 8 39 51 43 81 24 1
35 36 26 73 63 109 99 78 100 92 97 87 31 1
36 43 33 66 56 80 70 58 76 59 90 69 8 2
37 85 75 21 11 58 48 42 29 82 96 28 26 3
38 48 38 15 5 81 71 33 4 43 5 99 90 1
39 28 18 16 6 13 3 87 57 16 82 15 42 1
40 75 65 82 72 88 78 32 9 79 55 53 82 1
41 68 58 64 54 61 51 3 75 39 13 13 80 3
42 30 20 96 86 63 53 100 12 67 21 59 2 3
43 25 15 86 76 46 36 32 12 31 33 33 36 3
44 66 56 17 7 75 65 89 80 45 24 7 57 1
45 18 8 63 53 15 5 11 2 64 83 36 41 1
46 21 11 95 85 78 68 57 21 43 63 97 84 2
47 22 12 15 5 99 89 78 18 85 42 9 93 2
48 43 33 61 51 80 70 42 65 93 78 62 59 1
49 11 1 56 46 100 90 71 50 15 43 20 42 1
