3 50
1800 2112 2301 
0 25 48 9 67 86 85 30 45 6 37 69 14 3
1 89 41 6 75 14 10 59 75 55 52 55 27 1
2 3 99 3 69 12 48 13 11 55 69 31 6 1
3 27 60 11 6 88 53 17 13 49 2 10 36 2
4 20 41 97 83 65 34 64 37 35 72 56 80 2
5 88 10 96 57 5 11 67 82 2 83 45 89 3
6 56 42 5 68 61 95 26 1 95 55 79 27 2
7 66 20 99 59 39 97 20 64 84 14 76 3 1
8 33 34 94 100 46 75 76 23 61 12 30 46 3
9 85 67 46 13 14 68 30 71 89 39 54 48 1
10 50 32 34 79 27 17 2 24 71 15 35 41 1
11 38 64 2 74 75 85 97 49 100 97 8 53 1
12 18 73 78 23 39 66 24 55 30 100 79 72 3
13 61 37 1 75 42 22 67 99 46 38 73 33 3
14 86 97 58 32 31 58 1 12 10 24 3 79 3
15 51 1 95 24 48 38 42 30 63 15 19 24 2
16 1 30 45 16 90 3 56 100 12 17 44 25 2
17 81 29 17 23 54 10 57 21 66 66 2 75 2
18 5 46 42 68 78 83 11 25 37 14 30 11 1
19 96 87 85 53 81 20 33 26 68 23 62 85 2
20 44 66 41 72 37 79 61 100 37 69 43 58 1
21 58 64 18 23 79 89 60 86 6 83 26 21 3
22 75 73 27 31 72 82 52 79 75 89 36 53 3
23 7 79 99 54 92 36 1 27 48 87 75 66 1
24 92 57 36 76 89 2 53 30 52 36 98 80 1
25 37 9 10 23 74 38 49 54 78 22 13 32 2
26 15 7 35 41 64 84 53 97 2 77 21 72 3
27 90 4 59 43 19 81 2 29 70 31 37 51 3
28 17 6 21 29 34 51 4 20 76 15 96 61 1
29 3 44 12 14 28 85 79 4 68 85 83 98 2
30 68 18 32 41 5 71 32 20 90 82 91 53 2
31 99 64 31 51 56 37 86 39 51 2 73 35 3
32 71 56 99 95 28 25 20 94 98 16 78 74 1
33 90 14 34 96 79 87 11 82 19 86 61 59 2
34 54 85 11 83 67 82 18 44 81 38 37 74 2
35 32 26 92 60 53 95 7 78 9 69 44 31 2
36 44 85 80 59 9 42 95 18 58 66 84 21 3
37 22 53 74 20 35 86 15 98 51 32 3 19 1
38 65 21 18 55 70 98 96 67 6 99 73 30 3
39 70 75 35 34 99 92 24 48 71 9 84 23 2
40 51 8 55 82 60 57 97 24 34 48 61 49 2
41 16 34 81 17 45 91 54 1 31 36 6 33 3
42 96 83 25 49 61 8 20 7 24 52 72 94 3
43 82 42 26 65 71 95 29 23 18 100 84 67 1
44 41 48 50 26 58 5 27 7 19 38 7 18 3
45 86 59 98 54 11 56 27 10 36 60 17 97 3
46 19 50 100 89 80 27 27 64 19 87 71 89 3
47 71 22 56 97 32 79 100 98 13 69 83 100 2
48 31 12 52 50 64 81 57 11 54 32 15 95 2
49 20 29 97 47 81 58 79 26 6 87 58 3 3
