3 50
1338 1402 1163 
0 53 71 30 89 6 8 75 49 44 10 74 25 3
1 14 67 22 2 39 44 30 51 91 50 45 91 2
2 39 25 40 96 48 66 98 71 93 31 60 67 1
3 47 6 24 53 100 7 60 49 28 3 12 54 3
4 53 15 21 66 98 8 61 99 25 68 9 30 1
5 84 49 93 95 1 50 75 38 21 38 48 45 2
6 97 44 45 71 94 97 80 7 69 67 52 32 2
7 7 27 47 73 80 12 100 72 89 74 24 61 1
8 14 4 66 71 27 45 95 30 96 42 53 16 2
9 6 97 74 52 43 98 65 43 28 54 88 12 1
10 18 99 11 37 95 84 69 73 35 97 75 68 2
11 98 6 71 17 35 27 49 55 34 52 16 82 2
12 18 79 79 30 39 72 55 41 23 80 74 33 1
13 21 87 62 34 2 72 47 96 98 99 63 30 2
14 30 36 3 70 67 5 67 43 31 56 71 75 2
15 3 96 56 18 100 33 28 93 33 75 95 44 1
16 77 56 22 43 74 29 43 10 17 75 100 39 3
17 41 35 78 30 14 16 44 40 76 9 86 59 1
18 58 56 94 71 31 93 80 55 58 4 58 50 2
19 5 41 93 8 90 82 88 92 63 82 13 18 2
20 97 76 93 83 90 89 53 62 23 35 79 12 2
21 90 99 51 65 3 32 29 32 19 91 62 82 1
22 35 59 80 10 32 68 21 28 1 60 44 85 1
23 59 90 44 72 36 47 3 15 16 97 43 48 3
24 16 72 61 90 5 17 9 67 1 95 52 82 2
25 6 75 70 90 43 4 57 77 2 87 60 26 1
26 19 33 48 68 76 10 92 57 92 87 49 27 2
27 11 59 79 97 40 36 31 98 38 14 8 74 3
28 45 69 50 91 62 14 98 29 19 87 60 70 1
29 20 54 28 25 45 3 93 64 64 49 3 82 1
30 36 77 1 99 73 30 72 21 94 48 45 49 2
31 51 7 84 93 8 72 57 14 75 62 78 96 3
32 87 99 24 29 52 60 82 52 23 3 88 63 3
33 62 4 7 95 43 77 54 61 22 32 54 97 3
34 23 99 79 6 36 4 6 93 58 84 64 18 3
35 68 64 37 91 97 25 52 58 13 80 14 42 1
36 60 87 89 70 25 52 7 32 18 84 82 75 1
37 78 56 31 22 91 89 41 27 23 70 76 77 1
38 34 31 78 74 31 8 11 43 43 90 11 18 3
39 11 14 75 72 40 31 41 19 18 95 24 62 3
40 15 66 20 41 24 15 61 49 85 71 99 83 2
41 81 61 45 43 10 18 95 52 33 28 87 100 1
42 37 73 65 32 94 90 6 78 10 22 62 46 3
43 6 33 51 63 95 86 1 3 93 28 73 73 3
44 98 78 6 49 15 27 58 94 60 8 16 28 2
45 90 46 3 48 15 51 18 81 28 5 6 12 1
46 96 13 84 43 65 82 66 26 8 55 76 83 3
47 60 41 44 15 21 98 95 47 66 30 7 15 3
48 72 6 84 45 5 75 77 100 57 39 98 12 2
49 41 39 25 58 2 68 59 82 61 14 11 61 2
