3 50
567 545 453 
0 66 70 85 89 17 7 50 64 98 20 48 84 3
1 104 95 22 29 77 72 46 69 22 32 63 81 1
2 51 61 26 31 11 2 4 45 37 72 49 6 2
3 58 58 7 4 53 59 76 76 9 70 58 98 3
4 5 15 72 65 18 8 19 4 17 40 87 2 1
5 26 16 73 63 7 17 63 60 72 5 30 29 2
6 67 68 88 94 30 21 17 88 56 64 79 76 3
7 81 90 34 29 72 67 84 4 74 48 85 96 1
8 65 56 29 30 93 97 11 4 27 98 64 62 2
9 80 73 31 27 74 74 51 81 73 60 44 87 3
10 44 42 80 89 21 27 71 37 30 52 89 76 2
11 75 82 100 92 1 3 42 82 10 27 23 9 3
12 40 31 66 73 23 24 72 54 56 88 96 20 2
13 55 55 95 93 45 40 99 53 43 31 39 39 3
14 57 63 95 98 33 32 22 44 55 78 64 70 2
15 50 47 66 62 82 84 58 23 44 52 100 63 3
16 62 52 45 38 17 25 59 3 97 65 54 63 1
17 38 47 41 33 33 28 92 15 36 85 44 2 2
18 78 76 107 98 7 13 100 19 88 44 68 1 3
19 13 17 94 91 54 58 90 18 7 56 51 6 2
20 42 36 34 42 47 49 23 52 83 78 54 80 2
21 33 30 95 89 52 55 30 39 61 91 35 33 1
22 18 27 87 85 37 36 92 65 93 34 8 71 2
23 12 21 13 4 85 86 43 54 38 19 80 71 1
24 79 87 1 6 21 24 69 45 83 11 84 23 3
25 82 91 8 5 21 20 35 39 31 64 9 72 1
26 76 69 2 3 46 46 81 76 62 92 50 31 1
27 50 42 70 73 9 11 72 4 42 69 33 45 3
28 91 84 6 7 21 29 82 70 79 84 50 23 1
29 23 14 79 84 48 55 9 3 51 85 35 65 2
30 63 68 95 99 19 29 66 66 62 94 93 35 2
31 88 78 63 57 38 43 77 76 37 10 28 46 2
32 30 30 51 61 93 91 68 68 10 24 49 71 2
33 56 60 43 42 27 33 90 67 47 98 99 68 2
34 81 75 67 73 74 72 39 31 67 5 23 49 1
35 109 100 25 34 72 69 37 61 5 2 74 29 3
36 42 35 18 17 101 92 35 18 34 65 81 60 1
37 50 59 28 26 98 92 99 26 92 26 61 88 1
38 95 91 34 25 60 68 82 93 98 81 30 92 3
39 52 61 22 20 69 78 31 2 44 32 10 14 3
40 12 18 82 92 67 67 37 65 43 26 15 18 1
41 77 76 45 51 27 33 41 69 95 57 37 16 3
42 21 17 67 75 26 34 93 64 18 88 100 69 3
43 71 68 89 91 15 21 25 74 25 48 13 1 3
44 79 82 70 60 40 39 34 33 72 76 92 47 3
45 61 65 54 60 55 62 28 51 33 85 66 84 2
46 76 80 22 19 58 57 98 4 21 69 33 93 3
47 54 64 53 47 13 21 26 65 46 31 81 81 3
48 17 18 59 56 93 87 24 68 92 44 15 79 1
49 80 79 94 97 8 8 84 62 80 10 49 89 2
