3 50
1305 1234 1190 
0 46 36 64 54 83 73 40 60 39 37 38 81 3
1 24 14 101 91 77 67 82 93 66 40 43 85 2
2 102 92 37 27 71 61 15 83 93 10 99 45 1
3 109 99 17 7 34 24 7 3 29 94 17 100 1
4 92 82 63 53 33 23 91 62 17 32 21 59 2
5 30 20 39 29 39 29 98 19 27 16 83 7 1
6 21 11 68 58 14 4 47 26 91 3 63 36 3
7 66 56 43 33 19 9 6 19 88 31 3 75 1
8 54 44 105 95 55 45 76 83 28 53 90 2 1
9 92 82 60 50 37 27 80 43 85 99 7 56 3
10 20 10 66 56 21 11 13 31 32 95 13 24 3
11 31 21 32 22 40 30 72 6 97 36 11 22 1
12 63 53 90 80 16 6 21 83 95 14 79 21 3
13 80 70 36 26 85 75 46 69 8 62 75 65 1
14 74 64 12 2 51 41 43 82 14 28 96 28 2
15 58 48 98 88 31 21 12 34 30 52 3 34 3
16 99 89 66 56 32 22 93 45 65 47 8 97 3
17 57 47 17 7 70 60 26 7 92 57 70 58 1
18 100 90 47 37 101 91 27 84 8 72 41 86 2
19 61 51 29 19 98 88 62 70 3 25 57 13 3
20 42 32 80 70 27 17 97 11 3 81 96 91 2
21 85 75 78 68 62 52 88 95 92 45 72 11 2
22 37 27 48 38 58 48 88 46 35 31 26 74 1
23 29 19 94 84 66 56 13 63 75 62 85 67 1
24 50 40 101 91 43 33 80 92 83 11 75 91 1
25 33 23 94 84 54 44 57 92 60 67 23 39 1
26 78 68 25 15 63 53 22 81 58 56 66 85 3
27 52 42 93 83 33 23 50 94 54 52 13 96 1
28 107 97 41 31 68 58 63 95 21 61 5 87 1
29 89 79 62 52 34 24 62 5 65 34 61 1 2
30 39 29 61 51 84 74 28 73 89 46 14 15 2
31 74 64 27 17 71 61 90 20 38 5 86 73 1
32 107 97 94 84 80 70 70 67 93 81 11 7 3
33 104 94 57 47 101 91 79 96 13 52 83 4 2
34 106 96 101 91 95 85 2 40 52 15 44 91 2
35 12 2 49 39 85 75 17 98 76 6 16 92 3
36 11 1 26 16 48 38 2 57 47 19 34 87 3
37 61 51 97 87 34 24 92 89 50 81 54 11 1
38 16 6 91 81 57 47 2 56 49 77 12 38 3
39 48 38 44 34 33 23 52 33 42 84 78 38 3
40 15 5 22 12 28 18 99 60 87 53 80 100 1
41 84 74 80 70 77 67 25 21 2 44 29 45 3
42 70 60 28 18 95 85 40 74 60 55 84 41 1
43 21 11 74 64 34 24 66 55 48 33 41 40 1
44 74 64 25 15 83 73 20 28 15 12 27 53 2
45 106 96 51 41 103 93 59 47 18 55 92 93 3
46 13 3 95 85 70 60 52 49 58 55 67 29 1
47 86 76 79 69 63 53 18 73 11 2 17 29 1
48 95 85 21 11 40 30 67 48 35 24 87 51 1
49 87 77 40 30 84 74 69 69 53 38 32 31 2
