3 50
1246 1298 1351 
0 63 59 82 77 93 96 69 89 6 87 62 82 2
1 99 91 25 34 72 68 4 24 78 63 51 58 2
2 74 65 46 44 21 14 68 16 80 25 36 70 2
3 9 6 68 61 17 7 98 43 8 79 30 67 2
4 21 27 67 70 13 20 49 70 60 87 1 67 1
5 90 81 37 27 92 82 93 58 43 57 8 56 3
6 27 32 69 59 77 85 40 65 64 92 26 8 2
7 8 15 59 53 99 92 46 66 66 26 69 71 2
8 105 100 61 67 33 41 94 60 40 33 26 35 3
9 54 45 105 100 40 46 28 17 9 6 83 41 2
10 34 39 83 85 32 24 67 47 50 36 97 77 2
11 1 2 23 13 14 23 79 17 14 54 95 91 2
12 1 3 42 46 97 96 94 93 94 86 64 17 3
13 67 59 88 98 36 44 14 45 34 41 85 26 3
14 14 8 52 42 61 69 17 30 59 89 65 21 3
15 63 72 87 94 11 17 34 38 88 16 46 78 2
16 44 36 21 15 1 1 18 37 27 17 3 48 1
17 84 91 76 86 87 80 61 38 78 58 35 90 3
18 76 84 13 7 13 21 5 58 42 85 18 17 1
19 75 85 48 52 8 18 80 53 88 53 56 18 2
20 52 56 65 63 78 69 79 73 71 83 35 15 3
21 70 71 27 37 89 96 10 18 9 87 73 12 2
22 75 75 25 26 94 84 89 7 74 26 22 42 3
23 77 82 57 64 50 47 36 83 12 65 82 47 3
24 89 92 6 10 23 29 66 63 59 72 28 17 2
25 12 19 38 34 51 48 51 33 70 60 88 24 3
26 76 73 4 8 46 50 61 81 60 35 93 34 3
27 13 3 39 41 72 72 1 6 66 53 14 57 3
28 50 57 86 79 1 2 73 14 20 99 2 98 1
29 29 34 1 5 75 75 3 42 93 78 34 18 3
30 81 85 5 15 37 46 95 36 39 33 71 79 1
31 45 39 28 25 1 4 79 13 46 17 95 25 2
32 69 71 11 1 32 32 24 91 49 23 27 82 1
33 80 88 77 71 59 61 2 28 75 42 66 96 2
34 57 51 43 50 50 48 100 33 60 14 98 21 2
35 67 60 77 87 14 21 32 79 94 30 13 32 2
36 3 3 94 86 62 60 5 41 96 54 35 38 1
37 61 64 31 30 101 97 48 46 68 21 44 8 1
38 4 11 56 46 82 88 48 83 80 32 79 77 3
39 73 66 20 24 90 83 28 65 38 90 55 58 2
40 12 14 84 89 54 63 98 78 3 59 93 94 3
41 6 13 101 95 77 70 97 10 1 14 81 86 2
42 93 93 60 52 27 18 11 49 94 66 79 46 1
43 45 37 63 59 89 90 16 83 66 13 94 80 2
44 25 22 1 1 86 79 14 18 16 11 95 27 2
45 71 78 64 72 65 75 76 9 43 54 49 17 3
46 51 41 87 79 17 10 5 6 95 88 57 43 1
47 22 17 98 99 81 74 73 28 71 43 41 35 2
48 39 30 52 61 94 99 48 74 10 97 24 6 2
49 57 47 50 58 77 68 56 48 37 69 30 73 1
