3 60
2505 2298 2585 
0 54 1 30 20 7 38 12 86 36 78 82 82 3
1 58 82 67 24 83 59 99 26 66 6 87 73 1
2 84 4 92 74 93 45 92 87 61 28 71 4 1
3 28 57 4 11 89 58 3 69 11 99 54 11 3
4 81 82 50 24 26 75 11 33 40 27 12 52 2
5 61 95 69 50 70 96 33 95 34 47 95 5 3
6 77 47 34 73 82 100 66 26 44 2 77 45 1
7 91 37 24 76 64 14 71 38 31 94 7 92 1
8 6 15 59 81 19 48 76 37 47 94 73 49 2
9 42 100 11 54 71 1 27 32 33 7 89 86 2
10 47 13 31 52 24 98 81 14 67 50 58 54 2
11 71 73 35 83 8 94 95 83 40 64 26 16 1
12 11 58 71 100 32 51 44 33 22 28 88 82 2
13 14 82 54 28 95 67 86 31 97 2 50 58 1
14 27 30 99 57 64 91 5 49 39 54 19 64 1
15 88 18 40 33 85 55 92 16 29 26 78 52 1
16 22 43 74 29 19 16 34 90 31 46 97 64 2
17 78 54 14 48 51 35 93 26 83 43 77 67 3
18 58 19 95 41 31 56 77 95 74 93 67 82 1
19 77 96 66 62 62 37 46 39 41 13 77 79 3
20 45 75 42 81 38 88 80 78 71 26 33 72 2
21 63 89 23 48 76 14 33 97 12 14 83 10 3
22 20 94 64 52 17 3 4 3 80 42 16 41 1
23 60 84 52 59 37 41 86 31 7 26 53 40 2
24 29 90 73 9 18 27 92 12 35 39 89 41 3
25 62 38 35 52 99 67 15 72 84 1 25 46 1
26 80 4 8 38 29 73 25 9 41 24 46 2 1
27 79 5 48 44 8 82 54 21 16 14 13 34 2
28 90 27 2 50 15 72 41 92 3 64 36 15 3
29 80 37 89 15 5 86 3 45 16 41 91 6 2
30 69 75 33 6 6 36 40 94 17 44 30 20 1
31 8 57 40 44 73 30 12 73 18 99 10 26 2
32 68 97 4 28 33 58 84 4 90 100 83 86 3
33 3 39 39 21 84 12 50 12 93 15 92 50 2
34 67 34 24 32 80 31 50 96 44 33 67 20 2
35 45 31 13 57 74 92 50 29 79 14 80 51 1
36 29 46 57 20 94 3 25 34 10 90 43 14 2
37 63 86 15 53 76 19 78 28 79 89 60 58 2
38 54 14 7 48 59 91 89 63 31 86 6 12 1
39 75 96 40 47 4 5 11 80 67 17 97 94 3
40 68 81 72 63 77 38 27 25 76 50 4 73 1
41 53 27 18 10 82 84 51 3 69 16 92 50 3
42 41 84 70 50 6 9 33 57 25 36 27 56 2
43 27 87 71 18 16 40 23 25 30 28 83 62 2
44 50 17 67 95 75 74 100 25 99 45 22 25 3
45 83 32 95 35 8 37 21 39 20 67 67 51 3
46 48 27 29 58 17 96 19 32 40 38 44 76 1
47 4 95 89 70 65 52 11 54 65 81 76 78 3
48 36 69 57 7 69 38 87 61 89 9 13 19 2
49 57 58 34 68 10 87 65 36 47 85 27 79 2
50 31 48 39 83 48 25 8 66 41 26 39 58 2
51 70 70 63 68 55 59 17 32 98 3 30 81 1
52 91 95 3 37 16 72 51 46 15 29 23 41 2
53 5 14 81 76 50 39 12 39 91 98 91 28 2
54 68 54 36 21 5 95 8 74 14 9 5 39 3
55 70 17 18 56 75 94 18 34 14 89 22 8 1
56 74 43 95 97 15 44 98 21 59 83 64 65 1
57 32 16 8 55 93 1 37 82 57 83 9 90 3
58 56 30 32 12 9 95 29 11 70 38 20 91 3
59 55 44 67 70 80 89 58 28 62 69 3 94 3
