3 60
1425 1486 1539 
0 77 67 95 85 14 4 71 37 43 46 89 68 2
1 103 93 80 70 64 54 89 99 6 5 90 31 3
2 89 79 32 22 66 56 6 44 55 49 86 9 3
3 28 18 36 26 53 43 51 10 47 67 20 63 1
4 35 25 106 96 76 66 84 22 80 46 83 50 3
5 65 55 66 56 74 64 45 19 19 76 33 97 2
6 20 10 67 57 21 11 21 98 58 18 47 28 2
7 109 99 94 84 70 60 9 1 8 65 60 63 1
8 21 11 72 62 14 4 75 52 46 45 39 45 1
9 91 81 67 57 36 26 18 82 55 82 2 73 1
10 99 89 53 43 100 90 24 70 86 70 71 71 3
11 110 100 19 9 27 17 26 55 79 4 88 43 3
12 42 32 69 59 95 85 49 63 28 9 55 65 1
13 95 85 43 33 100 90 17 36 59 5 90 51 2
14 21 11 59 49 98 88 15 71 91 17 18 57 2
15 37 27 77 67 110 100 42 85 89 85 9 58 1
16 50 40 17 7 83 73 59 31 14 95 76 50 1
17 68 58 28 18 81 71 83 64 89 20 88 13 3
18 19 9 74 64 20 10 74 86 95 35 10 59 2
19 44 34 12 2 73 63 26 9 86 74 76 92 3
20 105 95 51 41 90 80 59 22 32 5 9 8 3
21 20 10 13 3 97 87 79 79 1 41 88 7 3
22 28 18 39 29 49 39 20 40 74 8 87 48 1
23 32 22 97 87 69 59 32 94 6 20 70 26 1
24 77 67 28 18 70 60 43 1 53 60 92 71 2
25 108 98 69 59 29 19 27 19 53 38 98 15 3
26 13 3 52 42 98 88 22 4 30 31 93 37 1
27 95 85 36 26 84 74 73 70 93 9 57 99 3
28 66 56 100 90 35 25 19 41 92 3 1 98 2
29 84 74 49 39 21 11 57 33 14 82 50 70 2
30 110 100 32 22 55 45 63 51 71 2 54 10 2
31 21 11 74 64 18 8 70 22 67 84 28 81 2
32 98 88 85 75 71 61 81 4 48 7 59 67 2
33 59 49 104 94 56 46 37 6 56 42 94 68 3
34 13 3 108 98 102 92 89 14 94 41 26 69 2
35 71 61 108 98 44 34 14 47 67 25 59 34 1
36 46 36 69 59 83 73 36 44 97 68 28 98 1
37 76 66 12 2 49 39 78 7 66 71 40 15 2
38 95 85 62 52 28 18 83 9 75 71 97 61 1
39 19 9 15 5 104 94 52 26 42 27 92 41 2
40 62 52 69 59 75 65 9 30 82 94 83 41 3
41 35 25 31 21 28 18 44 83 16 63 55 75 1
42 29 19 87 77 54 44 34 16 77 60 77 11 2
43 24 14 85 75 37 27 52 4 24 68 74 29 1
44 41 31 92 82 50 40 8 61 62 37 8 23 3
45 53 43 98 88 50 40 88 22 1 32 99 14 3
46 76 66 50 40 33 23 11 57 90 19 32 78 1
47 53 43 46 36 30 20 43 43 68 38 94 42 3
48 98 88 16 6 35 25 61 32 26 23 44 87 3
49 82 72 27 17 71 61 48 1 31 19 61 69 2
50 17 7 32 22 54 44 45 13 15 98 7 71 3
51 24 14 96 86 61 51 100 80 95 12 54 35 3
52 27 17 62 52 104 94 56 77 65 60 68 46 2
53 17 7 46 36 74 64 38 39 34 39 1 65 1
54 97 87 35 25 74 64 37 89 82 27 6 92 3
55 97 87 57 47 26 16 16 97 18 16 5 89 1
56 63 53 85 75 108 98 19 59 20 85 84 11 3
57 23 13 36 26 48 38 79 4 78 48 15 60 1
58 16 6 87 77 57 47 26 83 45 1 21 88 1
59 58 48 66 56 83 73 59 85 67 58 88 80 2
