3 60
2646 2586 2419 
0 87 78 98 97 9 15 5 77 42 3 43 37 2
1 75 83 22 17 69 60 19 25 24 71 75 44 1
2 18 13 80 83 65 62 38 58 1 55 83 96 1
3 58 62 7 8 58 55 47 27 13 100 38 24 2
4 102 99 48 49 94 100 72 4 57 32 36 40 3
5 17 24 72 79 19 25 6 69 49 22 16 4 1
6 68 68 89 94 31 21 45 44 63 7 33 90 1
7 76 86 16 25 67 63 92 24 90 63 4 17 2
8 98 96 62 62 47 37 56 5 76 95 48 1 1
9 48 45 83 91 55 46 88 22 29 28 83 96 3
10 105 98 41 45 82 83 61 9 38 18 34 65 2
11 11 6 15 16 29 27 64 13 81 29 28 20 1
12 103 95 37 45 86 88 100 18 91 7 90 51 3
13 96 91 44 37 81 84 75 51 1 81 59 58 1
14 29 19 51 46 89 80 21 91 78 2 70 5 1
15 73 75 81 90 5 12 85 77 42 71 75 13 1
16 1 4 80 90 86 77 20 3 57 65 93 50 1
17 57 51 47 45 39 40 53 9 41 57 8 76 2
18 33 28 41 50 70 73 13 51 19 53 45 45 1
19 8 17 97 91 49 58 35 36 56 28 51 32 3
20 14 24 27 30 40 37 6 93 84 57 36 67 2
21 69 70 39 37 1 3 56 51 1 98 36 20 3
22 82 83 38 41 88 92 36 48 63 90 8 91 3
23 11 5 83 80 55 62 26 44 60 38 36 55 1
24 90 91 7 10 24 28 4 65 37 41 91 18 3
25 82 87 1 1 21 16 17 16 18 74 51 77 1
26 13 13 47 47 91 90 73 80 58 98 35 30 3
27 33 26 61 65 8 3 28 72 2 100 96 24 3
28 79 80 1 3 30 25 49 3 5 55 32 6 3
29 81 86 58 56 27 27 75 21 33 34 33 2 1
30 12 16 57 47 60 69 45 59 8 74 10 59 2
31 81 86 64 73 60 59 97 64 4 64 14 55 1
32 79 78 8 9 37 47 14 1 90 96 8 73 1
33 104 96 86 86 62 69 73 26 21 61 30 4 1
34 79 87 86 85 93 84 52 59 100 76 69 32 3
35 46 36 70 70 101 97 13 57 40 35 88 4 1
36 90 83 50 57 49 40 3 69 32 40 50 23 1
37 85 95 55 62 33 28 59 91 32 47 23 58 3
38 53 55 92 89 31 32 16 85 82 92 13 10 3
39 10 5 64 56 11 14 34 71 36 18 12 55 2
40 78 74 48 48 33 23 49 50 84 53 80 62 1
41 25 16 101 91 83 73 86 22 91 41 31 14 1
42 55 45 1 3 60 62 81 65 3 44 91 78 1
43 29 24 55 55 81 85 45 30 92 7 89 23 1
44 95 98 86 76 56 55 19 19 98 76 84 21 1
45 57 57 58 60 59 62 50 64 92 6 24 45 2
46 41 40 79 79 7 9 78 99 1 47 79 89 1
47 9 8 79 83 68 65 79 91 21 43 99 39 2
48 77 86 19 24 45 55 99 3 42 41 13 80 3
49 88 87 102 97 8 8 68 50 3 41 94 81 1
50 26 29 58 64 90 98 14 32 17 94 12 81 2
51 41 39 25 29 30 28 59 16 75 100 84 61 3
52 77 84 21 18 46 53 100 17 33 6 3 58 1
53 1 7 79 69 42 32 6 67 46 14 18 67 1
54 61 51 26 18 99 92 53 91 49 34 67 82 1
55 17 10 51 49 85 87 37 2 83 32 22 98 2
56 11 12 67 58 10 13 92 74 86 73 43 52 3
57 56 61 93 100 46 46 75 73 24 88 11 86 3
58 47 43 32 25 11 8 39 71 69 68 30 99 2
59 92 97 21 23 44 42 2 9 46 18 60 13 3
