3 60
640 587 532 
0 21 11 40 30 58 48 47 11 24 12 6 59 2
1 66 56 50 40 27 17 48 79 68 58 98 97 2
2 78 68 12 2 55 45 90 44 13 46 78 15 1
3 86 76 103 93 11 1 71 39 1 21 45 54 3
4 16 6 86 76 57 47 29 50 2 22 13 50 1
5 56 46 56 46 57 47 49 66 72 10 77 60 2
6 65 55 19 9 66 56 45 87 22 3 70 3 3
7 72 62 56 46 33 23 83 18 42 19 87 18 2
8 78 68 28 18 71 61 23 13 43 61 15 83 2
9 77 67 54 44 22 12 17 64 13 94 52 14 1
10 43 33 98 88 52 42 78 39 51 66 79 39 2
11 93 83 101 91 102 92 15 90 72 64 14 52 1
12 63 53 89 79 16 6 63 3 22 86 98 44 2
13 41 31 90 80 46 36 79 81 14 8 1 17 3
14 105 95 44 34 82 72 38 34 54 66 7 7 3
15 23 13 64 54 104 94 29 36 89 29 42 64 2
16 43 33 109 99 84 74 44 77 77 56 18 92 1
17 102 92 63 53 15 5 14 86 87 41 13 95 3
18 72 62 18 8 73 63 72 37 53 39 6 57 1
19 54 44 15 5 83 73 24 52 13 6 1 71 1
20 73 63 20 10 58 48 86 73 60 84 7 77 2
21 59 49 43 33 36 26 17 82 15 81 82 76 1
22 97 87 107 97 18 8 11 99 38 57 31 69 3
23 23 13 95 85 60 50 99 85 100 32 45 46 2
24 42 32 84 74 35 25 63 68 17 64 3 96 3
25 27 17 87 77 48 38 49 40 25 20 59 34 3
26 82 72 20 10 67 57 6 15 30 49 34 24 3
27 66 56 14 4 55 45 81 20 35 51 37 84 3
28 78 68 105 95 39 29 17 12 86 49 67 37 3
29 67 57 39 29 12 2 100 55 10 39 52 26 2
30 50 40 73 63 95 85 45 29 66 98 95 45 1
31 72 62 24 14 77 67 42 41 20 42 89 12 1
32 47 37 25 15 12 2 57 56 5 6 36 1 2
33 110 100 62 52 107 97 26 28 34 58 59 94 2
34 38 28 32 22 27 17 44 1 44 46 10 11 2
35 62 52 98 88 35 25 79 29 63 55 16 16 2
36 87 77 109 99 32 22 25 47 81 30 39 97 3
37 66 56 103 93 39 29 10 87 36 18 43 70 1
38 80 70 54 44 21 11 97 60 86 87 17 87 1
39 45 35 34 24 30 20 72 60 1 2 15 20 2
40 43 33 49 39 56 46 27 72 50 25 35 25 2
41 45 35 42 32 38 28 51 84 73 31 5 20 1
42 37 27 96 86 62 52 86 32 25 8 48 41 3
43 51 41 11 1 64 54 4 54 33 10 3 66 3
44 74 64 32 22 83 73 43 55 8 43 29 54 3
45 104 94 48 38 101 91 60 87 1 73 91 23 3
46 36 26 11 1 93 83 35 2 92 20 99 32 1
47 84 74 76 66 61 51 79 91 66 97 87 86 1
48 42 32 61 51 79 69 9 4 77 99 84 45 2
49 41 31 93 83 38 28 70 52 6 72 31 93 2
50 74 64 88 78 103 93 57 100 96 68 7 46 2
51 14 4 87 77 51 41 80 81 26 28 8 45 1
52 108 98 50 40 85 75 46 41 97 61 95 2 3
53 40 30 68 58 97 87 20 43 97 34 14 11 1
54 89 79 28 18 66 56 100 91 99 97 41 80 2
55 99 89 60 50 28 18 54 79 36 49 82 75 3
56 95 85 18 8 40 30 62 4 73 60 4 86 1
57 86 76 98 88 11 1 14 99 31 98 46 3 2
58 97 87 67 57 46 36 87 17 19 64 78 49 2
59 16 6 33 23 41 31 52 29 7 26 21 6 3
