3 60
661 586 544 
0 65 91 42 9 18 28 95 46 54 76 86 4 3
1 58 31 66 66 83 8 80 68 12 63 22 28 2
2 47 37 56 8 56 78 11 43 87 48 42 10 2
3 23 10 100 57 76 11 44 60 48 97 91 35 2
4 25 87 93 38 70 88 62 100 29 22 59 4 2
5 28 25 37 79 45 26 6 81 62 22 54 39 2
6 97 56 53 83 2 17 39 61 53 85 24 43 3
7 67 43 99 81 40 20 88 78 60 50 31 31 1
8 94 48 54 15 7 81 42 89 61 79 53 97 3
9 2 13 70 68 31 22 70 82 53 63 19 79 1
10 30 7 15 45 7 92 27 46 61 91 15 7 3
11 90 34 55 45 27 55 80 50 79 71 24 25 2
12 30 27 91 78 51 20 39 56 74 2 72 29 3
13 13 59 54 6 94 44 67 92 2 58 45 68 2
14 98 20 71 46 35 81 48 5 55 56 64 94 1
15 51 40 4 62 48 85 38 42 67 8 96 49 1
16 41 44 86 31 38 9 51 18 83 30 49 17 3
17 89 83 26 78 62 72 9 13 22 69 28 91 3
18 54 80 90 95 27 17 60 53 30 22 26 70 2
19 21 97 9 64 6 38 72 73 17 58 77 37 3
20 69 84 65 91 62 97 4 77 43 78 25 30 2
21 46 75 7 41 67 8 54 94 32 48 27 48 1
22 83 99 28 50 80 8 90 41 15 91 25 58 2
23 79 74 72 56 64 31 71 31 49 27 31 29 1
24 36 64 81 82 25 1 81 92 69 2 6 1 2
25 90 27 54 42 27 56 64 8 89 29 7 21 1
26 27 37 56 72 76 14 38 43 92 19 7 30 3
27 31 7 91 45 60 84 57 76 51 17 45 30 1
28 17 85 30 7 34 30 51 23 20 52 11 90 2
29 80 46 88 25 5 95 19 98 74 74 97 74 1
30 96 9 61 39 33 62 80 9 60 40 35 92 2
31 23 91 56 69 88 56 39 82 33 42 22 36 2
32 15 83 52 13 80 44 26 100 70 55 61 1 1
33 14 64 51 47 95 37 94 37 63 99 78 38 3
34 43 67 99 66 56 64 4 65 28 31 70 54 2
35 36 4 5 31 65 65 10 59 56 70 26 94 2
36 52 19 89 2 17 84 93 15 61 87 83 53 1
37 10 76 71 42 23 9 53 82 69 75 41 59 1
38 34 23 86 58 31 100 55 23 29 18 62 23 2
39 71 98 35 56 100 15 64 87 53 49 87 67 3
40 91 74 96 57 100 31 67 28 19 41 23 46 2
41 89 49 53 23 18 6 94 4 30 62 87 29 2
42 29 81 57 40 86 98 22 50 11 80 75 84 3
43 34 93 79 15 23 46 31 72 78 30 10 37 2
44 38 42 46 21 63 99 25 1 84 51 73 7 1
45 54 14 67 16 79 19 21 4 55 43 10 59 3
46 68 37 48 75 29 6 9 12 43 87 50 83 3
47 44 93 20 75 5 50 37 34 36 64 94 62 1
48 64 58 76 89 97 27 11 30 93 50 83 71 3
49 69 47 45 58 22 68 23 14 62 20 100 52 2
50 50 94 59 28 67 63 94 32 81 69 24 77 3
51 34 55 26 46 11 44 24 86 90 41 97 59 1
52 30 32 43 67 55 1 46 76 8 58 29 90 2
53 48 75 17 38 85 100 68 52 67 88 17 90 2
54 7 80 76 46 44 21 51 31 75 19 12 56 1
55 77 71 34 9 90 48 38 17 37 45 57 35 1
56 70 40 82 87 3 41 10 32 59 66 1 95 1
57 7 42 92 88 76 27 72 32 6 69 15 27 2
58 59 67 36 50 12 32 33 54 45 83 78 77 2
59 66 97 79 16 83 42 55 9 50 28 64 50 3
