3 60
641 588 593 
0 87 79 106 97 17 16 66 44 57 51 92 87 3
1 61 55 87 90 34 32 21 36 10 55 74 60 3
2 81 77 45 48 20 18 74 93 49 81 68 34 1
3 15 10 66 57 2 11 94 81 42 16 92 53 1
4 102 99 48 50 94 100 81 69 68 45 36 50 3
5 55 57 10 11 57 58 43 50 34 62 56 45 1
6 45 44 66 71 87 97 85 40 71 58 12 89 2
7 25 23 71 69 3 8 23 95 96 29 62 20 2
8 35 44 20 11 76 77 3 86 79 91 41 96 3
9 66 61 9 16 60 70 81 88 44 83 16 18 2
10 50 47 99 93 27 32 33 42 24 86 38 81 3
11 34 30 48 41 52 51 66 22 35 8 80 57 3
12 44 51 93 94 48 44 83 47 54 46 70 17 3
13 25 31 75 78 15 16 65 98 76 18 8 98 2
14 97 92 27 18 44 53 90 89 11 50 25 48 2
15 19 24 56 46 51 61 64 55 70 67 55 68 1
16 22 16 7 3 90 81 84 84 100 31 86 81 2
17 50 47 42 42 24 28 42 58 22 1 80 53 1
18 1 8 27 31 48 45 76 35 11 15 66 71 3
19 47 41 1 8 88 82 38 56 16 30 5 1 2
20 68 64 81 71 73 77 4 32 12 50 73 12 3
21 51 47 8 13 78 72 57 40 44 34 46 84 2
22 8 15 58 66 14 24 23 79 59 39 53 7 2
23 56 66 49 48 29 31 86 26 62 38 55 93 1
24 78 76 95 94 12 13 17 67 81 6 54 22 2
25 77 71 82 86 95 100 65 49 72 56 10 43 3
26 72 77 8 12 63 54 60 30 91 6 3 41 2
27 45 51 84 89 25 20 71 42 64 96 100 24 3
28 59 65 95 87 10 10 76 87 3 91 58 59 1
29 29 26 98 97 83 75 92 17 13 13 74 82 1
30 26 17 50 47 82 78 75 55 40 82 6 28 1
31 16 23 1 1 95 88 24 59 80 40 50 91 3
32 56 55 77 85 19 16 38 65 64 53 8 29 3
33 49 48 25 31 28 21 68 65 92 75 95 73 2
34 24 19 10 18 17 16 52 57 19 7 51 51 2
35 95 100 26 27 71 61 72 7 4 30 74 23 1
36 42 35 20 18 101 92 88 80 8 47 62 71 1
37 101 92 50 58 28 25 46 62 16 67 58 14 1
38 102 95 28 38 80 72 59 31 37 77 77 12 2
39 40 50 8 8 57 67 87 27 56 17 7 82 3
40 29 22 101 97 71 71 49 51 34 27 34 68 2
41 11 1 85 83 61 58 75 8 73 76 77 88 2
42 1 1 64 60 23 18 80 97 84 88 9 28 3
43 102 97 20 19 46 50 2 8 71 86 63 66 2
44 100 94 70 73 40 43 84 93 78 84 86 36 1
45 49 46 42 40 43 43 76 10 99 69 99 43 1
46 62 65 1 3 36 42 99 99 17 30 64 48 3
47 79 77 68 59 38 34 20 88 8 33 85 71 3
48 80 74 14 13 48 43 16 87 34 51 28 79 2
49 38 47 65 58 71 68 4 67 7 52 96 79 2
50 83 82 15 16 47 51 43 27 58 10 29 21 1
51 88 91 72 82 85 80 25 82 34 17 53 42 2
52 33 28 58 63 102 97 6 70 9 1 91 11 1
53 42 43 13 6 74 68 96 16 35 45 56 19 3
54 92 92 57 58 22 25 52 82 77 90 74 14 2
55 90 87 24 25 58 64 42 53 14 11 52 59 3
56 29 20 64 67 28 21 85 17 68 38 81 28 3
57 43 42 80 80 25 19 60 16 86 51 46 89 1
58 89 83 68 66 45 48 65 13 77 57 55 61 3
59 93 85 8 4 37 30 75 100 89 6 6 92 3
