3 60
1558 1636 1438 
0 47 56 79 75 98 93 49 62 76 34 89 65 2
1 32 29 58 63 97 98 33 25 33 98 61 62 1
2 55 51 38 29 94 100 67 86 90 15 91 55 1
3 62 56 19 10 57 57 88 85 43 100 96 96 2
4 21 25 67 67 13 18 57 64 16 62 36 85 2
5 21 18 68 65 23 19 7 16 23 54 14 88 3
6 42 50 84 76 13 3 19 94 10 37 88 31 1
7 19 16 59 55 89 93 95 88 53 65 69 72 3
8 73 74 50 40 6 7 91 96 30 27 55 25 1
9 32 31 75 77 39 32 91 85 45 35 57 52 2
10 80 88 37 35 78 73 32 70 35 12 24 37 1
11 74 80 99 90 1 1 77 6 78 69 37 30 1
12 50 45 97 87 33 38 13 73 63 51 96 82 1
13 74 81 14 19 72 66 24 20 46 48 30 87 3
14 37 45 88 80 1 6 96 51 13 10 82 10 3
15 20 29 44 52 60 66 30 96 44 40 7 70 1
16 86 90 77 76 54 55 64 15 95 29 26 67 3
17 47 41 37 35 21 22 20 30 37 84 31 68 2
18 88 98 17 20 38 35 52 60 43 31 21 78 2
19 78 87 59 53 11 20 15 8 83 11 16 57 3
20 50 54 63 60 76 67 75 73 92 57 63 29 1
21 2 4 72 71 21 29 23 93 16 53 96 50 2
22 23 29 92 87 42 38 66 17 93 69 11 16 3
23 52 55 24 30 4 12 81 57 17 74 74 65 1
24 70 61 87 80 104 98 65 23 47 13 40 30 1
25 87 97 29 19 34 34 41 96 9 33 68 15 3
26 56 51 90 85 34 28 44 69 25 86 67 4 2
27 92 96 33 27 59 65 1 57 1 39 97 62 3
28 2 10 38 33 53 55 41 76 88 99 86 26 1
29 10 16 79 86 48 57 76 88 38 52 100 19 1
30 55 58 87 89 11 19 79 58 60 82 87 6 3
31 86 80 69 67 36 45 83 42 91 54 89 64 3
32 3 12 45 43 74 73 72 55 62 79 25 71 1
33 54 50 49 40 25 23 72 23 37 4 31 45 3
34 87 97 94 95 101 94 14 38 9 71 49 46 1
35 53 62 98 96 29 23 82 88 14 52 53 63 2
36 20 25 9 7 87 90 10 56 79 30 74 100 1
37 81 89 51 56 29 22 80 75 4 23 64 36 2
38 90 85 29 19 68 62 73 12 50 73 16 37 3
39 3 11 73 70 33 28 83 89 96 96 53 7 1
40 71 64 41 38 13 13 87 75 37 4 19 20 1
41 80 74 64 57 38 31 84 30 28 13 74 85 1
42 12 11 79 77 38 36 43 84 42 80 24 70 2
43 107 98 33 29 59 59 38 35 51 81 98 61 2
44 63 64 33 42 24 21 59 14 30 41 95 98 1
45 61 51 62 54 63 56 22 89 85 89 79 81 1
46 1 10 51 41 87 79 23 5 22 75 55 19 3
47 68 58 38 41 6 15 31 94 94 35 44 79 1
48 98 88 24 18 58 49 11 2 6 30 90 26 1
49 47 37 40 47 67 58 68 24 38 66 76 90 1
50 13 7 45 42 77 76 39 49 52 4 72 28 3
51 1 5 85 95 98 94 63 48 18 82 4 97 1
52 52 62 104 96 29 31 4 42 85 73 80 67 3
53 63 65 24 27 95 90 74 28 4 34 85 47 3
54 28 21 101 96 66 62 6 57 97 100 56 37 1
55 65 56 99 95 25 33 16 92 81 34 53 74 3
56 83 90 47 44 82 91 83 51 55 60 56 26 2
57 63 59 16 6 53 44 73 78 46 48 58 31 1
58 29 37 27 19 6 2 34 11 39 49 47 7 1
59 30 27 51 45 82 72 12 45 81 21 91 41 2
