3 60
2560 2298 2272 
0 12 79 88 98 65 16 91 8 89 65 7 52 3
1 8 28 25 70 33 5 40 98 6 27 6 32 3
2 38 42 38 12 47 83 52 88 20 45 49 67 2
3 78 59 62 5 39 60 2 74 35 92 4 45 2
4 27 100 96 50 64 1 17 16 34 27 44 65 3
5 75 89 83 44 92 90 79 88 5 84 68 50 1
6 71 21 20 47 68 74 41 9 85 3 41 27 2
7 45 67 78 6 18 44 12 97 35 74 51 97 1
8 44 85 5 59 57 26 28 38 68 38 64 69 3
9 68 86 29 40 97 87 85 50 26 81 80 43 1
10 85 3 69 42 62 88 46 58 25 10 92 26 1
11 41 55 5 57 78 68 68 92 9 21 60 38 3
12 93 100 53 50 6 93 65 34 38 29 43 11 1
13 4 64 44 10 93 57 95 19 30 66 36 67 2
14 81 64 45 91 18 25 34 26 28 33 88 42 2
15 98 72 42 95 95 9 36 76 94 17 7 46 3
16 48 21 92 7 45 94 34 75 50 99 45 64 2
17 48 36 84 30 21 25 73 37 95 69 78 93 2
18 20 89 57 3 93 26 62 75 43 29 82 81 1
19 67 58 56 32 52 99 11 79 12 28 38 26 3
20 87 5 84 11 80 18 42 41 7 68 45 57 1
21 69 15 21 82 82 48 18 34 12 43 75 38 1
22 22 40 74 98 19 49 1 81 70 98 83 77 1
23 74 34 66 17 59 91 82 80 16 37 34 98 2
24 87 60 31 79 76 97 18 66 87 41 45 65 2
25 40 56 5 70 77 85 30 63 18 11 93 88 2
26 70 42 98 76 19 19 75 49 50 78 90 52 3
27 97 67 66 6 26 44 6 40 83 39 26 33 1
28 56 57 68 80 81 2 82 100 58 12 14 61 3
29 30 67 47 45 55 16 10 67 4 85 51 2 2
30 39 25 11 56 76 86 78 45 96 97 54 57 1
31 50 51 82 38 15 16 42 63 53 45 99 98 2
32 86 23 22 54 51 84 71 67 95 47 73 76 1
33 93 93 37 75 82 66 99 85 65 89 42 54 3
34 5 44 62 42 18 41 41 61 27 29 9 79 2
35 79 57 47 83 8 18 15 34 17 85 31 5 1
36 39 88 67 70 4 53 1 32 96 80 35 57 1
37 93 80 45 47 6 13 68 1 27 66 42 69 3
38 64 44 17 78 69 21 64 49 77 42 33 27 2
39 9 2 74 61 38 19 81 81 54 63 67 29 3
40 46 71 42 45 47 28 15 62 34 23 92 11 1
41 3 93 68 68 32 50 44 89 73 36 17 81 2
42 75 58 4 16 32 75 62 49 52 55 62 42 2
43 85 61 29 92 74 14 80 43 74 9 65 75 2
44 40 83 49 61 57 40 1 90 18 30 54 15 1
45 25 26 37 29 50 31 62 78 94 65 28 7 2
46 74 89 55 28 35 66 86 55 26 98 24 27 2
47 38 45 15 28 99 10 40 9 10 21 56 96 1
48 30 71 43 1 63 32 21 38 45 26 54 49 3
49 15 8 92 18 68 37 93 13 9 23 1 14 3
50 29 26 37 61 46 3 99 7 54 77 80 32 1
51 60 36 53 34 45 25 47 51 60 2 19 66 1
52 25 73 37 7 50 42 90 14 56 86 88 60 3
53 51 72 19 34 88 97 4 53 19 32 35 21 2
54 46 24 14 99 83 65 14 36 80 72 39 53 3
55 16 63 72 2 29 40 33 28 94 65 1 30 3
56 52 21 73 75 93 22 97 28 47 18 15 17 1
57 42 14 26 61 3 99 69 58 52 98 10 76 3
58 6 24 90 6 67 89 77 48 72 78 58 27 3
59 13 74 25 92 38 19 52 77 7 41 2 11 3
