3 60
649 597 609 
0 3 46 79 65 56 83 6 25 28 63 41 10 2
1 91 43 8 85 16 20 61 17 66 1 87 52 1
2 57 49 65 19 66 90 86 37 57 53 53 39 3
3 61 58 37 4 14 59 82 84 78 24 30 52 3
4 38 31 7 81 83 32 23 96 2 21 70 8 2
5 46 80 54 27 63 81 47 30 93 1 89 53 1
6 50 44 7 70 55 97 15 63 7 29 20 22 3
7 72 58 13 97 45 35 74 80 26 54 50 54 3
8 59 56 12 22 72 89 38 76 24 28 59 5 2
9 99 69 60 23 28 70 76 84 96 92 22 15 2
10 92 30 84 77 69 15 81 72 87 97 83 16 3
11 100 66 64 76 37 87 23 66 25 70 3 45 2
12 4 71 64 13 25 64 74 99 1 40 63 75 2
13 43 91 83 37 24 76 49 32 70 18 74 62 1
14 8 7 80 42 53 68 68 38 74 74 94 95 3
15 1 7 53 22 98 44 60 74 12 53 83 86 1
16 83 96 27 82 80 69 63 73 89 78 56 21 3
17 91 67 27 53 64 48 42 100 53 45 89 8 1
18 63 40 100 54 36 77 9 75 82 83 59 18 2
19 94 5 91 71 79 46 83 32 20 35 59 80 1
20 58 4 55 10 51 17 22 81 3 12 77 99 3
21 20 66 80 33 41 99 13 36 36 61 84 97 1
22 33 59 77 17 30 68 96 87 93 13 20 85 3
23 57 13 41 88 34 70 67 33 15 16 50 79 3
24 70 19 14 38 59 56 62 94 41 10 90 24 1
25 91 71 64 93 28 8 68 43 59 27 93 24 3
26 5 49 33 91 54 26 65 90 6 83 39 95 1
27 28 22 89 53 57 91 60 38 49 58 68 53 3
28 47 52 59 75 72 97 88 61 74 70 22 93 1
29 13 66 30 36 38 15 22 7 27 100 14 67 3
30 98 92 70 23 43 53 98 81 96 39 39 48 3
31 13 42 45 21 78 7 32 12 52 84 5 95 2
32 9 74 45 5 74 35 53 25 68 57 68 93 3
33 40 20 76 10 21 1 64 14 80 49 2 78 2
34 12 63 69 61 25 68 99 46 39 52 63 61 1
35 34 92 94 26 55 53 45 20 35 93 58 39 2
36 54 59 82 41 19 24 79 9 63 70 59 41 3
37 76 75 36 42 89 16 55 74 5 7 35 31 2
38 83 43 28 77 80 20 95 73 35 19 26 37 2
39 64 73 29 32 93 82 58 9 75 75 9 67 1
40 5 6 1 80 6 55 66 25 80 33 60 53 3
41 74 80 39 63 3 37 3 31 53 38 90 50 1
42 22 57 51 23 79 82 66 14 68 1 48 9 1
43 68 76 12 99 65 29 20 53 95 41 3 21 2
44 71 78 80 56 88 35 74 41 71 22 53 68 3
45 92 21 4 16 17 18 11 24 40 18 39 91 1
46 9 44 90 83 70 13 74 43 60 92 16 43 2
47 81 32 66 7 42 89 87 78 1 79 85 83 2
48 17 58 30 96 50 27 67 50 48 32 88 39 1
49 98 87 83 97 59 8 91 18 27 38 61 50 1
50 76 97 84 32 93 66 48 87 83 13 99 70 3
51 3 35 96 33 88 24 37 26 82 98 88 9 3
52 68 36 80 70 1 5 96 44 83 86 10 75 1
53 62 63 30 25 7 88 51 42 4 69 39 87 3
54 13 87 81 54 50 20 16 8 57 78 11 99 3
55 39 86 95 25 52 55 50 34 43 36 5 22 3
56 23 96 44 42 56 97 84 4 11 47 52 94 3
57 61 65 37 12 22 50 64 1 73 30 71 51 1
58 89 15 73 97 50 88 18 35 48 20 54 25 3
59 96 61 8 87 21 6 53 43 70 70 71 6 1
