3 60
2576 2360 2044 
0 76 66 95 85 13 3 36 71 35 16 47 3 2
1 25 15 101 91 78 68 76 63 95 58 57 75 2
2 17 7 59 49 94 84 78 90 48 35 53 15 2
3 53 43 62 52 78 68 52 80 82 67 6 79 2
4 71 61 41 31 12 2 17 52 79 92 8 41 2
5 83 73 83 73 84 74 41 36 62 38 43 61 3
6 72 62 18 8 73 63 22 74 41 28 8 11 3
7 47 37 23 13 100 90 82 80 20 15 71 75 3
8 21 11 71 61 14 4 55 19 82 55 31 60 1
9 20 10 97 87 65 55 27 31 82 69 31 18 1
10 66 56 21 11 67 57 95 73 78 80 32 18 1
11 100 90 108 98 17 7 59 93 67 59 18 60 3
12 66 56 92 82 19 9 16 57 44 19 61 14 3
13 68 58 17 7 73 63 97 27 71 48 38 88 2
14 84 74 23 13 61 51 37 86 44 50 77 76 2
15 42 32 75 65 15 5 17 24 69 30 53 75 2
16 102 92 76 66 43 33 8 92 65 63 78 62 3
17 49 39 110 100 62 52 39 85 87 13 50 31 1
18 95 85 49 39 104 94 34 42 50 68 28 7 1
19 97 87 66 56 26 16 64 50 31 28 9 35 1
20 56 46 95 85 41 31 45 5 11 44 48 3 2
21 106 96 98 88 83 73 37 66 18 51 96 55 2
22 104 94 14 4 25 15 30 19 71 37 13 18 3
23 94 84 66 56 31 21 97 85 65 5 81 43 3
24 29 19 71 61 22 12 37 75 43 47 78 11 2
25 26 16 86 76 47 37 67 84 73 72 60 9 2
26 73 63 19 9 58 48 48 77 78 92 80 30 2
27 45 35 85 75 26 16 76 63 31 21 20 40 3
28 93 83 28 18 62 52 33 24 10 53 95 9 3
29 86 76 58 48 31 21 42 22 21 5 80 23 2
30 61 51 84 74 106 96 9 58 3 89 84 84 2
31 59 49 11 1 64 54 45 16 86 67 97 62 2
32 86 76 72 62 59 49 2 35 4 72 45 46 2
33 57 47 101 91 46 36 52 87 31 53 44 73 1
34 25 15 19 9 14 4 76 16 91 62 5 4 2
35 49 39 85 75 22 12 88 20 32 1 7 52 3
36 74 64 88 78 11 1 72 25 5 49 58 54 3
37 69 59 106 96 42 32 37 53 52 28 58 22 1
38 71 61 45 35 12 2 43 33 38 68 72 38 2
39 20 10 17 7 105 95 89 31 84 32 65 1 3
40 22 12 28 18 35 25 60 55 14 56 100 76 2
41 32 22 29 19 25 15 14 7 4 44 9 79 1
42 52 42 19 9 77 67 31 42 47 86 57 81 2
43 94 84 46 36 107 97 69 16 16 9 71 3 1
44 109 99 67 57 18 8 65 62 38 36 89 50 2
45 91 81 35 25 88 78 37 74 65 40 25 73 3
46 107 97 82 72 64 54 72 33 77 51 33 22 3
47 87 77 79 69 72 62 41 25 59 80 86 78 2
48 13 3 32 22 50 40 68 93 74 41 19 81 1
49 100 90 44 34 89 79 11 95 84 65 50 23 3
50 33 23 55 45 70 60 60 98 54 67 84 8 2
51 85 75 58 48 22 12 67 31 17 11 26 93 2
52 63 53 97 87 40 30 74 3 68 68 62 83 1
53 15 5 43 33 72 62 35 68 38 5 14 85 3
54 80 70 11 1 49 39 88 24 88 21 20 78 2
55 50 40 19 9 79 69 99 47 88 1 85 19 3
56 70 60 93 83 15 5 30 12 28 91 6 45 1
57 29 19 41 31 54 44 53 13 96 27 50 14 1
58 68 58 46 36 17 7 5 73 76 12 25 20 2
59 83 73 92 82 108 98 28 70 87 66 69 66 2
