3 60
2292 2499 2391 
0 49 35 26 53 2 72 65 48 11 37 87 9 1
1 50 39 58 82 75 16 6 81 87 90 97 20 3
2 47 53 56 24 56 2 45 53 33 68 82 22 2
3 15 6 92 61 76 7 10 75 53 63 26 4 2
4 41 43 9 94 86 44 97 76 60 76 44 55 2
5 100 45 1 91 9 46 72 63 58 29 14 73 1
6 25 100 73 27 22 53 18 3 32 18 17 25 2
7 51 83 91 21 32 60 13 89 70 3 28 100 3
8 10 92 70 67 23 33 3 44 15 28 40 99 1
9 58 41 26 88 87 42 84 55 40 66 16 58 1
10 46 27 39 73 23 12 52 80 2 39 85 98 2
11 50 78 15 89 87 99 47 22 16 99 22 7 1
12 66 43 27 86 87 28 64 14 92 91 85 65 1
13 33 95 74 42 14 80 51 56 69 70 53 10 3
14 90 52 63 86 27 13 18 98 35 29 7 98 3
15 39 32 92 54 44 77 15 35 45 46 30 93 3
16 89 80 42 67 86 45 97 20 65 32 6 26 3
17 57 19 94 6 30 100 15 93 87 97 65 39 1
18 30 40 66 63 3 85 25 76 51 40 99 42 1
19 41 65 37 40 26 6 68 21 11 10 95 42 1
20 77 24 73 31 70 37 4 91 67 68 49 8 3
21 42 15 95 73 55 40 36 21 38 98 14 65 2
22 71 7 24 58 68 16 46 48 86 59 32 94 3
23 51 74 36 48 28 31 62 100 52 52 16 24 3
24 20 16 65 34 9 53 43 97 86 92 92 84 3
25 42 99 14 14 79 28 54 46 70 88 33 29 1
26 47 53 76 96 96 30 76 52 82 85 81 7 2
27 95 83 55 13 24 52 19 91 86 73 87 66 3
28 93 25 98 47 10 70 65 69 27 54 71 40 1
29 72 86 80 57 97 35 99 35 94 14 27 78 1
30 48 9 13 39 85 70 18 13 34 38 37 57 3
31 39 3 72 89 4 76 21 67 11 98 22 94 3
32 79 15 16 45 44 76 85 35 21 97 34 38 2
33 18 56 63 39 7 29 59 9 46 72 32 33 2
34 67 39 23 38 80 44 62 78 36 8 32 78 2
35 76 52 37 79 97 13 81 65 33 3 74 80 1
36 32 27 69 10 97 92 21 16 27 23 85 40 3
37 58 80 11 46 71 21 38 18 52 12 96 69 3
38 14 63 66 98 11 40 15 51 81 4 85 11 3
39 3 78 67 36 32 87 17 10 16 67 92 28 3
40 51 2 56 77 52 51 99 23 47 37 46 24 3
41 89 25 53 7 18 82 55 27 54 28 56 27 2
42 61 41 97 100 26 58 74 74 73 39 30 43 1
43 18 45 63 67 15 98 17 91 100 99 44 53 1
44 66 18 74 97 91 75 94 15 44 45 82 70 1
45 62 26 75 28 95 31 25 64 64 77 30 70 3
46 16 5 96 35 85 74 80 45 34 74 78 3 3
47 76 85 60 67 37 42 30 64 26 55 63 12 1
48 84 70 96 1 17 39 31 40 71 71 41 46 1
49 53 47 29 58 6 68 24 44 78 58 44 72 2
50 54 38 63 72 71 7 70 4 30 62 24 69 2
51 38 23 30 14 23 12 61 90 12 56 3 60 1
52 62 76 75 19 95 53 72 98 84 64 60 98 3
53 64 59 33 22 9 84 7 38 20 65 28 44 2
54 51 32 20 6 88 73 100 23 19 87 60 71 1
55 77 79 34 17 90 56 47 98 31 65 72 6 3
56 6 76 26 31 47 77 97 54 23 36 47 79 3
57 87 38 72 84 56 23 76 71 92 95 32 28 2
58 43 71 20 54 4 44 79 45 26 43 73 27 3
59 50 37 63 64 67 82 61 24 45 69 80 54 2
