3 60
1647 1654 1461 
0 88 78 106 96 25 15 13 94 62 82 68 67 1
1 78 68 55 45 31 21 43 77 20 13 64 78 3
2 20 10 55 45 97 87 63 85 65 48 58 37 1
3 95 85 11 1 20 10 54 14 72 65 73 44 3
4 58 48 37 27 107 97 6 46 74 77 37 74 2
5 92 82 93 83 101 91 6 12 68 31 27 56 1
6 15 5 70 60 16 6 91 1 75 1 21 41 2
7 84 74 61 51 45 35 81 1 9 70 11 88 3
8 108 98 59 49 109 99 36 35 82 98 87 66 2
9 26 16 94 84 63 53 97 97 51 84 61 93 3
10 102 92 56 46 103 93 69 63 23 87 71 67 2
11 53 43 62 52 70 60 72 71 25 5 32 1 2
12 101 91 36 26 62 52 99 5 24 39 61 70 2
13 102 92 50 40 99 89 45 13 92 25 67 99 1
14 60 50 98 88 37 27 37 62 55 31 91 10 3
15 64 54 96 86 37 27 60 1 100 68 84 58 3
16 65 55 32 22 98 88 56 55 64 72 77 47 1
17 99 89 51 41 12 2 78 18 80 29 88 86 3
18 30 20 77 67 31 21 39 83 19 3 35 12 1
19 39 29 99 89 68 58 83 44 45 92 30 71 1
20 60 50 106 96 45 35 28 89 31 65 85 8 2
21 51 41 44 34 28 18 55 70 23 5 27 5 1
22 91 81 102 92 12 2 89 87 65 83 49 37 2
23 43 33 16 6 80 70 71 76 74 46 44 87 2
24 56 46 99 89 49 39 22 19 80 24 55 4 1
25 71 61 24 14 84 74 72 42 81 2 79 25 1
26 68 58 15 5 53 43 81 95 63 6 22 63 1
27 54 44 95 85 35 25 64 31 59 86 77 82 2
28 57 47 83 73 18 8 100 60 44 50 32 43 2
29 103 93 76 66 48 38 43 88 62 98 81 22 1
30 37 27 51 41 74 64 22 3 32 14 53 64 3
31 20 10 73 63 17 7 89 29 65 96 32 81 3
32 109 99 96 86 74 64 57 18 85 96 63 19 3
33 42 32 95 85 39 29 98 47 76 3 66 97 1
34 72 62 67 57 61 51 52 81 98 20 30 47 2
35 90 80 27 17 63 53 42 79 47 28 68 14 2
36 65 55 88 78 102 92 21 49 84 21 7 46 2
37 95 85 31 21 68 58 48 61 84 1 70 55 2
38 110 100 77 67 51 41 35 70 3 10 82 13 1
39 74 64 70 60 59 49 36 56 98 34 41 88 3
40 93 83 100 90 106 96 40 59 33 79 68 71 1
41 14 4 110 100 107 97 49 21 36 47 64 89 2
42 12 2 70 60 37 27 53 64 84 46 33 41 3
43 71 61 32 22 92 82 3 4 85 27 71 64 1
44 68 58 19 9 77 67 24 46 95 46 83 51 3
45 52 42 97 87 49 39 92 97 76 79 38 87 2
46 47 37 29 19 104 94 100 32 59 40 66 69 1
47 92 82 85 75 77 67 77 8 74 95 67 80 3
48 109 99 27 17 54 44 1 26 35 49 39 85 2
49 49 39 94 84 38 28 6 52 50 84 77 68 1
50 12 2 27 17 41 31 6 47 20 48 83 96 1
51 35 25 107 97 80 70 82 78 63 56 33 89 3
52 58 48 93 83 35 25 95 81 68 46 41 54 2
53 72 62 101 91 29 19 38 30 56 22 95 74 2
54 20 10 50 40 89 79 51 25 55 53 66 87 2
55 84 74 52 42 13 3 37 90 55 40 62 33 1
56 98 88 20 10 43 33 83 38 31 42 58 25 1
57 90 80 103 93 15 5 62 36 86 14 73 90 1
58 47 37 18 8 96 86 1 17 39 70 17 43 2
59 25 15 41 31 50 40 39 24 92 86 6 100 2
