3 60
546 599 561 
0 9 12 28 31 39 49 82 23 69 66 42 49 3
1 9 13 56 47 82 90 53 74 43 2 6 50 2
2 42 35 4 5 81 76 89 54 13 72 44 59 2
3 52 60 1 6 60 61 26 96 19 1 34 37 1
4 59 69 13 19 72 62 12 17 8 60 87 4 1
5 108 98 63 53 102 99 45 67 28 2 42 43 2
6 11 6 32 32 61 59 92 48 28 55 29 90 2
7 84 76 24 15 54 53 62 24 46 42 65 23 1
8 28 22 92 96 69 63 75 77 88 33 35 36 2
9 8 3 51 57 1 4 18 25 35 7 5 80 3
10 59 68 1 7 57 53 92 88 84 14 36 18 1
11 29 36 41 46 47 57 83 41 11 41 12 96 1
12 23 29 78 79 27 22 3 37 28 87 2 76 3
13 35 45 83 83 33 30 12 28 84 20 13 26 3
14 3 13 33 40 71 74 63 40 24 73 56 19 2
15 43 37 67 60 83 82 81 44 93 44 2 50 2
16 51 54 34 40 19 19 14 33 90 35 19 7 2
17 6 13 109 99 101 94 69 2 46 3 99 63 1
18 32 38 53 52 82 75 39 47 58 16 17 32 3
19 2 11 83 85 43 52 98 2 55 66 99 3 2
20 22 14 14 20 27 27 63 94 27 34 87 92 3
21 81 72 30 31 100 97 20 6 19 7 97 15 3
22 18 21 87 79 37 30 42 81 88 64 81 61 2
23 63 55 43 38 15 12 29 68 100 75 37 67 3
24 9 1 26 20 43 38 57 98 48 86 97 41 1
25 42 33 47 47 60 62 45 100 34 83 46 84 2
26 21 27 63 69 12 4 86 27 100 96 10 9 3
27 23 20 64 59 90 97 40 40 24 79 79 63 2
28 56 62 84 85 1 7 15 51 82 59 85 43 1
29 81 76 50 46 19 17 19 77 99 6 89 92 1
30 57 50 89 81 13 11 42 51 31 43 13 90 3
31 67 60 50 47 33 33 73 55 49 21 41 32 3
32 72 80 14 11 43 41 84 41 77 46 48 39 3
33 67 58 49 48 38 31 9 74 75 87 94 16 2
34 32 25 18 23 25 22 87 6 13 29 70 44 1
35 9 14 46 48 85 75 75 1 52 92 19 8 1
36 17 25 98 99 76 82 51 47 63 22 35 67 1
37 94 85 43 52 21 18 7 44 98 2 22 67 2
38 43 45 90 87 21 22 27 35 85 49 80 10 1
39 47 39 96 98 48 48 12 36 77 84 33 28 1
40 44 44 27 18 99 93 85 8 35 62 50 78 2
41 98 98 82 81 48 55 35 22 67 34 11 12 2
42 47 51 6 9 73 76 34 27 57 42 39 41 1
43 42 46 68 77 15 7 61 48 64 38 74 23 1
44 78 88 69 66 39 45 29 32 100 14 84 14 2
45 48 39 49 42 29 36 76 23 43 82 66 96 3
46 44 42 82 81 10 11 82 48 56 44 55 7 3
47 65 66 43 49 24 23 77 17 2 85 79 2 3
48 74 76 8 6 42 45 89 37 41 76 45 24 3
49 44 37 37 47 64 58 90 75 71 6 18 67 2
50 66 63 98 98 30 32 42 17 57 74 67 88 2
51 29 37 42 35 26 26 76 45 97 71 74 53 1
52 10 10 54 44 79 79 15 34 95 46 6 48 3
53 90 89 51 51 14 14 88 41 72 31 19 85 3
54 62 69 27 36 1 10 20 99 94 100 57 3 3
55 53 48 87 87 34 25 28 4 14 80 64 59 1
56 64 54 91 100 55 55 6 15 61 32 81 74 2
57 64 63 17 10 41 48 25 91 65 17 70 71 3
58 35 33 20 15 99 98 93 38 25 29 67 95 3
59 77 79 6 5 29 24 90 21 55 24 45 50 3
