3 60
612 615 573 
0 55 45 73 63 92 82 31 87 81 20 46 47 3
1 61 51 38 28 22 12 55 72 59 55 89 24 1
2 35 25 70 60 12 2 26 73 66 95 70 95 3
3 78 68 94 84 103 93 81 45 43 41 49 68 2
4 73 63 44 34 14 4 58 70 81 19 100 18 1
5 11 1 20 10 20 10 21 34 9 11 3 57 3
6 22 12 69 59 15 5 83 58 71 55 10 59 2
7 67 57 44 34 20 10 28 35 44 14 35 67 1
8 39 29 90 80 40 30 99 87 98 51 42 53 1
9 37 27 105 95 82 72 36 100 98 39 74 71 1
10 93 83 39 29 94 84 90 43 98 7 79 17 3
11 24 14 33 23 41 31 29 59 68 52 14 71 3
12 24 14 51 41 77 67 2 11 66 72 26 97 1
13 81 71 37 27 86 76 71 72 11 10 4 40 3
14 51 41 89 79 28 18 79 83 36 82 59 27 1
15 91 81 31 21 64 54 99 61 42 16 100 56 3
16 28 18 95 85 61 51 69 5 1 52 73 88 3
17 14 4 66 56 19 9 32 95 22 66 79 95 2
18 13 3 60 50 14 4 77 65 46 65 34 79 3
19 70 60 30 20 99 89 91 34 6 78 62 33 2
20 95 85 33 23 80 70 34 11 35 66 97 16 2
21 58 48 51 41 35 25 19 68 41 5 41 58 2
22 102 92 13 3 23 13 20 47 20 84 74 75 1
23 102 92 75 65 39 29 2 18 70 69 76 68 2
24 19 9 70 60 12 2 85 90 35 67 27 2 1
25 82 72 43 33 103 93 17 74 7 32 90 57 2
26 95 85 34 24 80 70 84 45 25 75 18 3 1
27 85 75 26 16 74 64 84 86 35 42 27 95 3
28 100 90 34 24 61 51 8 54 98 46 51 31 3
29 30 20 103 93 75 65 9 86 51 34 34 10 3
30 64 54 86 76 109 99 89 7 79 44 57 33 3
31 31 21 76 66 28 18 46 57 1 31 17 82 3
32 76 66 63 53 49 39 11 30 96 23 72 48 3
33 77 67 30 20 74 64 51 40 96 93 76 57 2
34 103 93 98 88 84 74 94 93 87 53 26 89 2
35 41 31 78 68 14 4 73 27 23 21 41 74 1
36 16 6 39 29 53 43 3 92 70 15 4 81 2
37 38 28 74 64 11 1 46 23 77 41 83 30 3
38 57 47 24 14 98 88 90 99 50 46 7 59 1
39 109 99 105 95 94 84 40 26 9 84 49 85 3
40 92 82 99 89 105 95 88 9 64 15 60 38 1
41 77 67 73 63 70 60 99 24 67 40 41 77 1
42 55 45 21 11 88 78 5 34 41 2 92 67 2
43 30 20 91 81 43 33 9 12 81 39 71 43 1
44 87 77 38 28 96 86 40 17 99 83 49 56 1
45 55 45 108 98 52 42 97 28 24 77 4 58 3
46 26 16 100 90 83 73 75 95 27 24 88 20 3
47 67 57 60 50 52 42 84 37 7 74 39 11 1
48 68 58 86 76 105 95 76 87 46 54 19 66 2
49 40 30 85 75 29 19 76 69 18 84 67 45 3
50 35 25 50 40 64 54 79 1 58 92 6 59 1
51 94 84 66 56 31 21 47 34 56 27 70 9 1
52 65 55 108 98 42 32 44 92 6 32 39 53 1
53 107 97 36 26 64 54 56 85 67 56 90 97 1
54 67 57 97 87 36 26 90 47 29 27 63 38 3
55 15 5 75 65 44 34 10 30 91 92 81 22 2
56 93 83 15 5 38 28 55 8 41 10 27 21 3
57 89 79 94 84 106 96 53 60 31 34 50 19 3
58 46 36 17 7 87 77 93 13 63 63 39 72 2
59 108 98 24 14 33 23 71 32 72 61 13 40 3
