3 60
1370 1744 1486 
0 37 68 21 87 98 5 18 93 87 48 20 77 3
1 41 97 50 39 66 74 37 38 73 95 65 36 2
2 11 11 19 81 20 52 91 24 28 1 70 70 3
3 3 56 87 10 64 57 22 19 36 14 78 79 2
4 100 13 69 63 37 6 62 45 78 74 18 65 1
5 32 86 40 41 49 87 2 35 22 85 61 68 3
6 64 62 13 88 61 15 94 57 75 18 98 42 1
7 18 28 59 67 91 13 36 6 60 49 53 8 3
8 21 78 74 44 26 11 38 27 6 47 78 27 3
9 73 83 42 29 10 84 67 51 38 49 89 25 2
10 54 48 38 87 31 33 96 87 30 61 97 30 3
11 22 92 94 2 67 13 48 98 76 34 27 18 3
12 30 21 90 71 51 14 35 81 33 54 55 87 2
13 53 9 93 55 34 94 61 48 45 70 28 68 2
14 54 73 26 8 99 42 89 82 36 73 48 58 2
15 99 45 43 68 96 90 99 6 96 74 71 67 1
16 57 18 9 96 54 83 74 36 20 68 86 87 1
17 29 77 65 71 2 66 95 64 68 47 54 8 1
18 1 70 38 92 74 7 59 17 20 56 8 32 1
19 4 43 1 9 97 84 34 20 60 97 38 26 1
20 16 74 13 80 9 87 13 87 29 34 96 98 1
21 22 32 74 99 35 65 7 6 33 55 93 45 2
22 23 13 75 71 28 22 44 42 51 93 91 98 3
23 35 63 27 38 20 20 11 81 55 8 5 69 2
24 12 49 56 68 1 86 20 30 91 93 24 93 2
25 21 61 94 75 58 90 31 16 8 20 45 21 2
26 15 11 43 45 64 88 68 30 5 83 22 23 1
27 10 52 71 91 39 29 13 2 5 90 90 28 1
28 89 22 1 45 6 67 63 25 36 1 62 18 3
29 63 36 72 6 80 85 1 3 59 23 47 61 3
30 28 50 92 81 65 3 58 100 73 7 27 69 2
31 71 48 3 35 36 13 9 31 96 93 79 65 2
32 99 40 27 71 56 1 35 55 26 16 7 32 2
33 42 66 86 56 31 47 46 45 91 46 72 15 1
34 74 53 31 51 87 50 23 31 71 3 63 61 1
35 100 66 60 100 29 27 16 36 94 51 40 11 2
36 44 17 72 91 9 74 17 22 36 27 58 84 3
37 54 81 6 48 67 14 93 12 5 38 7 49 2
38 73 5 18 47 70 90 63 4 71 59 33 11 2
39 30 59 95 18 51 76 92 35 45 61 69 57 3
40 27 16 31 90 36 73 85 74 3 4 3 65 1
41 32 22 89 97 53 79 50 52 33 60 29 76 2
42 88 91 17 49 53 16 56 14 86 89 88 70 2
43 10 2 62 25 7 55 5 18 49 73 55 1 2
44 81 12 90 90 98 69 90 5 90 59 87 2 1
45 50 27 62 22 75 24 20 47 95 62 61 66 3
46 83 74 64 13 52 51 56 80 65 42 22 39 1
47 55 74 32 57 16 31 29 42 6 91 30 29 2
48 23 64 44 94 56 33 35 26 9 97 70 53 1
49 40 37 25 47 1 58 86 9 88 31 43 85 1
50 78 19 86 54 95 88 8 2 99 33 13 34 2
51 13 69 6 67 98 58 96 76 81 86 95 22 3
52 42 58 54 100 67 35 23 89 59 37 17 53 1
53 16 5 92 67 61 30 88 38 23 29 70 50 2
54 35 17 3 84 72 50 92 31 48 19 64 38 1
55 93 40 49 79 98 17 72 76 42 50 58 66 2
56 45 10 58 64 78 19 5 73 22 26 55 38 2
57 51 67 27 6 12 52 79 60 61 59 94 42 3
58 39 21 15 3 92 86 86 83 14 9 7 48 2
59 38 39 50 57 63 84 77 75 31 3 94 94 1
