3 60
2547 2300 2489 
0 65 55 84 74 102 92 92 49 99 33 18 61 2
1 50 40 26 16 11 1 41 23 62 62 45 87 2
2 86 76 28 18 63 53 15 20 14 59 94 4 1
3 78 68 95 85 103 93 34 21 87 83 70 19 3
4 40 30 110 100 81 71 73 35 61 52 4 72 2
5 56 46 56 46 65 55 10 86 49 42 12 100 1
6 69 59 15 5 70 60 38 83 54 58 11 98 1
7 72 62 48 38 25 15 93 49 89 80 99 52 3
8 34 24 76 66 27 17 67 30 88 19 62 63 3
9 93 83 62 52 38 28 63 60 6 20 95 67 1
10 63 53 110 100 64 54 52 64 71 92 44 60 2
11 57 47 65 55 74 64 86 91 98 39 32 60 1
12 107 97 33 23 60 50 50 70 96 31 90 66 2
13 61 51 18 8 66 56 65 85 6 22 32 16 3
14 45 35 84 74 22 12 60 39 26 24 28 10 1
15 15 5 56 46 88 78 63 52 35 76 21 97 1
16 95 85 61 51 28 18 40 55 8 48 71 65 1
17 26 16 79 69 31 21 74 54 38 22 35 16 2
18 92 82 46 36 93 83 26 7 58 76 20 5 1
19 110 100 79 69 39 29 74 99 56 18 87 23 2
20 101 91 40 30 86 76 93 36 27 56 76 98 1
21 75 65 67 57 52 42 36 31 11 32 74 38 2
22 41 31 51 41 62 52 70 28 14 51 95 73 2
23 83 73 47 37 20 10 31 36 12 1 42 57 2
24 50 40 92 82 43 33 57 93 21 69 35 36 1
25 71 61 31 21 92 82 47 60 20 91 75 78 2
26 18 8 56 46 103 93 8 32 60 69 96 6 1
27 86 76 26 16 75 65 3 57 29 8 89 37 2
28 110 100 45 35 71 61 53 67 99 86 72 20 1
29 59 49 31 21 104 94 94 12 29 76 52 51 1
30 42 32 57 47 79 69 58 8 9 15 82 73 2
31 68 58 12 2 65 55 15 49 52 69 99 52 3
32 83 73 61 51 48 38 63 88 62 41 89 33 3
33 66 56 110 100 63 53 54 88 42 20 19 9 3
34 66 56 60 50 55 45 47 80 16 97 37 5 1
35 38 28 74 64 11 1 38 91 89 95 83 65 2
36 55 45 77 67 92 82 15 73 52 100 2 57 1
37 42 32 79 69 23 13 21 84 78 65 54 97 1
38 56 46 22 12 97 87 100 51 2 89 81 95 2
39 65 55 62 52 50 40 71 8 65 23 5 15 1
40 83 73 89 79 96 86 95 17 10 36 31 79 3
41 53 43 50 40 46 36 68 55 65 69 45 78 3
42 69 59 36 26 94 84 100 70 5 94 36 33 2
43 47 37 99 89 60 50 11 52 28 55 66 59 2
44 82 72 40 30 91 81 88 4 79 56 5 17 1
45 92 82 44 34 89 79 15 97 83 40 61 86 2
46 28 18 11 1 93 83 12 30 70 34 41 59 2
47 48 38 40 30 25 15 97 26 8 32 89 82 1
48 94 84 13 3 39 29 69 51 74 49 92 7 1
49 25 15 69 59 22 12 13 67 51 41 90 80 3
50 46 36 60 50 75 65 82 3 97 39 64 24 3
51 74 64 47 37 11 1 58 96 87 48 44 65 3
52 32 22 74 64 109 99 75 30 90 65 80 98 1
53 60 50 88 78 17 7 31 27 13 92 13 60 2
54 57 47 96 86 34 24 33 1 5 29 92 17 1
55 63 53 24 14 92 82 86 79 66 14 27 74 1
56 35 25 58 48 80 70 17 53 17 30 47 23 3
57 62 52 74 64 87 77 33 68 35 73 51 35 1
58 37 27 107 97 78 68 74 44 75 62 7 16 1
59 108 98 25 15 33 23 19 14 27 6 93 63 1
