3 60
1550 1432 1424 
0 52 45 63 64 74 82 51 21 27 96 20 77 2
1 92 98 39 32 65 75 10 2 74 25 79 69 2
2 30 20 92 98 77 69 85 17 29 36 97 18 2
3 51 61 8 7 67 62 12 87 15 56 87 84 1
4 37 30 83 80 37 31 62 33 26 35 65 20 1
5 23 15 70 62 25 16 28 45 32 24 79 25 2
6 100 91 8 17 50 44 42 37 80 38 41 3 3
7 80 77 12 16 58 62 32 36 43 49 29 53 2
8 63 59 27 33 91 100 58 80 53 28 13 98 3
9 24 20 67 74 39 29 74 60 12 91 43 10 3
10 28 33 85 80 26 18 23 94 85 82 56 34 1
11 12 17 24 27 38 38 21 40 36 79 7 18 1
12 67 66 14 8 50 59 42 46 32 71 31 4 3
13 9 18 57 64 1 3 74 39 47 87 39 16 1
14 62 62 100 97 22 23 38 86 21 19 78 39 1
15 1 2 24 25 48 47 60 88 87 48 75 97 2
16 74 79 57 65 50 52 7 69 66 13 15 53 2
17 75 82 86 76 78 71 89 43 24 94 17 11 2
18 80 87 1 1 30 24 37 100 48 38 70 3 3
19 55 64 44 38 1 5 82 50 1 73 46 86 2
20 22 23 35 29 27 36 84 9 24 32 22 25 1
21 21 21 78 88 48 46 94 26 48 4 63 14 2
22 1 2 56 60 19 11 98 25 21 42 79 43 2
23 83 76 63 59 43 41 13 55 52 26 67 91 2
24 39 42 56 61 73 79 56 38 69 15 92 61 2
25 12 10 17 24 30 39 14 30 16 5 52 47 1
26 17 20 59 62 95 97 32 86 97 51 46 10 3
27 78 73 6 12 45 50 69 73 35 80 17 76 3
28 70 67 85 90 21 12 31 94 73 81 14 7 1
29 77 77 46 47 31 26 63 20 66 46 43 43 3
30 74 83 19 14 51 44 80 22 51 5 46 17 2
31 78 77 61 64 49 42 7 86 45 16 39 12 1
32 32 29 61 60 82 90 42 47 17 68 21 7 2
33 33 31 20 13 4 4 28 78 61 16 75 90 3
34 16 6 2 4 9 3 98 9 57 61 10 20 1
35 75 79 4 5 43 40 27 82 89 81 28 83 3
36 64 54 24 28 2 11 70 72 93 88 44 90 2
37 100 90 49 57 27 23 59 67 84 13 97 22 3
38 48 46 87 88 34 31 48 71 30 87 84 63 1
39 60 68 30 27 77 85 73 3 90 50 65 76 2
40 11 9 81 83 66 58 8 86 1 5 23 16 3
41 1 11 77 86 51 60 33 91 55 97 74 68 2
42 47 44 14 10 73 69 23 1 7 89 78 90 2
43 33 39 80 70 98 92 63 5 29 80 95 91 2
44 93 93 71 71 41 50 95 25 22 94 49 37 3
45 50 52 43 47 44 49 24 26 25 72 33 46 3
46 78 87 16 26 73 64 98 82 50 69 6 23 3
47 91 87 53 62 50 44 11 39 88 66 57 26 3
48 86 81 28 19 54 50 28 38 88 48 81 31 2
49 66 58 72 68 86 87 68 25 82 44 68 90 1
50 92 92 24 27 56 61 99 46 61 22 3 95 2
51 39 38 44 36 28 27 6 68 24 53 73 98 2
52 50 47 73 81 6 16 17 64 61 59 36 69 3
53 104 98 65 60 28 23 86 64 17 90 72 19 2
54 22 14 87 81 52 47 86 58 45 7 83 36 2
55 43 33 69 72 3 10 19 46 92 98 94 5 1
56 73 79 37 33 93 88 95 51 63 46 3 68 2
57 6 12 51 51 104 97 36 17 46 70 24 32 1
58 37 34 22 16 101 99 3 51 86 74 9 70 1
59 82 92 3 10 34 37 73 49 1 7 22 57 1
