3 60
2495 2272 2191 
0 21 11 39 29 58 48 33 20 46 31 15 93 2
1 87 77 64 54 40 30 5 39 100 66 75 36 3
2 105 95 40 30 82 72 23 73 78 44 97 64 1
3 12 2 28 18 37 27 91 45 53 72 78 99 2
4 51 41 22 12 100 90 6 20 40 87 77 3 3
5 65 55 74 64 74 64 21 45 13 20 27 60 1
6 16 6 71 61 17 7 29 47 48 23 67 48 3
7 109 99 86 76 62 52 49 4 77 63 23 42 3
8 77 67 28 18 70 60 14 52 1 56 28 54 3
9 107 97 83 73 52 42 21 58 63 50 82 100 3
10 11 1 65 55 20 10 39 97 15 74 87 95 3
11 82 72 91 81 91 81 56 26 47 21 53 8 2
12 86 76 13 3 39 29 30 4 20 17 5 57 3
13 15 5 63 53 20 10 32 19 94 42 48 57 2
14 61 51 99 89 46 36 39 37 63 64 1 9 1
15 29 19 69 59 102 92 95 71 20 60 94 15 2
16 94 84 69 59 35 25 57 51 46 19 53 20 2
17 84 74 44 34 97 87 10 31 25 23 2 2 1
18 47 37 94 84 48 38 76 100 62 29 83 80 1
19 108 98 68 58 37 27 27 33 46 53 52 59 1
20 25 15 71 61 110 100 19 47 68 11 34 79 1
21 44 34 29 19 21 11 77 100 24 67 18 1 1
22 72 62 83 73 93 83 93 78 85 52 26 92 2
23 92 82 57 47 29 19 3 7 29 86 94 6 2
24 85 75 36 26 78 68 81 75 59 43 98 75 3
25 52 42 13 3 73 63 16 19 35 25 5 36 2
26 41 31 88 78 34 24 24 72 69 33 70 57 2
27 15 5 56 46 96 86 96 53 46 88 43 74 3
28 106 96 32 22 67 57 27 79 49 39 65 43 3
29 76 66 49 39 13 3 23 65 81 63 83 66 2
30 102 92 24 14 39 29 15 18 54 100 3 28 1
31 109 99 62 52 14 4 35 23 22 99 32 8 2
32 34 24 21 11 107 97 20 96 70 46 47 86 1
33 107 97 60 50 104 94 53 95 73 83 9 30 1
34 49 39 36 26 30 20 47 80 27 71 17 60 3
35 47 37 84 74 12 2 27 18 88 94 40 50 1
36 14 4 29 19 51 41 78 56 81 11 90 58 2
37 60 50 96 86 33 23 69 23 60 65 50 68 3
38 63 53 30 20 104 94 33 71 15 40 49 43 1
39 47 37 35 25 32 22 29 13 2 73 73 98 2
40 102 92 109 99 15 5 98 96 83 36 70 29 3
41 43 33 39 29 36 26 83 73 98 51 34 39 3
42 61 51 27 17 86 76 19 78 21 43 37 28 1
43 20 10 73 63 33 23 77 45 90 69 64 2 2
44 49 39 100 90 58 48 56 100 33 70 70 98 1
45 41 31 94 84 38 28 61 70 32 39 19 25 1
46 68 58 50 40 25 15 69 48 22 5 25 2 2
47 17 7 110 100 102 92 45 88 89 91 32 24 2
48 58 48 76 66 95 85 43 97 51 62 87 92 1
49 66 56 11 1 55 45 83 42 26 77 5 3 3
50 89 79 104 94 18 8 28 9 84 13 3 44 1
51 84 74 48 38 21 11 59 58 70 64 5 93 1
52 43 33 86 76 20 10 16 27 75 81 1 54 3
53 37 27 66 56 94 84 80 48 80 89 12 2 3
54 65 55 103 93 42 32 49 60 20 34 49 36 3
55 61 51 21 11 90 80 12 46 62 2 99 70 1
56 103 93 25 15 48 38 55 94 69 11 64 32 2
57 99 89 12 2 24 14 18 74 4 41 60 100 3
58 56 46 27 17 97 87 71 47 53 93 60 23 3
59 50 40 58 48 75 65 70 78 10 37 1 81 2
