3 60
573 656 660 
0 99 89 18 8 36 26 24 25 65 73 80 35 2
1 24 14 108 98 85 75 92 19 90 7 77 75 3
2 24 14 58 48 93 83 20 44 27 73 57 70 3
3 44 34 61 51 69 59 80 76 37 82 95 85 1
4 54 44 24 14 103 93 85 78 40 57 50 66 3
5 102 92 102 92 11 1 14 71 67 54 83 10 1
6 67 57 21 11 68 58 71 46 8 31 52 19 2
7 30 20 106 96 83 73 72 89 86 3 65 65 1
8 96 86 46 36 97 87 14 69 53 14 17 5 3
9 23 13 92 82 68 58 53 19 75 40 64 61 1
10 37 27 92 82 38 28 24 7 20 75 74 65 1
11 107 97 15 5 24 14 84 9 67 13 52 15 2
12 45 35 71 61 98 88 24 43 39 3 7 19 2
13 35 25 84 74 32 22 60 5 32 100 77 95 2
14 35 25 74 64 12 2 1 88 52 60 84 19 1
15 77 67 18 8 58 48 20 24 8 69 54 15 1
16 21 11 87 77 54 44 13 11 84 98 5 30 2
17 48 38 101 91 61 51 95 84 27 10 89 62 2
18 58 48 104 94 59 49 6 74 22 63 51 35 2
19 72 62 41 31 101 91 11 90 44 13 46 100 3
20 63 53 110 100 48 38 3 24 19 62 53 80 2
21 97 87 81 71 74 64 60 74 18 26 62 4 3
22 79 69 81 71 92 82 22 83 92 3 98 26 1
23 93 83 65 55 30 20 14 87 28 96 20 66 3
24 84 74 34 24 77 67 4 18 69 2 30 83 1
25 109 99 69 59 22 12 5 79 88 88 26 55 3
26 64 54 110 100 49 39 76 41 29 54 99 78 3
27 64 54 104 94 45 35 87 99 100 19 21 57 2
28 12 2 39 29 73 63 83 47 8 31 48 97 2
29 21 11 93 83 66 56 56 84 70 12 51 31 3
30 104 94 27 17 49 39 86 75 42 77 15 4 3
31 82 72 26 16 79 69 59 50 80 25 97 20 2
32 25 15 11 1 98 88 85 53 26 6 85 85 3
33 36 26 88 78 33 23 33 91 87 99 33 36 2
34 20 10 14 4 109 99 26 96 20 82 72 30 3
35 32 22 68 58 105 95 32 81 63 38 87 76 2
36 57 47 79 69 94 84 71 92 43 80 9 48 1
37 28 18 65 55 101 91 6 92 63 86 79 7 1
38 50 40 16 6 91 81 26 19 35 43 25 98 2
39 35 25 24 14 20 10 79 81 82 3 72 6 3
40 73 63 79 69 86 76 36 35 96 69 32 50 1
41 87 77 84 74 80 70 60 11 42 76 12 30 3
42 63 53 30 20 96 86 27 98 22 42 79 32 3
43 57 47 17 7 70 60 61 10 46 81 86 26 3
44 20 10 78 68 29 19 96 16 24 15 28 37 2
45 106 96 58 48 103 93 45 34 92 66 9 95 3
46 86 76 69 59 43 33 42 3 44 71 92 5 2
47 98 88 90 80 83 73 83 79 42 21 66 77 3
48 12 2 31 21 49 39 56 68 28 80 42 98 2
49 99 89 51 41 96 86 21 33 20 47 64 65 3
50 92 82 106 96 21 11 63 52 61 34 79 50 2
51 92 82 57 47 29 19 65 33 84 3 40 87 1
52 54 44 88 78 31 21 95 70 14 99 50 70 3
53 30 20 58 48 87 77 77 21 89 48 93 74 2
54 51 41 90 80 28 18 88 7 93 70 19 17 3
55 17 7 78 68 46 36 1 75 2 40 32 50 3
56 25 15 48 38 70 60 41 12 90 43 66 43 2
57 52 42 64 54 77 67 37 68 68 63 79 44 3
58 27 17 97 87 76 66 62 98 36 13 27 16 2
59 74 64 83 73 99 89 29 57 43 60 21 54 2
