3 60
561 658 562 
0 55 57 66 75 98 94 3 62 16 19 46 22 1
1 1 1 44 36 70 78 67 82 82 85 10 69 3
2 18 15 95 86 65 64 39 67 8 50 11 91 1
3 1 4 57 59 6 5 46 80 72 55 63 55 3
4 21 25 67 68 13 18 29 74 71 73 39 12 3
5 59 51 106 97 61 52 26 37 29 63 48 81 3
6 19 26 61 53 69 79 73 49 66 31 69 51 2
7 47 53 85 91 33 38 9 41 72 18 21 52 3
8 31 22 87 89 64 55 32 62 86 91 49 51 2
9 58 55 1 2 65 56 7 9 46 55 96 42 2
10 46 37 82 83 23 22 39 58 46 41 89 34 2
11 1 4 11 15 23 25 89 91 13 72 76 65 3
12 91 93 48 44 95 86 63 65 27 87 92 42 3
13 16 13 66 60 106 98 63 80 90 71 71 65 3
14 26 18 43 52 73 79 41 84 69 45 52 38 1
15 87 78 90 100 19 15 12 95 1 36 90 97 3
16 103 94 75 81 58 67 98 31 63 34 59 52 3
17 32 29 24 24 14 18 28 88 20 22 17 21 1
18 74 78 95 93 24 15 97 74 83 43 42 80 2
19 1 3 61 70 42 44 19 77 77 54 28 32 2
20 104 94 1 1 9 7 99 44 15 5 43 75 1
21 84 81 33 39 3 6 13 72 16 32 12 11 1
22 70 61 12 12 68 70 44 74 87 39 77 85 1
23 26 24 98 98 78 81 64 75 49 72 62 78 3
24 37 46 54 64 92 83 35 70 30 47 35 9 1
25 82 81 95 96 8 18 35 25 79 75 19 23 3
26 15 15 51 50 85 92 80 23 39 91 94 47 2
27 17 13 56 51 84 90 15 42 46 18 39 86 3
28 90 95 26 17 41 40 88 30 77 88 40 61 1
29 50 56 27 27 4 5 73 80 88 97 2 91 1
30 77 67 88 97 33 28 65 37 32 88 98 91 3
31 13 9 96 95 79 82 27 14 84 46 39 56 1
32 80 89 22 19 43 50 67 54 21 3 94 56 1
33 1 2 75 85 70 75 53 15 67 3 29 36 3
34 32 29 18 28 25 26 79 71 97 43 87 56 1
35 23 26 54 53 78 87 92 78 8 12 19 29 2
36 80 85 50 60 39 42 67 56 99 75 82 31 3
37 89 86 46 52 16 19 1 10 95 86 92 58 2
38 18 25 65 68 4 10 29 16 14 44 67 53 1
39 62 64 30 22 79 81 85 15 9 43 35 53 2
40 9 12 94 87 64 61 37 71 42 39 14 6 1
41 66 67 40 41 24 24 40 16 69 80 27 7 3
42 75 67 42 34 101 92 94 6 30 15 4 65 1
43 72 71 98 93 24 24 9 33 97 58 44 43 3
44 47 52 38 31 8 9 87 82 2 84 26 45 1
45 32 40 25 34 47 37 64 52 7 85 33 23 2
46 42 35 78 73 8 4 70 90 23 90 88 23 2
47 25 35 6 9 84 92 17 36 30 95 31 81 3
48 72 76 6 7 32 37 96 70 45 48 30 59 2
49 97 97 3 8 9 18 2 74 98 41 68 16 1
50 70 60 102 94 34 29 92 93 91 57 66 87 1
51 56 57 40 48 53 46 3 58 4 41 45 47 1
52 8 6 41 41 85 75 1 3 32 99 69 88 2
53 1 1 58 64 19 26 20 29 78 45 4 35 3
54 59 62 24 28 1 3 70 4 94 39 92 39 3
55 38 33 64 71 19 10 96 7 39 35 87 5 2
56 101 98 36 45 100 99 74 35 77 7 96 13 3
57 50 40 74 78 19 25 74 19 14 6 64 99 3
58 84 77 50 60 48 42 92 83 73 11 77 7 2
59 10 15 25 34 54 60 3 79 16 26 41 54 3
