3 60
1566 1398 1466 
0 28 34 60 53 79 71 39 48 50 18 91 81 2
1 60 67 7 9 54 44 94 5 58 64 48 10 3
2 92 97 67 67 31 38 3 19 62 36 22 96 3
3 53 58 18 12 69 59 55 59 60 5 44 25 3
4 40 43 86 93 53 44 12 30 91 28 94 59 1
5 12 12 51 59 6 13 66 58 24 92 86 83 3
6 16 24 58 50 87 85 40 32 79 76 60 87 1
7 41 46 81 85 32 23 34 88 34 26 31 100 1
8 61 52 17 18 81 85 50 45 4 37 87 85 1
9 16 17 67 71 23 18 64 10 19 41 12 25 1
10 76 78 33 25 53 63 11 100 27 49 45 66 1
11 66 62 70 64 76 75 50 94 87 85 57 96 3
12 97 87 31 37 80 80 33 55 71 37 56 36 2
13 65 63 1 1 42 48 82 42 98 34 17 68 2
14 87 79 4 14 34 40 75 15 26 6 91 72 3
15 75 83 12 6 36 28 80 65 23 27 82 33 1
16 75 68 58 54 51 41 62 25 76 80 52 29 2
17 16 23 27 17 19 12 69 16 42 37 95 25 3
18 77 68 77 82 6 5 43 75 68 1 76 90 2
19 40 49 21 15 81 90 75 6 93 58 50 69 2
20 86 84 99 90 91 97 4 40 80 69 48 87 3
21 48 38 5 5 54 63 64 96 49 10 51 59 2
22 77 75 33 33 75 84 23 49 44 34 73 33 3
23 1 5 81 88 66 62 83 72 88 99 11 12 1
24 29 31 46 50 63 68 93 99 70 6 70 22 2
25 8 15 34 29 47 44 34 4 40 96 88 14 2
26 99 89 41 31 69 66 98 35 6 26 87 44 3
27 64 58 92 97 31 27 49 30 81 76 9 95 3
28 25 32 61 55 76 77 41 82 14 30 31 77 1
29 52 46 8 16 77 87 23 15 62 91 14 73 2
30 14 8 38 39 70 69 96 54 36 84 100 95 3
31 70 74 45 53 49 39 31 58 17 11 6 3 2
32 48 46 69 77 1 7 31 51 63 58 23 100 2
33 1 4 99 94 75 77 25 73 99 30 28 51 3
34 24 15 10 13 17 12 26 99 10 92 89 29 3
35 81 88 18 22 57 49 31 81 87 90 19 88 2
36 79 75 47 57 38 32 38 46 60 87 67 22 2
37 98 91 55 58 25 24 76 13 99 55 98 39 3
38 6 15 53 57 84 92 94 59 21 86 54 8 2
39 25 25 74 84 34 42 36 38 54 42 2 23 3
40 64 54 34 28 6 3 57 69 43 93 30 89 1
41 43 40 19 15 93 97 41 6 38 48 36 68 1
42 90 85 49 43 1 2 3 41 70 70 84 97 2
43 64 72 11 3 37 33 87 96 76 83 62 15 3
44 31 22 101 100 71 79 74 61 99 37 73 75 2
45 44 45 45 48 38 42 10 70 26 86 87 73 3
46 64 72 2 11 46 49 15 93 20 42 69 44 3
47 14 16 97 91 73 73 79 45 48 34 27 44 1
48 82 82 16 12 58 51 43 3 52 47 95 6 2
49 85 87 99 97 5 8 69 20 64 61 46 35 3
50 79 85 11 20 64 54 2 51 38 2 34 64 2
51 69 71 61 69 66 60 1 91 50 49 22 100 2
52 27 32 79 74 12 9 96 28 89 1 85 20 1
53 37 31 77 85 40 48 3 41 55 61 91 91 1
54 95 99 60 66 25 32 86 39 38 8 79 44 3
55 5 2 39 41 73 79 79 94 2 81 13 8 3
56 76 68 19 22 83 77 59 71 52 91 33 1 2
57 57 65 2 4 47 50 51 14 80 21 28 68 3
58 32 31 9 13 1 4 64 89 12 55 49 89 3
59 39 49 68 75 1 2 9 37 56 63 34 73 1
