3 60
1560 1463 1778 
0 43 33 62 52 80 70 77 84 51 10 71 70 3
1 108 98 84 74 69 59 77 9 50 50 3 79 1
2 32 22 74 64 109 99 1 4 50 38 72 4 3
3 36 26 45 35 61 51 92 99 59 4 79 72 2
4 78 68 48 38 19 9 31 9 95 88 95 44 1
5 102 92 110 100 11 1 67 53 8 75 57 24 1
6 71 61 17 7 72 62 14 62 32 55 50 95 3
7 22 12 98 88 83 73 88 33 95 42 7 42 2
8 52 42 102 92 53 43 62 45 3 33 90 59 2
9 39 29 108 98 76 66 68 51 100 98 61 87 3
10 57 47 104 94 58 48 25 7 36 40 52 36 3
11 79 69 79 69 88 78 2 51 98 41 79 5 2
12 89 79 15 5 42 32 43 87 23 69 27 4 2
13 55 45 104 94 52 42 93 59 98 55 37 40 2
14 75 65 14 4 52 42 5 66 70 87 19 85 3
15 69 59 110 100 50 40 32 33 87 20 29 42 3
16 65 55 39 29 106 96 1 8 48 88 54 31 1
17 64 54 17 7 77 67 42 1 22 98 72 25 1
18 78 68 32 22 79 69 11 85 26 32 87 51 1
19 28 18 97 87 57 47 51 93 53 72 48 81 2
20 91 81 30 20 76 66 46 18 71 13 46 5 3
21 21 11 105 95 98 88 98 59 47 3 5 95 3
22 23 13 33 23 44 34 79 37 67 41 51 63 1
23 53 43 25 15 90 80 43 92 44 22 36 40 2
24 92 82 42 32 85 75 81 10 26 43 21 48 1
25 45 35 105 95 66 56 94 58 19 61 26 72 3
26 100 90 38 28 85 75 16 95 35 68 83 56 3
27 76 66 24 14 65 55 8 58 54 9 76 62 1
28 44 34 79 69 105 95 33 52 37 3 60 65 2
29 13 3 85 75 58 48 68 37 15 6 1 78 3
30 96 86 19 9 33 23 69 99 90 1 49 30 3
31 70 60 22 12 67 57 21 69 78 37 71 3 2
32 61 51 47 37 34 24 58 62 41 51 12 43 1
33 92 82 36 26 89 79 21 20 86 18 79 98 2
34 56 46 42 32 37 27 99 72 82 91 45 79 1
35 100 90 36 26 73 63 65 44 89 53 79 90 2
36 25 15 39 29 62 52 41 14 3 35 35 35 3
37 104 94 41 31 77 67 2 19 7 69 85 85 1
38 18 8 92 82 59 49 50 96 28 2 97 72 3
39 55 45 44 34 40 30 62 82 90 5 24 70 1
40 13 3 19 9 26 16 5 55 96 61 20 2 3
41 103 93 100 90 88 78 91 21 17 82 41 54 3
42 103 93 62 52 28 18 1 98 28 70 57 69 2
43 45 35 105 95 66 56 30 33 90 16 15 16 1
44 28 18 86 76 37 27 1 50 25 56 33 68 1
45 94 84 46 36 99 89 21 69 22 14 46 81 2
46 86 76 61 51 43 33 100 41 9 51 49 68 1
47 62 52 54 44 47 37 37 58 2 49 35 60 2
48 72 62 91 81 109 99 55 58 1 40 10 66 2
49 83 73 35 25 80 70 29 53 66 34 58 54 2
50 56 46 78 68 93 83 29 93 30 54 44 88 2
51 44 34 17 7 81 71 96 69 38 32 44 78 2
52 70 60 12 2 47 37 58 49 41 44 74 80 1
53 50 40 78 68 107 97 39 59 52 20 14 22 2
54 27 17 58 48 96 86 44 52 97 42 3 89 1
55 81 71 42 32 110 100 41 48 24 93 91 74 2
56 65 55 88 78 110 100 6 83 54 92 90 32 1
57 28 18 40 30 53 43 20 6 74 81 28 99 3
58 67 57 37 27 108 98 81 2 14 16 52 42 2
59 66 56 75 65 91 81 90 81 97 38 66 36 2
