3 60
1428 1598 1524 
0 70 57 46 76 31 94 17 29 41 100 47 22 3
1 66 74 83 8 91 51 100 23 15 49 6 19 3
2 84 80 92 50 93 21 73 25 41 47 7 74 1
3 36 61 12 7 89 62 18 72 26 34 65 5 2
4 65 26 42 68 10 19 7 99 22 10 44 59 2
5 89 83 97 30 6 84 16 90 89 25 88 33 1
6 57 3 6 29 62 56 30 15 47 69 48 53 1
7 99 97 32 36 72 74 80 67 3 25 99 7 3
8 90 63 43 29 95 4 15 52 13 23 32 70 2
9 86 80 55 26 15 81 56 82 2 33 13 91 2
10 23 93 7 32 100 78 76 14 61 53 86 68 2
11 11 29 83 39 48 50 36 97 43 31 44 20 3
12 67 50 27 92 88 35 9 79 19 73 33 11 2
13 94 46 34 92 83 39 98 54 34 91 89 3 2
14 35 90 99 25 72 51 54 58 12 93 27 82 2
15 100 26 52 49 97 63 62 22 12 53 55 73 3
16 74 7 18 93 63 80 86 13 92 79 3 60 3
17 10 18 46 12 83 7 96 10 53 84 44 62 1
18 82 51 19 73 55 96 89 14 25 78 86 8 2
19 49 20 46 94 34 61 81 95 70 98 66 29 2
20 37 35 34 41 30 48 12 48 40 58 18 5 3
21 67 49 27 16 88 82 36 41 74 38 62 65 3
22 32 86 76 44 29 95 15 16 26 28 9 12 1
23 96 84 88 67 73 41 59 29 62 39 72 92 2
24 45 30 89 49 34 67 67 15 51 15 81 36 2
25 10 66 75 80 47 95 63 94 23 11 82 18 3
26 60 80 88 14 9 57 80 98 19 17 55 78 3
27 15 37 84 76 44 6 43 88 94 38 89 40 2
28 14 87 26 10 39 32 76 40 90 27 88 77 3
29 88 5 97 75 13 46 94 81 80 53 94 14 1
30 17 67 81 98 54 28 97 55 72 44 10 100 1
31 92 45 24 32 57 10 54 35 57 15 39 65 3
32 4 57 32 88 69 18 19 49 22 9 59 82 3
33 91 47 35 29 72 20 44 7 51 98 78 96 1
34 43 62 100 60 56 59 62 77 39 20 41 95 3
35 13 83 81 9 42 44 2 73 95 78 25 58 2
36 49 38 77 20 14 95 24 37 77 20 99 38 2
37 15 82 75 49 28 15 66 90 67 55 75 60 3
38 74 74 27 16 79 51 52 24 47 29 49 98 1
39 43 16 8 75 72 33 19 71 45 49 51 81 1
40 16 61 20 35 17 10 90 33 43 67 33 85 2
41 53 51 18 34 82 8 64 70 60 62 51 40 1
42 1 24 38 90 66 49 82 6 84 5 62 39 1
43 43 35 87 66 32 88 9 57 51 25 79 1 1
44 22 49 39 27 47 6 98 2 31 30 68 72 2
45 67 20 79 23 100 25 89 94 29 54 14 77 2
46 100 59 81 98 61 36 8 42 73 86 71 52 1
47 72 3 49 86 33 60 80 26 69 46 93 81 3
48 16 65 37 95 57 26 42 76 46 19 85 70 3
49 73 58 50 68 26 87 85 4 43 84 77 25 2
50 27 4 35 39 44 81 4 38 38 89 64 53 1
51 58 2 51 100 43 91 28 79 13 66 35 15 3
52 51 51 71 85 84 20 26 45 8 80 90 9 2
53 89 38 57 92 34 55 69 78 20 7 74 38 1
54 24 2 92 69 61 35 69 39 8 16 6 24 1
55 70 9 18 48 75 86 100 10 55 2 18 90 1
56 30 7 51 53 71 8 71 15 83 14 8 68 1
57 52 20 36 59 21 97 79 52 15 18 29 21 2
58 64 18 40 100 25 83 73 40 70 65 59 7 2
59 71 96 83 22 96 49 60 70 94 1 21 26 1
