3 60
611 584 616 
0 71 68 82 86 14 5 17 93 26 40 62 29 3
1 29 24 76 67 2 1 100 2 6 73 7 13 1
2 43 46 20 17 82 87 21 35 98 92 80 21 2
3 17 7 55 62 4 8 17 23 57 28 57 5 3
4 18 12 72 63 10 5 97 15 83 72 79 29 2
5 57 54 12 8 59 55 44 32 80 100 51 67 1
6 82 85 3 12 45 38 69 38 64 22 97 89 1
7 94 92 24 30 64 69 38 21 59 54 96 75 2
8 33 29 89 96 74 70 84 84 42 62 57 61 1
9 58 58 9 13 65 59 4 3 8 98 94 39 1
10 98 92 47 38 75 77 97 76 48 21 93 40 1
11 59 67 86 78 98 88 68 11 52 10 84 19 1
12 82 72 23 15 57 65 89 26 37 89 47 11 2
13 73 68 23 15 58 61 40 84 56 61 27 12 3
14 1 1 31 35 69 70 65 34 41 71 24 37 2
15 99 97 23 19 39 42 12 33 86 18 86 37 3
16 2 5 95 92 78 78 78 63 10 91 65 93 3
17 91 88 83 83 73 77 86 98 90 59 49 96 3
18 82 89 11 12 40 34 97 3 35 98 65 57 3
19 16 18 84 93 57 59 72 93 86 17 100 96 2
20 40 33 32 40 45 46 17 15 22 65 38 2 3
21 57 64 27 22 97 89 76 37 68 85 62 34 2
22 85 88 35 39 91 97 4 13 38 26 43 9 2
23 87 95 67 77 60 52 57 87 38 32 60 99 3
24 60 57 77 75 94 94 96 13 87 46 22 6 3
25 86 76 99 91 12 5 90 44 81 86 37 14 3
26 54 46 90 81 24 23 88 9 18 32 45 72 3
27 31 36 70 66 11 5 55 77 95 54 84 91 1
28 35 30 50 52 65 75 86 94 73 50 82 10 2
29 104 95 73 66 29 36 12 3 14 65 55 57 1
30 45 42 69 72 1 3 79 23 73 100 98 40 3
31 29 20 104 98 87 85 35 56 82 82 93 14 1
32 64 72 1 2 35 33 85 21 42 23 84 93 2
33 20 21 4 12 91 94 5 33 93 76 9 1 2
34 24 20 10 19 17 17 23 76 21 78 2 60 1
35 1 9 48 44 77 70 25 91 44 42 96 39 3
36 57 56 35 39 24 21 42 100 95 12 62 9 3
37 91 85 48 51 18 18 27 45 78 84 72 4 2
38 68 64 99 99 46 41 12 36 89 15 17 83 3
39 1 7 65 65 14 24 84 60 15 76 54 90 3
40 69 67 41 42 24 16 48 25 12 47 88 90 3
41 32 38 6 12 82 87 3 35 61 30 3 33 3
42 40 34 99 93 66 59 33 57 79 8 13 86 2
43 33 30 59 60 77 83 63 70 35 3 23 47 1
44 17 23 8 2 78 80 2 74 9 1 47 77 3
45 30 39 31 41 53 44 72 80 19 81 3 44 3
46 48 50 84 88 22 19 48 59 52 52 69 96 2
47 2 6 83 80 61 63 35 84 15 93 57 4 3
48 76 75 2 6 44 44 79 91 74 7 88 17 1
49 70 68 84 87 98 97 16 53 21 46 56 41 1
50 62 67 1 1 26 36 66 40 36 16 77 3 1
51 18 24 23 15 15 13 43 7 39 30 79 90 3
52 23 13 64 56 87 90 91 69 79 16 11 2 2
53 75 68 38 31 86 93 4 3 14 68 45 80 1
54 86 77 51 43 24 18 56 87 83 80 85 98 1
55 68 64 2 2 49 41 14 3 95 46 69 72 2
56 19 9 46 56 10 10 11 16 27 7 39 24 3
57 78 87 31 33 76 72 38 95 27 57 56 51 3
58 76 80 55 63 40 45 73 100 66 62 61 31 3
59 58 50 60 69 89 95 16 26 11 75 97 60 2
