3 70
1715 1745 1766 
0 52 54 63 72 95 91 95 54 25 58 78 12 2
1 57 58 1 1 30 35 32 43 22 2 47 26 3
2 26 36 11 15 86 85 25 95 17 44 16 71 1
3 8 13 59 60 8 6 15 62 38 71 75 58 3
4 21 22 59 65 13 15 81 53 10 84 19 24 3
5 52 56 1 2 54 57 12 16 50 5 28 86 2
6 57 67 86 94 28 20 61 32 16 75 78 5 1
7 11 18 49 56 102 95 88 19 71 27 10 66 2
8 54 47 18 14 74 80 36 26 68 60 6 39 2
9 10 16 66 63 17 17 10 70 73 19 100 9 3
10 34 38 83 84 32 23 88 17 58 37 72 12 1
11 58 65 72 76 76 86 20 60 58 85 66 28 2
12 92 86 20 29 75 79 24 44 31 52 35 67 1
13 100 94 50 41 69 79 27 16 46 8 92 74 1
14 73 83 11 17 54 44 24 41 3 34 53 39 2
15 77 87 1 1 30 24 65 18 39 79 30 82 3
16 34 43 40 30 23 16 47 48 91 60 2 28 1
17 87 82 79 77 69 71 12 71 81 8 7 69 1
18 13 11 42 34 50 56 94 26 3 18 50 33 3
19 89 88 62 55 22 21 84 75 30 64 26 68 2
20 48 51 61 58 74 64 31 95 53 79 8 5 3
21 47 38 4 4 74 71 42 91 69 20 54 86 2
22 90 90 40 41 96 99 79 81 54 91 61 63 2
23 27 21 7 3 79 86 61 66 98 21 3 67 1
24 30 31 47 49 64 68 6 23 3 22 2 2 1
25 78 82 104 97 25 19 87 93 92 60 75 25 3
26 21 28 78 71 12 5 39 6 59 49 65 92 3
27 73 82 12 20 61 59 53 14 97 89 4 100 3
28 54 56 82 78 1 1 1 31 100 42 11 96 1
29 104 97 60 68 29 38 82 24 48 2 25 63 2
30 29 32 61 62 85 93 23 98 76 86 86 54 2
31 27 22 102 100 85 87 94 69 81 18 45 87 3
32 45 54 87 84 8 15 45 5 97 61 82 3 2
33 26 19 2 2 97 92 91 91 77 52 56 31 2
34 59 50 45 49 52 47 83 26 30 7 36 33 3
35 74 71 105 98 29 32 17 13 15 34 51 43 2
36 64 54 26 29 2 11 21 58 85 35 38 4 1
37 30 23 79 89 57 56 55 51 5 90 80 50 2
38 55 58 2 1 41 35 90 67 78 2 18 83 1
39 48 57 16 15 65 74 16 95 11 80 16 19 3
40 7 13 79 88 78 70 89 2 23 2 36 42 1
41 35 36 17 18 93 93 39 80 91 33 96 1 1
42 23 28 90 95 49 53 59 43 2 87 86 99 2
43 77 68 103 98 21 21 45 11 21 1 52 96 2
44 1 5 92 84 70 62 73 26 29 20 94 76 2
45 38 33 31 27 32 30 35 48 54 56 10 31 1
46 77 72 1 10 59 49 23 80 57 34 82 54 1
47 108 100 76 74 67 57 16 20 73 54 70 15 3
48 41 37 83 76 9 6 84 59 46 50 9 25 1
49 16 26 43 37 57 47 10 66 5 27 45 96 3
50 52 53 84 87 16 22 84 78 8 71 9 95 1
51 66 58 50 49 42 47 30 56 60 92 38 98 1
52 29 39 75 74 6 8 35 84 58 16 50 70 2
53 16 6 79 69 19 23 58 76 82 35 48 68 3
54 36 35 9 9 74 76 51 73 17 44 52 15 2
55 66 74 13 12 47 51 70 91 14 92 38 87 3
56 72 63 7 10 71 64 26 60 97 4 57 33 2
57 78 73 10 19 68 58 22 36 24 98 39 42 2
58 29 34 8 17 93 99 3 67 91 97 84 42 2
59 93 84 3 11 37 29 47 27 50 71 89 29 1
60 59 51 83 77 91 96 44 33 16 3 70 98 3
61 39 41 38 39 37 30 74 67 26 25 60 51 1
62 11 14 87 92 73 71 12 42 89 50 4 29 3
63 25 29 65 67 1 6 38 95 78 34 65 12 3
64 25 26 83 84 43 35 52 99 51 34 5 61 3
65 28 30 59 69 1 7 13 87 61 58 7 13 2
66 34 43 80 73 89 96 76 42 56 72 8 96 1
67 63 65 87 79 92 94 95 62 2 13 63 9 1
68 55 50 37 33 19 23 78 52 88 35 65 10 3
69 65 64 20 10 48 57 37 80 47 56 76 68 2
