3 70
3046 3069 2808 
0 37 99 22 17 98 36 41 2 7 14 53 98 2
1 86 19 94 54 11 96 56 92 24 67 14 59 1
2 63 89 64 60 64 30 59 27 15 18 78 80 3
3 83 6 68 61 44 7 82 69 16 74 8 93 3
4 29 79 97 22 74 72 94 21 1 77 52 58 3
5 8 33 17 87 17 34 44 74 25 21 47 60 2
6 45 64 1 91 50 17 65 15 74 38 59 29 3
7 3 39 35 77 76 16 12 8 52 40 8 46 3
8 6 88 66 55 19 21 86 91 61 58 71 100 1
9 10 85 78 32 39 86 37 24 99 98 8 52 2
10 74 63 67 1 51 48 63 62 21 95 52 60 2
11 94 58 67 69 31 79 79 51 5 30 44 49 2
12 22 99 83 42 43 92 20 57 77 53 11 68 1
13 45 3 86 50 26 88 34 55 58 44 15 97 3
14 50 68 23 94 95 29 10 33 81 78 43 65 2
15 83 68 36 90 80 13 81 50 24 40 17 95 1
16 1 96 54 83 98 69 35 88 91 99 14 31 3
17 73 95 10 90 46 84 93 45 6 6 53 44 3
18 2 32 38 55 75 69 66 74 16 21 62 60 1
19 77 97 73 64 62 38 13 60 31 68 36 65 1
20 65 72 61 79 58 85 46 56 49 7 69 83 3
21 86 23 47 81 7 48 33 11 88 23 76 80 2
22 7 55 60 6 12 64 23 44 44 40 63 35 2
23 35 50 28 32 20 15 70 8 14 57 77 85 1
24 24 60 69 78 13 97 87 6 49 12 34 36 3
25 86 23 50 38 23 52 31 49 54 70 37 85 3
26 75 81 96 16 24 58 20 10 59 10 95 32 2
27 71 99 39 37 100 68 51 39 99 35 85 57 2
28 41 81 46 3 58 26 18 84 63 9 99 99 1
29 24 18 32 97 49 67 93 79 30 95 5 42 1
30 60 49 33 79 97 10 17 26 86 53 15 22 3
31 35 99 60 85 92 72 80 3 34 28 36 81 2
32 79 39 8 69 44 100 65 73 51 91 4 41 2
33 82 100 27 91 71 73 47 31 85 18 24 17 3
34 11 79 67 78 24 76 98 11 64 67 52 11 1
35 76 32 37 67 5 1 90 44 85 12 33 73 2
36 12 67 41 50 77 24 18 74 74 73 45 8 1
37 38 12 99 78 51 45 54 40 34 69 52 8 3
38 2 87 46 30 99 64 69 75 64 48 94 80 1
39 95 42 59 92 24 51 47 55 25 12 44 80 3
40 79 38 84 13 88 87 80 30 11 30 67 80 2
41 5 89 61 71 26 46 56 51 33 21 16 13 2
42 93 1 29 68 58 26 91 58 40 32 64 1 1
43 38 57 83 79 27 10 90 60 55 54 70 62 3
44 42 58 50 37 59 15 42 34 92 85 51 74 2
45 42 14 55 8 67 11 38 10 100 29 3 66 3
46 36 89 16 27 97 66 11 17 89 34 95 91 2
47 100 37 76 11 61 94 64 76 56 92 46 50 1
48 96 26 8 65 29 95 41 62 76 93 31 21 2
49 57 47 33 58 10 76 6 39 61 39 66 82 2
50 86 94 95 28 3 71 72 47 59 46 31 98 2
51 2 23 86 22 79 12 34 89 51 32 54 76 3
52 78 80 91 15 3 49 20 87 70 84 57 57 1
53 68 47 45 10 13 72 81 88 1 85 35 3 1
54 23 68 92 34 60 9 13 79 83 77 88 78 3
55 77 43 34 73 90 12 95 92 48 46 82 54 3
56 62 8 82 63 3 17 8 2 7 81 10 49 1
57 51 30 36 68 12 15 43 50 66 98 67 73 2
58 79 19 56 2 32 92 59 84 64 73 49 88 3
59 46 9 59 28 71 54 9 100 51 55 34 100 1
60 35 56 56 74 84 93 69 98 57 2 13 89 3
61 93 34 34 24 74 23 61 80 83 97 17 60 2
62 53 3 73 81 94 60 67 24 35 90 79 14 3
63 1 18 61 56 14 95 7 7 40 63 9 61 1
64 42 99 18 49 87 8 85 12 82 1 34 75 2
65 60 51 9 90 57 28 97 8 1 41 94 64 1
66 16 48 81 78 45 1 10 30 98 51 24 48 3
67 45 62 5 76 66 83 97 29 24 67 91 81 3
68 44 63 64 54 77 36 68 29 87 24 56 25 2
69 89 49 89 95 90 34 68 80 51 69 35 44 1
