3 70
1642 1734 1579 
0 49 43 68 61 79 80 82 94 46 16 26 62 2
1 17 27 72 70 11 4 87 60 55 54 8 47 1
2 1 5 86 84 48 54 95 72 36 46 2 61 2
3 10 10 61 57 18 11 80 3 59 35 28 25 1
4 37 27 83 78 29 28 91 69 30 44 37 83 1
5 54 53 101 99 56 54 81 20 21 62 20 9 3
6 2 8 44 35 65 61 52 88 13 25 1 48 3
7 72 79 23 17 63 56 49 34 7 27 93 84 1
8 23 32 108 99 72 73 65 99 100 52 5 17 1
9 2 5 66 60 9 6 81 52 6 57 60 11 2
10 82 83 31 29 59 68 5 93 45 16 56 87 3
11 4 2 10 13 22 23 35 98 23 80 37 20 2
12 1 7 50 50 105 100 79 47 83 26 44 39 3
13 35 39 85 78 33 24 89 12 63 97 14 56 3
14 98 100 36 34 66 61 70 72 23 69 22 89 1
15 57 60 81 82 1 5 45 4 49 68 12 100 2
16 35 32 20 19 11 5 17 83 84 55 2 19 2
17 28 23 20 18 10 12 63 12 22 71 98 55 1
18 105 100 5 15 34 37 54 42 53 32 31 25 3
19 66 65 47 40 7 6 66 97 57 82 79 20 1
20 28 20 33 27 25 33 63 46 75 77 7 98 1
21 53 55 31 21 72 80 16 14 43 88 28 59 1
22 54 63 17 14 73 72 34 16 54 1 45 20 3
23 45 50 38 32 10 7 47 98 66 5 95 2 1
24 12 12 45 38 62 57 15 79 52 24 36 54 1
25 95 95 8 10 21 24 1 71 61 48 64 43 2
26 103 97 39 40 73 74 71 88 39 36 40 53 2
27 59 67 6 5 47 44 68 1 27 21 62 36 2
28 22 21 37 43 73 66 34 9 13 41 91 27 3
29 58 58 27 29 12 7 13 55 70 35 43 65 1
30 48 57 80 87 25 18 32 57 10 70 67 54 3
31 19 19 94 97 77 84 58 1 55 45 16 69 1
32 74 71 1 1 24 32 92 21 24 76 72 13 2
33 97 92 81 83 68 65 12 45 68 28 75 55 2
34 67 59 53 58 60 56 14 29 7 24 37 54 3
35 80 80 6 15 43 49 93 76 9 81 74 96 2
36 79 75 49 58 38 32 75 8 53 3 3 1 2
37 20 16 90 82 55 57 41 8 20 58 54 100 2
38 21 27 52 62 1 4 24 88 3 38 72 100 3
39 13 14 81 72 30 31 57 38 62 54 53 59 3
40 68 58 40 33 2 7 66 58 61 75 54 16 1
41 56 65 38 47 27 22 60 89 54 51 1 45 2
42 66 69 25 28 92 86 97 28 62 80 68 15 1
43 16 9 34 31 68 62 89 30 23 26 80 59 1
44 39 34 9 13 100 91 88 1 73 44 93 23 2
45 19 26 20 28 13 23 84 19 60 34 75 60 1
46 50 57 86 95 16 26 10 94 13 66 76 90 3
47 23 21 1 3 90 86 19 1 30 89 80 100 3
48 45 38 71 69 13 7 66 82 41 97 2 54 2
49 56 47 62 58 76 76 97 79 16 99 54 90 3
50 31 38 63 72 24 15 11 90 21 25 59 27 2
51 96 91 80 82 72 80 7 85 32 25 85 62 2
52 27 24 52 59 1 1 49 47 79 3 79 91 3
53 28 31 91 94 52 56 44 72 82 82 13 50 1
54 30 20 103 94 68 61 86 100 92 43 90 65 3
55 57 51 91 89 25 28 61 4 87 52 60 95 3
56 62 52 97 99 53 53 57 21 69 40 80 60 1
57 29 26 66 64 19 11 92 5 54 30 40 48 1
58 24 31 24 14 101 96 48 32 72 77 26 71 2
59 58 49 68 76 89 94 34 35 55 44 58 19 1
60 24 32 53 50 69 77 33 70 20 67 45 32 2
61 58 58 65 56 64 55 5 94 29 85 78 73 2
62 41 35 17 13 95 92 63 24 32 58 73 9 2
63 87 82 27 20 69 67 46 28 73 25 72 26 3
64 92 99 50 57 10 8 5 94 55 40 62 77 1
65 96 91 40 30 69 68 58 67 75 27 15 73 2
66 82 84 7 14 37 37 35 16 64 58 55 52 2
67 84 86 108 100 13 15 51 84 51 43 34 85 3
68 34 31 16 22 1 4 15 46 13 84 42 46 3
69 11 1 45 47 94 94 55 52 76 4 86 83 2
