3 70
3080 2467 2576 
0 33 32 17 51 94 69 71 1 48 82 95 15 2
1 77 77 86 11 2 54 97 37 6 49 81 32 2
2 19 39 27 9 28 88 58 14 50 46 73 17 1
3 79 56 55 10 32 57 59 12 96 84 76 99 2
4 80 41 57 91 25 42 76 78 87 36 86 47 2
5 48 82 48 29 57 83 61 4 39 33 37 95 3
6 92 26 41 52 89 79 72 11 53 99 38 25 2
7 70 84 3 23 43 61 29 57 7 78 74 80 1
8 17 66 70 32 22 7 44 47 84 5 43 34 3
9 25 27 94 73 54 28 57 68 34 46 79 9 2
10 82 76 66 23 59 61 46 20 10 88 62 66 2
11 74 64 38 74 11 85 13 90 92 70 2 62 1
12 86 77 46 27 7 70 25 3 32 88 31 69 2
13 57 17 5 55 46 2 29 42 98 61 27 30 3
14 14 89 86 24 59 50 80 30 81 54 4 63 2
15 35 89 87 4 32 26 23 51 24 29 9 99 1
16 69 34 21 20 66 7 31 72 35 29 77 89 1
17 45 61 81 55 18 50 39 88 29 36 30 1 1
18 73 62 10 76 46 99 37 97 26 24 58 57 2
19 48 67 37 41 33 8 52 12 19 13 99 95 2
20 96 22 93 28 89 35 26 12 59 57 3 87 2
21 66 48 26 7 87 73 67 98 97 63 42 92 1
22 67 61 11 19 64 70 74 95 8 3 12 15 2
23 27 39 19 22 4 96 6 17 92 91 71 6 3
24 16 85 60 4 5 22 42 62 59 25 48 50 3
25 65 85 30 99 2 14 85 87 88 68 14 61 3
26 43 31 63 73 92 8 82 97 64 79 15 16 2
27 86 68 55 7 15 45 28 58 90 96 23 97 1
28 37 78 49 1 54 23 52 56 67 39 36 1 2
29 15 68 24 38 32 17 51 31 8 47 27 39 3
30 40 90 12 13 77 43 85 73 93 31 63 87 3
31 67 44 91 31 24 9 81 15 27 79 37 91 1
32 91 56 19 87 56 17 96 71 11 7 27 18 1
33 6 18 50 8 87 91 55 32 15 37 91 36 1
34 18 93 75 91 31 90 68 6 30 33 75 42 3
35 100 54 60 88 29 15 96 93 1 41 83 29 1
36 16 57 52 31 81 14 69 62 42 97 28 24 3
37 34 13 86 80 47 46 42 42 3 49 21 91 3
38 53 37 6 71 58 14 9 47 51 95 38 43 1
39 14 23 79 82 43 40 11 2 91 61 97 38 3
40 63 52 67 26 64 1 61 95 71 78 92 10 1
41 40 86 5 69 61 43 40 94 28 35 50 58 2
42 20 59 49 17 77 76 43 67 57 69 77 24 1
43 30 6 74 37 19 59 3 94 82 75 55 12 3
44 49 60 66 38 74 17 22 53 8 89 25 33 3
45 22 7 42 10 55 4 77 6 73 52 3 39 2
46 3 66 84 5 64 35 77 9 71 100 71 91 1
47 71 26 48 1 32 83 73 25 30 81 82 97 1
48 35 28 56 58 68 89 80 27 6 96 9 72 3
49 44 37 29 47 5 58 8 47 69 88 85 35 3
50 10 83 18 18 27 52 84 55 29 69 65 67 2
51 69 77 62 67 54 66 91 52 80 22 15 45 2
52 50 62 62 96 75 31 17 85 17 34 90 35 3
53 28 93 96 55 73 18 45 77 70 19 35 27 1
54 7 45 75 12 44 86 83 55 80 60 30 83 2
55 93 96 49 35 98 73 78 43 79 51 16 73 2
56 93 50 14 96 34 51 1 17 37 59 45 66 3
57 7 51 91 98 76 36 88 96 37 45 31 21 3
58 67 69 51 51 28 34 83 42 27 70 89 37 1
59 42 3 54 29 67 48 89 56 19 86 85 65 3
60 19 73 47 92 68 10 46 17 58 92 21 39 3
61 13 55 53 54 94 52 61 23 37 28 4 91 3
62 60 80 81 59 1 37 26 85 91 19 29 85 1
63 96 55 49 94 9 32 47 5 60 48 87 89 1
64 85 4 62 63 30 13 11 6 14 29 8 71 1
65 8 97 56 35 5 74 3 94 87 94 23 73 1
66 60 13 24 36 89 66 61 45 49 66 89 38 1
67 92 39 53 54 13 68 97 29 15 66 69 78 3
68 83 89 96 71 16 62 29 42 100 84 24 55 3
69 24 54 17 1 17 39 5 12 84 79 57 53 1
