3 70
662 733 741 
0 30 21 49 39 60 58 83 45 87 66 22 84 2
1 74 73 8 16 47 50 91 69 79 14 12 95 3
2 59 51 23 22 98 92 84 57 80 70 86 11 2
3 22 12 52 59 17 13 99 13 62 99 12 91 3
4 56 53 10 4 48 46 32 46 27 5 17 85 1
5 45 47 84 93 39 48 21 66 60 10 15 84 3
6 97 90 18 17 47 43 56 28 53 68 3 90 1
7 15 9 45 47 85 86 64 7 52 95 7 29 3
8 19 10 75 77 39 43 47 25 87 49 21 96 3
9 86 91 50 46 101 100 28 22 96 34 48 77 1
10 78 73 19 11 55 58 35 25 68 71 46 43 3
11 67 76 81 87 106 97 43 55 30 22 30 22 1
12 48 49 105 100 52 42 93 1 18 24 43 71 1
13 26 21 63 68 3 6 91 65 99 25 10 25 2
14 35 34 73 68 103 95 38 67 81 62 29 75 3
15 12 14 28 36 52 59 22 20 87 67 65 2 1
16 11 18 88 97 92 83 63 12 79 17 59 77 3
17 5 13 18 8 92 94 89 46 81 58 48 96 3
18 65 62 94 85 10 7 20 39 87 42 39 11 3
19 36 35 9 2 69 68 58 51 56 65 38 55 1
20 43 50 48 49 61 55 36 30 46 68 95 53 3
21 86 89 56 55 5 14 16 43 75 51 39 98 1
22 8 9 58 60 27 18 10 79 35 26 94 97 3
23 107 100 87 82 51 57 49 56 45 73 26 14 2
24 87 90 4 8 21 27 56 28 27 40 92 26 1
25 8 5 13 20 26 34 29 90 7 94 91 37 1
26 25 35 82 78 16 12 52 23 62 88 68 72 1
27 31 29 57 67 1 6 96 45 68 80 58 62 3
28 53 51 68 73 104 96 75 38 11 66 42 20 2
29 79 88 56 59 33 37 61 12 56 92 39 22 1
30 7 7 31 37 63 68 4 34 79 42 46 3 1
31 3 5 99 91 82 78 32 67 58 58 75 4 1
32 1 5 40 35 69 66 45 72 59 38 31 74 1
33 39 46 44 37 18 19 12 16 67 97 52 22 3
34 75 69 61 68 68 66 62 22 32 23 85 89 3
35 8 6 47 41 71 75 66 97 13 77 76 79 2
36 17 25 100 100 76 82 51 33 42 87 93 66 2
37 16 18 94 84 43 51 91 12 79 76 28 87 3
38 58 57 89 92 36 34 63 40 65 23 63 6 1
39 35 28 82 86 52 45 67 18 48 91 100 54 2
40 40 48 33 23 103 97 67 47 15 6 31 42 1
41 40 31 14 5 90 88 59 71 84 76 91 50 1
42 44 35 103 94 70 60 21 54 93 51 13 100 2
43 73 83 12 5 38 36 67 95 7 56 12 7 2
44 107 100 77 79 39 49 91 27 69 63 71 50 3
45 23 20 24 22 17 17 7 47 47 99 80 17 3
46 30 27 58 57 96 96 60 90 4 56 4 7 2
47 69 79 58 61 28 36 13 56 56 14 72 87 2
48 29 32 63 63 1 1 61 76 94 23 80 23 3
49 94 97 1 8 35 26 71 74 62 77 8 16 2
50 18 16 50 50 90 93 97 88 97 75 12 35 1
51 64 57 56 56 40 46 22 100 53 90 95 4 2
52 10 2 35 37 79 71 72 12 13 84 1 74 3
53 94 89 57 52 5 14 11 34 65 77 90 63 1
54 105 98 70 64 35 31 51 30 6 64 79 42 2
55 105 97 31 35 65 74 4 70 67 72 16 61 1
56 34 30 77 85 25 31 76 14 22 3 35 58 1
57 15 24 60 70 5 9 40 97 48 66 11 48 2
58 19 25 6 8 83 90 68 6 5 54 10 74 1
59 75 79 98 98 27 24 43 10 21 25 6 80 2
60 88 94 17 12 33 31 32 49 68 19 23 85 1
61 83 92 82 90 89 89 8 43 24 24 48 78 1
62 64 69 40 47 18 26 90 20 75 31 43 20 3
63 98 96 46 42 80 81 98 2 37 20 16 23 2
64 39 45 5 3 57 54 96 68 5 51 42 23 2
65 11 21 63 60 105 98 75 44 96 53 38 5 2
66 57 66 103 96 20 19 55 96 25 100 58 84 3
67 18 20 42 34 47 49 95 26 42 89 9 58 3
68 1 1 74 84 64 74 8 6 83 58 58 50 2
69 82 75 29 21 65 68 11 10 66 89 72 88 3
