3 70
1897 1764 1640 
0 90 98 22 17 33 35 23 49 60 10 65 74 3
1 45 47 84 81 18 24 3 16 25 55 84 5 2
2 25 25 87 95 64 66 33 94 16 59 18 23 3
3 56 58 13 12 64 59 70 17 21 73 1 74 2
4 83 79 21 21 67 72 89 66 61 80 56 23 1
5 103 100 58 55 1 1 74 7 8 87 69 41 3
6 86 88 15 14 36 41 66 23 76 26 51 8 2
7 101 94 41 41 79 79 42 34 20 46 29 79 3
8 49 40 13 6 77 81 37 59 56 18 78 19 2
9 52 61 16 7 59 62 59 91 47 86 24 14 3
10 8 14 57 53 106 99 88 70 11 57 77 97 1
11 36 34 40 44 54 55 7 92 40 43 23 95 3
12 33 43 88 93 37 36 98 9 61 83 86 96 3
13 62 71 2 9 60 56 77 76 74 2 27 25 2
14 104 95 26 22 64 56 22 26 56 72 35 60 1
15 13 19 37 42 74 64 25 96 30 16 98 99 1
16 96 92 79 70 64 57 26 27 33 6 34 81 2
17 2 7 1 1 105 96 11 59 22 48 55 3 1
18 63 60 84 74 92 97 72 81 65 94 56 56 2
19 88 81 48 47 21 14 27 12 73 25 76 11 3
20 30 32 43 38 35 45 98 1 25 32 30 45 2
21 50 46 7 13 69 71 18 15 63 100 51 80 2
22 23 23 71 81 42 32 23 59 57 34 4 80 1
23 90 89 54 64 55 46 100 11 98 12 59 34 2
24 79 75 96 94 13 12 69 10 52 44 50 82 1
25 47 39 60 53 65 68 54 8 50 14 99 26 2
26 17 17 43 51 87 94 80 12 52 41 31 22 3
27 65 74 14 13 53 51 52 29 56 12 20 68 3
28 88 88 3 11 39 33 21 28 23 29 17 98 3
29 81 78 50 48 27 19 57 94 65 78 44 51 2
30 57 48 81 79 13 9 5 81 52 46 57 41 1
31 73 70 48 49 31 35 90 31 45 36 1 42 3
32 66 62 95 93 16 23 59 52 52 66 22 55 1
33 52 56 55 46 23 29 41 30 36 16 45 77 1
34 46 55 53 53 60 52 32 67 12 8 62 20 2
35 74 76 19 10 29 37 93 81 40 36 39 91 1
36 8 15 97 89 67 72 19 10 91 55 16 89 1
37 25 23 82 90 52 56 96 42 36 100 71 72 1
38 38 39 77 81 24 24 20 47 88 33 20 29 2
39 90 89 39 48 99 98 4 41 63 39 5 69 1
40 82 90 73 64 37 39 9 9 28 12 62 3 3
41 9 4 85 79 67 61 48 88 53 79 46 44 2
42 59 53 18 11 77 70 21 99 4 60 24 17 3
43 86 84 12 15 30 37 68 93 90 26 63 92 3
44 70 70 40 48 31 27 27 24 41 6 14 6 2
45 35 25 36 28 37 30 86 31 56 44 94 23 2
46 73 64 11 3 39 33 56 27 51 100 47 94 3
47 58 60 49 43 17 17 13 14 80 2 64 20 1
48 39 38 81 76 15 7 79 53 18 15 1 8 2
49 82 87 96 97 2 8 95 10 69 29 96 62 3
50 56 49 88 84 20 18 20 87 74 9 28 86 3
51 77 71 69 69 53 60 43 38 64 64 5 95 2
52 37 36 60 70 6 5 48 90 63 99 74 75 1
53 23 19 84 81 34 44 31 20 15 50 66 46 1
54 33 27 6 2 71 68 36 87 83 78 55 22 3
55 72 66 98 97 32 35 60 44 41 10 66 68 2
56 17 8 52 54 8 9 95 7 41 45 77 64 2
57 43 49 88 96 33 34 83 15 40 45 64 52 3
58 80 79 65 61 44 44 58 3 4 81 80 26 2
59 20 21 41 39 72 66 7 84 22 96 44 46 2
60 85 95 14 14 30 32 26 45 86 77 32 37 3
61 55 45 54 44 40 42 66 82 40 37 68 30 1
62 71 70 49 49 33 35 71 79 29 19 83 31 2
63 9 5 43 44 83 82 47 49 90 46 49 83 1
64 68 66 7 17 65 75 31 94 85 59 91 96 1
65 13 7 63 53 86 92 11 2 74 58 96 70 3
66 62 67 100 90 17 20 80 53 19 37 81 100 3
67 29 21 34 36 58 50 92 80 73 81 64 6 2
68 80 87 83 77 65 60 42 74 88 88 26 82 1
69 41 32 69 79 24 25 99 29 82 22 3 32 1
