3 70
2833 3148 3017 
0 52 42 70 60 89 79 65 7 9 84 27 56 2
1 66 56 51 41 27 17 19 44 31 55 22 94 1
2 92 82 35 25 69 59 12 60 20 67 5 14 3
3 31 21 47 37 56 46 30 76 2 91 59 81 2
4 94 84 65 55 35 25 47 9 87 51 32 10 1
5 100 90 101 91 109 99 73 99 97 10 12 93 1
6 23 13 70 60 24 14 9 18 8 55 26 26 2
7 52 42 37 27 13 3 96 74 85 8 58 46 1
8 36 26 87 77 37 27 13 12 57 2 43 87 1
9 14 4 82 72 51 41 57 94 44 82 18 93 1
10 98 88 44 34 99 89 23 60 50 13 35 47 3
11 61 51 70 60 78 68 28 96 76 68 97 67 2
12 65 55 92 82 18 8 52 11 16 68 1 31 2
13 30 20 78 68 27 17 23 62 41 19 76 22 1
14 108 98 46 36 93 83 7 19 94 3 68 23 1
15 108 98 48 38 81 71 73 23 32 54 25 46 1
16 53 43 20 10 86 76 77 91 38 14 78 46 1
17 95 85 55 45 108 98 66 88 60 57 92 34 3
18 66 56 21 11 75 65 2 95 32 61 11 2 3
19 91 81 51 41 20 10 64 48 99 18 66 43 3
20 96 86 34 24 81 71 56 36 12 48 11 77 1
21 79 69 72 62 56 46 98 16 27 71 87 88 3
22 63 53 74 64 84 74 53 93 2 63 2 44 2
23 95 85 60 50 32 22 41 66 78 10 33 97 2
24 12 2 63 53 105 95 4 50 17 21 83 2 2
25 19 9 80 70 40 30 11 26 91 66 89 17 3
26 76 66 23 13 61 51 9 39 85 19 49 85 3
27 58 48 107 97 47 37 74 12 86 52 35 1 2
28 65 55 99 89 26 16 1 48 38 78 15 62 3
29 63 53 36 26 108 98 73 7 70 83 74 35 3
30 73 63 95 85 110 100 66 97 80 53 84 98 3
31 56 46 109 99 61 51 81 42 36 69 32 13 2
32 25 15 12 2 98 88 87 98 18 95 95 23 2
33 62 52 107 97 51 41 30 89 77 50 47 6 3
34 56 46 51 41 37 27 44 45 8 76 76 64 1
35 106 96 43 33 79 69 88 51 67 19 48 86 2
36 57 47 72 62 94 84 80 38 23 94 41 34 3
37 75 65 11 1 48 38 66 85 89 76 73 42 2
38 42 32 109 99 75 65 30 59 8 66 30 58 2
39 18 8 106 96 103 93 2 86 85 24 90 12 3
40 49 39 56 46 62 52 8 12 38 28 59 78 1
41 94 84 90 80 87 77 63 68 90 23 80 59 3
42 20 10 86 76 45 35 50 36 46 75 63 14 2
43 23 13 84 74 36 26 32 2 74 35 11 29 2
44 16 6 67 57 25 15 83 4 52 96 75 85 3
45 88 78 41 31 85 75 8 100 18 84 15 11 2
46 31 21 105 95 88 78 53 40 100 53 82 47 3
47 84 74 77 67 61 51 94 91 4 18 23 77 1
48 53 43 71 61 90 80 37 75 100 81 21 21 1
49 53 43 98 88 42 32 31 33 67 7 34 97 1
50 36 26 51 41 65 55 19 19 56 33 85 81 3
51 79 69 51 41 16 6 83 98 77 78 82 77 1
52 78 68 21 11 55 45 56 1 78 65 66 7 1
53 100 90 29 19 49 39 82 37 5 86 70 95 2
54 36 26 66 56 105 95 59 83 82 89 64 60 3
55 68 58 28 18 97 87 22 18 9 19 58 74 2
56 54 44 76 66 99 89 95 85 68 50 37 37 2
57 38 28 51 41 63 53 37 96 93 13 85 51 1
58 79 69 58 48 28 18 72 68 76 67 2 95 1
59 77 67 93 83 102 92 98 7 100 80 32 29 2
60 58 48 88 78 19 9 24 57 62 17 31 46 1
61 37 27 110 100 82 72 6 76 15 13 39 65 1
62 64 54 42 32 29 19 49 51 21 18 44 13 1
63 64 54 97 87 29 19 66 37 30 20 41 65 2
64 36 26 66 56 97 87 25 97 98 48 86 74 1
65 76 66 105 95 41 31 69 43 78 5 61 22 1
66 13 3 96 86 86 76 67 52 81 54 6 94 1
67 79 69 16 6 60 50 93 74 34 10 98 23 3
68 104 94 103 93 101 91 4 26 70 38 100 67 3
69 24 14 80 70 37 27 62 62 95 51 70 15 1
