3 70
2874 2827 2623 
0 6 9 25 28 36 46 56 70 87 28 35 11 2
1 69 70 3 12 42 47 30 43 74 82 25 47 3
2 50 56 25 26 89 97 83 35 69 12 97 17 1
3 54 61 3 7 62 62 23 18 15 37 100 67 3
4 59 66 26 16 51 59 42 43 89 33 97 10 1
5 9 11 56 58 3 12 88 65 84 15 33 3 1
6 49 47 78 73 99 100 74 63 89 65 94 77 2
7 40 33 80 72 10 10 3 59 59 10 80 7 3
8 59 55 15 21 79 88 13 44 7 81 87 92 3
9 60 64 24 18 67 65 15 44 25 84 76 73 1
10 60 69 9 8 58 54 67 39 70 51 43 19 1
11 90 97 2 7 8 18 11 25 49 73 52 17 2
12 24 22 79 72 20 15 22 4 32 11 24 89 1
13 19 26 75 72 17 11 32 22 83 62 87 39 3
14 71 78 1 5 39 39 61 49 52 74 54 72 3
15 54 46 78 69 86 83 58 16 49 90 25 40 1
16 87 95 91 81 63 68 70 39 53 74 34 1 3
17 61 66 51 60 56 47 10 53 23 22 86 31 3
18 71 71 100 93 1 8 26 33 37 37 18 37 3
19 90 96 63 62 31 37 22 19 10 77 49 14 3
20 66 71 79 77 92 84 27 10 69 93 98 33 3
21 23 29 101 96 71 62 35 1 92 10 68 91 1
22 59 50 15 8 65 59 72 37 10 50 9 47 2
23 51 60 52 43 16 17 11 36 19 16 97 47 2
24 81 86 1 5 15 23 80 26 82 44 90 24 1
25 38 34 43 48 56 63 79 46 51 51 71 84 2
26 56 48 82 82 26 25 16 41 46 51 43 74 1
27 100 97 20 28 67 66 23 38 76 77 1 18 3
28 33 23 48 46 63 68 44 54 13 10 62 87 3
29 6 9 83 87 60 58 11 5 91 16 56 15 2
30 17 23 49 54 94 84 54 20 83 91 10 33 2
31 81 73 64 60 39 38 72 24 5 87 54 95 1
32 37 45 79 76 8 6 59 82 16 79 33 91 2
33 73 75 55 65 60 56 28 36 8 5 77 2 2
34 38 46 45 44 52 43 66 49 67 69 27 77 1
35 68 67 97 93 23 28 54 92 81 36 68 25 3
36 93 94 61 68 52 51 10 88 62 72 9 35 3
37 27 22 97 89 54 55 44 81 97 23 67 70 2
38 80 78 19 12 58 55 76 55 73 67 34 16 3
39 33 32 82 91 50 49 68 56 90 7 68 23 2
40 42 45 12 19 84 94 32 46 10 92 39 39 1
41 75 75 51 50 25 32 53 99 9 8 59 81 3
42 16 12 83 78 42 37 39 75 94 36 64 59 1
43 47 51 65 74 12 4 88 34 36 6 99 26 1
44 32 33 2 11 93 90 81 98 45 78 97 6 2
45 33 32 34 35 27 29 90 34 22 79 92 58 1
46 87 79 25 18 61 56 18 62 68 78 38 98 2
47 35 31 5 14 94 88 9 28 66 36 4 71 1
48 51 45 85 75 11 6 95 36 57 25 88 81 1
49 71 66 77 76 83 87 63 12 40 23 72 67 2
50 48 56 101 91 33 25 37 68 94 72 9 39 1
51 47 38 39 36 23 27 55 46 10 7 91 18 3
52 52 43 75 77 29 20 55 99 44 58 26 9 2
53 82 86 51 48 14 11 79 30 29 68 39 11 3
54 39 42 4 9 77 83 5 46 25 70 24 6 2
55 81 89 28 28 62 66 37 88 74 86 85 63 1
56 19 11 62 65 26 20 44 42 61 35 96 43 1
57 1 4 45 43 90 81 38 34 93 54 95 12 2
58 72 82 70 64 57 47 16 26 70 29 53 45 3
59 47 56 68 74 1 1 67 96 11 15 37 1 3
60 20 14 36 33 44 51 75 57 6 32 51 28 2
61 36 28 35 27 34 25 82 44 45 26 58 88 1
62 57 57 35 36 11 14 70 90 62 10 25 14 2
63 52 44 73 83 34 29 23 16 13 70 10 65 1
64 101 93 40 44 1 2 78 37 35 52 94 34 3
65 45 46 87 84 18 23 27 66 44 80 31 2 2
66 35 26 52 49 69 79 4 81 23 6 24 73 1
67 16 8 21 23 37 29 11 10 86 18 71 1 2
68 1 6 91 96 86 79 31 41 63 66 81 61 1
69 95 95 44 42 78 88 40 87 86 87 11 57 3
