3 70
715 755 690 
0 97 87 15 5 34 24 68 22 85 67 59 57 3
1 15 5 92 82 76 66 53 45 78 66 51 98 3
2 53 43 96 86 30 20 83 98 34 72 64 5 2
3 72 62 88 78 97 87 18 1 30 44 35 78 1
4 39 29 110 100 88 78 14 31 81 14 17 39 2
5 73 63 74 64 82 72 70 93 85 98 91 52 2
6 16 6 71 61 17 7 86 41 31 27 96 22 2
7 85 75 70 60 46 36 99 81 41 100 30 80 1
8 93 83 44 34 94 84 40 50 100 3 99 5 2
9 63 53 39 29 108 98 19 34 32 15 35 37 3
10 75 65 29 19 76 66 42 52 1 8 45 40 1
11 54 44 63 53 71 61 91 47 75 91 27 96 1
12 62 52 89 79 15 5 38 67 5 86 40 85 1
13 103 93 51 41 100 90 20 69 13 29 55 64 3
14 29 19 75 65 14 4 34 81 12 35 70 86 1
15 97 87 29 19 70 60 72 1 6 96 30 80 3
16 94 84 61 51 27 17 54 76 2 83 42 80 1
17 56 46 108 98 61 51 97 36 61 87 77 57 1
18 43 33 90 80 44 34 73 15 7 43 37 63 3
19 40 30 100 90 69 59 88 38 83 39 87 5 2
20 13 3 59 49 98 88 97 9 8 67 53 77 3
21 24 14 17 7 101 91 82 82 88 90 56 48 3
22 56 46 67 57 77 67 49 80 45 28 99 37 1
23 24 14 89 79 61 51 63 88 89 45 79 49 3
24 25 15 76 66 18 8 29 81 82 72 93 14 1
25 20 10 81 71 41 31 73 23 11 82 85 37 2
26 85 75 24 14 70 60 85 64 31 85 5 12 3
27 87 77 28 18 76 66 21 74 25 35 84 96 2
28 50 40 76 66 11 1 82 40 70 89 48 38 2
29 52 42 17 7 89 79 95 15 15 81 59 69 1
30 62 52 84 74 99 89 72 66 24 20 75 41 2
31 69 59 22 12 74 64 67 25 28 25 48 68 1
32 78 68 65 55 51 41 94 64 55 41 72 76 3
33 15 5 68 58 12 2 12 18 63 13 24 8 3
34 69 59 64 54 50 40 30 51 83 45 38 10 3
35 19 9 56 46 92 82 56 26 3 90 64 91 2
36 70 60 93 83 15 5 60 37 11 90 87 71 2
37 72 62 108 98 45 35 7 8 31 56 38 37 2
38 51 41 18 8 92 82 69 21 69 19 7 69 3
39 35 25 31 21 20 10 48 97 52 50 85 99 3
40 70 60 77 67 83 73 54 20 90 62 82 22 2
41 99 89 95 85 92 82 71 90 83 72 87 86 1
42 97 87 63 53 30 20 35 92 47 7 85 70 1
43 80 70 41 31 101 91 63 68 6 68 82 32 3
44 81 71 32 22 90 80 31 9 96 72 7 92 3
45 101 91 46 36 98 88 82 3 1 19 53 81 2
46 60 50 34 24 17 7 75 1 44 28 32 100 2
47 81 71 66 56 58 48 79 20 95 98 48 4 3
48 82 72 100 90 19 9 64 43 68 9 76 24 3
49 94 84 47 37 91 81 37 45 62 2 63 65 2
50 69 59 92 82 106 96 93 92 6 64 33 27 1
51 108 98 80 70 45 35 70 4 43 16 55 71 2
52 31 21 66 56 108 98 81 28 5 73 97 45 2
53 25 15 46 36 74 64 12 49 23 25 7 56 1
54 45 35 83 73 22 12 1 11 43 26 13 44 1
55 109 99 77 67 38 28 97 54 74 84 6 46 3
56 71 61 93 83 16 6 30 68 88 8 65 93 1
57 95 85 108 98 20 10 95 65 55 86 31 49 1
58 108 98 79 69 49 39 59 57 15 12 62 64 1
59 18 8 26 16 43 33 84 89 5 62 32 21 2
60 75 65 105 95 36 26 66 66 84 5 56 84 2
61 74 64 47 37 11 1 43 92 32 27 53 39 2
62 41 31 27 17 14 4 18 22 85 78 84 53 3
63 69 59 102 92 34 24 11 33 76 4 42 11 2
64 21 11 51 41 82 72 16 47 86 89 76 5 2
65 17 7 54 44 82 72 77 8 6 91 75 8 3
66 94 84 85 75 67 57 91 46 52 100 83 82 3
67 16 6 53 43 97 87 12 71 59 8 79 31 1
68 41 31 40 30 38 28 25 75 73 33 78 37 2
69 69 59 25 15 82 72 71 25 32 67 86 42 3
