3 70
1739 1715 1704 
0 30 20 48 38 67 57 50 89 30 3 85 32 1
1 24 14 109 99 85 75 82 12 56 91 4 10 3
2 38 28 73 63 15 5 28 96 97 35 80 54 3
3 89 79 105 95 14 4 10 68 49 90 88 64 1
4 32 22 103 93 73 63 92 25 85 84 58 57 2
5 46 36 55 45 55 45 15 85 31 18 40 8 3
6 17 7 72 62 18 8 86 10 86 12 57 13 3
7 110 100 87 77 63 53 65 43 55 13 95 47 1
8 62 52 13 3 55 45 95 71 31 88 96 34 3
9 52 42 20 10 97 87 66 62 8 98 62 96 2
10 92 82 38 28 93 83 30 10 89 97 39 3 1
11 83 73 84 74 92 82 54 56 19 2 10 11 1
12 47 37 74 64 100 90 65 47 77 58 27 9 3
13 16 6 64 54 21 11 65 29 18 100 8 25 1
14 38 28 76 66 15 5 66 5 48 50 94 40 1
15 62 52 102 92 35 25 98 67 10 77 97 30 3
16 31 21 98 88 64 54 93 79 52 65 24 100 3
17 41 31 93 83 46 36 30 72 19 48 91 55 1
18 60 50 107 97 61 51 75 40 52 20 54 78 1
19 109 99 69 59 38 28 91 18 89 36 19 63 3
20 86 76 24 14 71 61 16 58 3 19 87 58 1
21 17 7 110 100 94 84 54 54 5 88 70 43 3
22 37 27 48 38 58 48 19 18 83 59 23 17 1
23 65 55 30 20 102 92 48 13 53 13 41 70 1
24 54 44 105 95 47 37 40 13 46 12 50 2 2
25 101 91 62 52 22 12 26 22 10 86 65 40 1
26 58 48 105 95 43 33 22 79 8 28 56 26 2
27 48 38 97 87 37 27 77 86 88 37 2 83 2
28 99 89 33 23 60 50 25 93 38 5 86 9 1
29 17 7 90 80 62 52 66 42 36 37 59 31 2
30 27 17 49 39 72 62 97 16 6 45 1 55 3
31 66 56 11 1 63 53 8 41 13 9 12 24 2
32 11 1 90 80 76 66 46 38 62 83 55 2 2
33 80 70 33 23 77 67 64 72 9 65 78 60 2
34 38 28 33 23 27 17 29 55 2 49 79 48 3
35 76 66 13 3 49 39 89 96 100 5 22 65 3
36 19 9 42 32 64 54 12 94 68 56 58 44 3
37 29 19 65 55 102 92 49 30 44 2 59 80 3
38 104 94 71 61 45 35 63 96 15 96 60 99 3
39 108 98 96 86 93 83 94 3 14 12 1 61 2
40 79 69 78 68 84 74 8 19 59 75 52 17 2
41 36 26 32 22 29 19 24 82 98 19 100 60 1
42 54 44 12 2 79 69 97 100 54 37 42 2 3
43 29 19 82 72 42 32 19 74 55 91 42 79 1
44 62 52 13 3 71 61 45 37 93 42 62 100 2
45 90 80 43 33 95 85 67 93 27 98 61 62 1
46 81 71 55 45 38 28 52 27 39 91 7 72 3
47 98 88 91 81 83 73 86 97 58 52 85 13 2
48 23 13 41 31 60 50 16 49 74 66 73 15 2
49 11 1 56 46 100 90 69 96 16 75 72 51 2
50 54 44 69 59 83 73 55 9 15 67 14 45 1
51 49 39 21 11 86 76 91 18 31 34 68 71 2
52 16 6 59 49 93 83 55 92 22 75 40 78 2
53 90 80 19 9 39 29 47 17 87 88 50 51 2
54 98 88 36 26 75 65 87 92 22 100 29 2 3
55 86 76 46 36 15 5 19 47 100 81 11 80 1
56 84 74 106 96 29 19 10 94 74 97 18 63 2
57 104 94 17 7 29 19 80 59 51 27 39 11 2
58 109 99 88 78 58 48 94 98 33 5 64 32 2
59 35 25 43 33 60 50 84 90 70 25 89 25 3
60 108 98 38 28 61 51 34 2 98 48 84 49 1
61 15 5 88 78 52 42 82 85 74 36 39 90 2
62 58 48 36 26 23 13 28 67 91 31 72 75 2
63 106 96 39 29 71 61 34 43 39 16 2 44 2
64 70 60 100 90 31 21 68 2 49 54 89 25 1
65 94 84 23 13 59 49 38 22 42 15 47 3 2
66 67 57 50 40 40 30 62 81 72 73 69 14 2
67 69 59 14 4 58 48 40 16 100 46 73 9 3
68 22 12 21 11 19 9 72 38 99 86 91 75 1
69 62 52 18 8 75 65 33 10 33 72 59 19 2
