3 70
689 703 735 
0 55 65 87 84 1 2 90 98 92 2 27 35 3
1 62 62 101 96 35 39 89 64 91 43 3 32 1
2 37 32 12 2 76 73 90 6 84 43 51 21 2
3 49 57 14 11 65 58 13 91 67 21 73 55 3
4 18 10 64 60 10 3 29 22 70 78 3 43 3
5 88 91 43 46 90 92 60 10 24 72 77 61 1
6 1 3 39 29 55 64 65 55 57 69 25 15 2
7 84 93 24 32 75 70 71 13 16 31 88 83 2
8 1 3 70 69 42 44 31 100 96 39 77 68 3
9 36 44 100 90 43 45 22 49 88 5 6 30 2
10 31 41 80 88 29 26 10 59 44 100 50 66 3
11 37 45 49 55 76 66 74 3 36 85 62 85 2
12 18 14 65 56 1 7 51 49 34 91 18 54 2
13 88 90 36 36 78 75 13 35 77 76 81 82 2
14 37 38 75 73 5 7 58 17 38 65 8 86 3
15 56 54 72 77 96 99 25 100 89 29 48 86 1
16 65 59 35 45 41 32 14 65 18 32 21 2 1
17 33 30 23 24 15 19 15 55 23 2 70 71 3
18 15 11 15 25 44 48 22 27 74 41 22 42 2
19 27 20 95 94 68 61 46 50 22 95 78 76 1
20 25 31 38 37 51 44 100 57 70 46 36 54 3
21 89 97 59 64 29 22 59 64 66 79 36 60 1
22 33 42 110 100 52 51 64 29 66 33 21 76 3
23 62 60 42 43 35 25 28 94 9 13 43 97 2
24 20 26 45 53 62 71 80 50 23 48 95 100 1
25 56 62 69 76 95 91 94 90 17 66 78 96 3
26 21 24 68 58 1 1 8 67 47 4 17 91 2
27 31 21 51 60 98 98 44 58 2 32 80 34 3
28 87 83 2 6 38 28 67 8 95 31 45 61 2
29 77 69 54 47 10 18 44 77 59 32 15 4 3
30 19 15 51 46 75 76 76 20 95 48 98 14 1
31 49 53 45 40 28 26 76 42 12 12 89 18 2
32 6 13 48 44 69 74 84 42 79 86 15 10 2
33 94 91 68 73 73 64 96 5 13 52 41 88 2
34 83 74 69 72 76 71 68 93 78 87 3 70 3
35 24 19 53 45 79 80 54 20 46 47 64 38 1
36 82 86 50 60 41 43 2 64 84 63 75 51 2
37 19 18 76 85 46 51 83 65 77 1 98 95 2
38 33 38 80 80 11 15 92 11 47 37 78 92 2
39 48 52 18 11 65 69 58 72 13 70 43 24 2
40 7 17 106 99 70 74 12 3 84 81 91 21 3
41 85 91 82 74 56 48 13 19 35 82 20 7 2
42 51 52 10 10 77 77 22 8 84 89 11 51 3
43 103 99 21 22 47 52 28 40 65 30 40 7 2
44 55 65 46 43 16 22 15 24 19 24 11 6 3
45 28 20 21 15 22 17 16 42 13 13 10 9 3
46 18 19 48 50 84 88 43 43 71 76 20 51 2
47 32 39 31 22 91 96 83 27 76 1 78 34 1
48 27 33 61 63 1 2 84 31 13 41 60 70 3
49 60 58 74 76 80 87 31 4 4 90 74 63 1
50 22 12 54 47 86 81 23 37 27 1 39 89 2
51 83 78 67 68 59 67 23 24 89 62 100 14 3
52 89 99 41 33 66 68 100 57 63 65 91 97 1
53 9 10 70 72 33 27 88 44 62 9 60 69 2
54 81 90 67 57 32 23 19 97 2 74 40 3 1
55 90 81 16 20 50 58 67 30 78 85 92 30 3
56 79 75 35 29 70 76 52 31 6 65 75 63 2
57 101 100 46 47 91 85 100 73 19 89 88 85 3
58 78 78 63 60 42 43 38 28 5 83 14 79 2
59 15 8 44 34 46 53 12 4 19 23 44 76 3
60 27 30 64 57 72 75 51 80 6 83 85 53 2
61 7 4 1 3 84 93 45 45 87 28 36 4 2
62 24 25 2 4 86 90 22 28 59 62 55 14 2
63 90 80 24 19 64 57 71 58 28 71 89 15 1
64 90 85 42 36 87 94 58 54 2 83 35 62 1
65 4 6 46 44 90 83 61 80 61 80 29 26 2
66 85 90 23 13 48 43 42 35 83 1 2 28 1
67 92 84 89 91 13 5 56 41 41 45 91 93 3
68 38 38 28 28 10 11 91 95 65 54 77 50 3
69 50 43 86 90 33 36 36 62 6 66 61 68 3
