3 70
774 673 644 
0 108 98 26 16 45 35 58 34 50 48 21 7 1
1 90 80 67 57 43 33 90 19 76 45 14 7 1
2 84 74 19 9 61 51 43 91 23 19 100 51 2
3 47 37 55 45 72 62 29 81 88 33 59 40 3
4 70 60 41 31 11 1 72 97 46 89 52 36 3
5 100 90 101 91 109 99 62 88 26 33 94 79 1
6 19 9 74 64 20 10 53 67 31 38 72 27 3
7 60 50 37 27 21 11 63 9 44 82 90 37 2
8 88 78 31 21 81 71 58 39 90 63 91 64 1
9 98 88 66 56 35 25 6 23 56 13 77 99 1
10 78 68 32 22 79 69 8 46 39 6 63 5 3
11 97 87 106 96 14 4 99 23 47 12 14 35 2
12 21 11 48 38 74 64 1 96 60 45 81 71 2
13 110 100 58 48 107 97 84 84 43 73 99 62 2
14 68 58 106 96 45 35 74 43 32 42 64 31 3
15 16 6 56 46 89 79 83 32 44 81 14 84 2
16 101 91 76 66 42 32 76 72 41 19 90 27 1
17 79 69 39 29 92 82 2 70 77 63 90 89 1
18 46 36 101 91 47 37 14 30 89 16 77 1 2
19 27 17 95 85 56 46 50 38 47 34 28 28 3
20 68 58 14 4 53 43 78 63 4 72 88 73 1
21 55 45 48 38 32 22 77 31 18 86 59 59 1
22 19 9 30 20 40 30 30 91 10 61 100 48 2
23 35 25 108 98 72 62 91 39 67 99 47 90 3
24 104 94 47 37 97 87 29 96 76 74 63 76 3
25 83 73 36 26 96 86 13 37 63 14 88 25 3
26 40 30 87 77 25 15 94 64 32 62 80 53 2
27 46 36 87 77 27 17 11 94 26 91 60 60 3
28 33 23 59 49 94 84 11 46 6 20 23 58 3
29 71 61 44 34 16 6 77 84 63 37 22 86 1
30 81 71 103 93 26 16 89 11 61 6 40 87 1
31 68 58 21 11 65 55 15 16 69 53 22 29 1
32 89 79 76 66 62 52 35 68 76 45 13 63 1
33 106 96 51 41 103 93 86 100 15 64 17 42 2
34 28 18 15 5 109 99 50 87 12 62 15 96 1
35 38 28 75 65 11 1 37 27 49 15 21 2 1
36 89 79 12 2 26 16 50 65 33 66 21 79 3
37 91 81 27 17 64 54 57 31 100 94 61 72 3
38 66 56 41 31 107 97 56 99 79 19 79 7 2
39 90 80 86 76 75 65 69 36 44 54 61 41 3
40 101 91 108 98 14 4 95 34 92 7 34 100 1
41 78 68 74 64 71 61 72 88 19 23 66 13 1
42 80 70 46 36 13 3 97 35 68 96 5 25 2
43 27 17 88 78 48 38 33 7 13 73 73 79 3
44 108 98 59 49 17 7 32 61 15 27 34 46 3
45 100 90 45 35 97 87 90 20 61 27 17 73 2
46 31 21 13 3 88 78 72 57 84 29 32 38 2
47 20 10 13 3 97 87 88 58 79 11 2 96 3
48 93 83 19 9 38 28 76 73 25 46 100 70 2
49 69 59 14 4 58 48 57 25 74 36 37 67 1
50 64 54 79 69 93 83 11 46 7 74 18 58 3
51 19 9 91 81 64 54 52 60 2 91 68 38 1
52 62 52 97 87 39 29 10 60 40 53 88 28 2
53 80 70 101 91 29 19 42 65 85 70 9 66 1
54 68 58 98 88 37 27 59 63 71 28 87 21 3
55 104 94 64 54 33 23 1 5 23 63 7 20 1
56 14 4 36 26 59 49 96 24 86 93 72 24 1
57 62 52 75 65 87 77 44 44 85 53 33 76 2
58 39 29 18 8 88 78 10 76 89 50 48 57 1
59 85 75 101 91 110 100 50 42 25 55 55 33 1
60 50 40 80 70 11 1 88 91 28 85 54 23 2
61 85 75 58 48 30 20 13 11 82 12 5 37 1
62 44 34 30 20 17 7 99 100 65 12 60 6 1
63 48 38 81 71 13 3 68 75 22 89 32 11 3
64 104 94 34 24 65 55 24 77 57 48 28 21 3
65 12 2 41 31 77 67 51 35 76 15 77 45 2
66 21 11 104 94 94 84 22 2 73 77 30 45 3
67 67 57 12 2 48 38 46 31 6 64 34 17 2
68 32 22 31 21 29 19 62 88 30 42 24 42 2
69 100 90 56 46 13 3 48 72 33 100 83 62 1
