3 70
737 625 686 
0 19 9 37 27 56 46 79 98 13 40 58 30 2
1 57 47 34 24 110 100 16 97 75 77 79 33 1
2 107 97 50 40 84 74 6 38 81 72 92 69 3
3 14 4 30 20 39 29 100 86 38 63 58 30 2
4 101 91 72 62 42 32 97 73 50 100 55 16 3
5 27 17 28 18 36 26 46 39 90 68 17 39 2
6 22 12 69 59 23 13 67 61 90 73 52 66 3
7 35 25 12 2 96 86 55 88 27 100 98 77 2
8 75 65 26 16 68 58 55 58 49 48 6 11 3
9 25 15 93 83 70 60 45 49 78 23 57 28 1
10 89 79 35 25 90 80 12 99 49 36 77 39 2
11 40 30 49 39 49 39 45 57 7 51 89 12 1
12 80 70 107 97 41 31 7 81 13 23 14 53 2
13 109 99 65 55 14 4 26 66 59 99 81 47 1
14 107 97 45 35 84 74 32 18 8 33 74 58 3
15 43 33 75 65 16 6 49 10 23 72 78 83 2
16 16 6 83 73 57 47 15 64 24 49 87 8 1
17 110 100 62 52 23 13 58 72 48 5 15 78 1
18 49 39 104 94 58 48 1 10 20 38 77 72 3
19 22 12 82 72 51 41 58 49 19 22 7 31 1
20 31 21 69 59 16 6 82 55 37 8 40 24 2
21 86 76 79 69 63 53 88 100 89 78 21 91 2
22 82 72 93 83 103 93 68 94 33 68 41 18 1
23 46 36 19 9 91 81 88 22 78 33 19 46 1
24 83 73 26 16 76 66 3 84 15 55 80 27 3
25 38 28 99 89 59 49 22 15 55 15 25 57 3
26 103 93 42 32 88 78 82 67 42 61 18 13 2
27 97 87 38 28 78 68 23 89 65 54 20 31 2
28 16 6 42 32 77 67 99 48 35 76 65 52 1
29 98 88 63 53 35 25 54 30 4 42 29 90 3
30 108 98 22 12 45 35 17 54 8 78 9 6 1
31 67 57 20 10 64 54 91 84 13 83 72 95 2
32 100 90 87 77 65 55 18 49 26 13 13 38 1
33 97 87 42 32 94 84 55 70 87 98 24 41 1
34 79 69 74 64 68 58 58 64 50 58 62 31 1
35 57 47 94 84 30 20 19 91 71 38 23 1 3
36 108 98 23 13 45 35 71 58 17 59 6 43 3
37 110 100 46 36 83 73 91 38 15 49 43 46 3
38 81 71 56 46 22 12 3 78 78 92 13 13 3
39 45 35 41 31 30 20 59 6 81 93 43 44 3
40 40 30 47 37 53 43 13 33 98 87 40 67 3
41 57 47 53 43 50 40 72 95 59 91 100 57 1
42 71 61 29 19 96 86 51 94 99 24 79 71 3
43 82 72 35 25 95 85 83 49 44 33 39 43 1
44 35 25 86 76 44 34 41 88 51 99 22 67 2
45 91 81 44 34 96 86 78 58 26 10 85 82 3
46 102 92 84 74 67 57 42 20 76 91 72 56 3
47 59 49 52 42 44 34 41 11 92 54 76 36 3
48 12 2 30 20 49 39 68 47 3 31 94 100 1
49 36 26 81 71 33 23 80 77 51 4 77 7 2
50 59 49 74 64 88 78 11 50 88 21 82 99 3
51 38 28 102 92 75 65 20 81 41 4 7 39 2
52 93 83 28 18 70 60 59 10 31 7 94 1 1
53 35 25 56 46 84 74 70 62 5 9 84 6 1
54 83 73 21 11 52 42 39 28 99 37 13 78 3
55 91 81 59 49 20 10 19 51 53 48 49 52 3
56 49 39 71 61 94 84 12 90 76 11 44 1 1
57 37 27 42 32 54 44 45 62 39 74 8 22 1
58 78 68 49 39 19 9 83 79 86 34 23 98 2
59 60 50 76 66 85 75 10 75 59 88 16 97 1
60 25 15 55 45 86 76 67 39 33 84 64 100 1
61 104 94 69 59 41 31 84 60 97 60 78 87 3
62 47 37 33 23 20 10 59 76 26 41 8 54 3
63 27 17 60 50 92 82 70 78 13 28 23 53 2
64 87 77 17 7 48 38 23 1 71 15 5 51 3
65 99 89 36 26 64 54 7 85 83 10 59 38 3
66 40 30 31 21 13 3 51 26 35 23 49 17 2
67 18 8 63 53 99 89 65 9 65 18 76 94 3
68 23 13 22 12 20 10 87 34 82 21 17 11 3
69 31 21 87 77 44 34 22 25 26 32 99 81 1
