3 70
1741 1752 1644 
0 96 86 15 5 33 23 94 59 10 94 38 30 2
1 37 27 13 3 90 80 26 27 50 95 22 57 3
2 81 71 15 5 58 48 14 45 95 64 30 88 3
3 97 87 14 4 22 12 12 95 64 21 4 22 3
4 75 65 53 43 24 14 28 77 6 26 54 82 2
5 91 81 91 81 100 90 71 91 33 60 18 45 3
6 68 58 22 12 69 59 95 70 35 28 63 27 1
7 23 13 99 89 76 66 68 91 2 98 1 93 1
8 93 83 43 33 94 84 50 48 65 23 58 8 2
9 92 82 69 59 37 27 47 71 43 13 95 6 1
10 42 32 97 87 43 33 39 42 82 33 84 24 2
11 44 34 52 42 61 51 19 17 53 76 89 66 1
12 86 76 12 2 39 29 82 13 97 48 2 61 2
13 76 66 25 15 73 63 52 14 89 61 25 100 1
14 92 82 31 21 69 59 3 43 16 1 5 32 2
15 94 84 35 25 75 65 92 96 6 78 33 94 3
16 46 36 12 2 87 77 1 18 46 56 13 55 3
17 29 19 90 80 42 32 75 66 72 92 50 42 3
18 19 9 65 55 20 10 14 86 19 88 94 5 1
19 93 83 54 44 22 12 61 41 64 77 15 47 1
20 64 54 11 1 49 39 62 31 13 96 87 33 1
21 18 8 102 92 95 85 83 56 88 99 43 1 3
22 32 22 42 32 53 43 52 50 24 89 11 43 3
23 86 76 58 48 23 13 47 53 96 40 93 68 3
24 77 67 19 9 70 60 97 45 64 38 3 39 3
25 38 28 98 88 59 49 23 88 52 45 26 38 3
26 45 35 91 81 30 20 86 93 22 4 63 14 2
27 37 27 77 67 18 8 56 19 21 18 3 16 2
28 77 67 104 94 38 28 5 59 4 9 26 80 2
29 54 44 26 16 99 89 33 8 79 19 67 30 2
30 13 3 36 26 50 40 2 24 61 36 11 99 3
31 15 5 59 49 12 2 55 54 48 6 23 75 3
32 74 64 52 42 39 29 93 29 91 20 53 25 1
33 13 3 65 55 110 100 20 6 49 62 69 47 3
34 73 63 67 57 62 52 14 32 7 13 29 83 3
35 97 87 33 23 70 60 98 75 38 71 45 67 3
36 98 88 12 2 35 25 14 32 8 25 67 88 3
37 57 47 94 84 30 20 31 65 69 83 67 78 1
38 27 17 101 91 68 58 82 29 66 16 30 11 1
39 36 26 33 23 21 11 70 30 22 29 45 84 2
40 30 20 36 26 43 33 73 92 5 74 50 22 2
41 104 94 101 91 97 87 69 10 73 27 22 12 2
42 28 18 87 77 53 43 85 25 77 93 35 24 3
43 50 40 110 100 63 53 29 41 96 32 79 12 1
44 49 39 107 97 58 48 83 61 53 26 3 45 3
45 39 29 91 81 36 26 48 36 3 13 41 65 2
46 91 81 66 56 48 38 36 3 14 50 43 16 1
47 15 5 107 97 92 82 90 81 70 4 40 48 3
48 97 87 16 6 34 24 31 61 69 19 40 60 1
49 20 10 64 54 109 99 86 97 65 27 94 20 2
50 93 83 107 97 22 12 92 36 31 54 42 90 3
51 69 59 42 32 14 4 71 5 49 90 87 61 2
52 67 57 101 91 44 34 67 1 31 69 77 53 1
53 23 13 51 41 72 62 21 100 73 96 38 59 3
54 28 18 59 49 97 87 81 42 84 94 16 34 1
55 70 60 31 21 99 89 82 53 24 89 42 65 1
56 86 76 109 99 31 21 34 50 67 48 56 15 2
57 109 99 13 3 26 16 15 70 67 96 28 42 1
58 68 58 38 28 109 99 26 43 93 14 39 6 2
59 43 33 52 42 68 58 10 61 27 45 54 93 1
60 74 64 97 87 27 17 55 10 92 81 2 46 2
61 36 26 100 90 73 63 96 90 10 5 10 44 2
62 12 2 91 81 77 67 12 37 31 79 61 49 1
63 75 65 107 97 40 30 70 94 8 51 91 52 2
64 44 34 75 65 105 95 97 8 49 25 60 36 2
65 83 73 11 1 48 38 90 40 30 31 72 53 1
66 50 40 32 22 23 13 95 13 30 78 78 58 2
67 54 44 90 80 35 25 96 61 21 60 13 54 2
68 109 99 107 97 106 96 13 69 47 45 62 50 2
69 62 52 19 9 75 65 13 46 55 82 64 29 2
