3 70
2757 3072 3095 
0 18 8 37 27 55 45 95 44 15 62 15 84 2
1 71 61 55 45 32 22 37 32 57 87 63 98 3
2 35 25 77 67 12 2 13 13 20 78 17 40 2
3 39 29 56 46 64 54 19 96 34 8 21 67 2
4 37 27 107 97 86 76 71 74 80 42 2 87 3
5 37 27 45 35 46 36 30 72 52 23 54 4 3
6 74 64 20 10 67 57 65 79 32 45 86 18 3
7 65 55 49 39 26 16 88 84 90 60 54 83 1
8 75 65 25 15 68 58 33 10 56 70 19 37 2
9 54 44 23 13 99 89 100 27 37 78 84 67 3
10 56 46 103 93 57 47 92 97 31 61 72 91 3
11 30 20 38 28 39 29 1 10 77 32 78 16 1
12 12 2 38 28 65 55 61 88 78 31 78 76 3
13 82 72 39 29 87 77 53 49 99 4 12 80 2
14 62 52 101 91 39 29 36 73 49 12 87 52 2
15 40 30 81 71 21 11 21 30 10 15 3 53 2
16 68 58 42 32 109 99 16 10 25 18 87 66 1
17 91 81 44 34 104 94 61 80 1 96 50 3 1
18 33 23 79 69 34 24 22 31 95 86 5 23 3
19 75 65 36 26 104 94 76 44 56 74 69 59 2
20 74 64 21 11 59 49 4 5 27 7 9 74 3
21 72 62 64 54 49 39 16 69 49 11 62 47 2
22 58 48 68 58 79 69 36 55 4 38 92 68 1
23 16 6 80 70 53 43 52 68 70 11 29 62 2
24 27 17 77 67 20 10 17 51 59 59 4 64 2
25 64 54 24 14 85 75 47 60 88 42 28 76 1
26 63 53 109 99 48 38 100 47 71 65 6 57 3
27 47 37 87 77 28 18 69 12 25 48 91 35 1
28 43 33 70 60 104 94 87 74 95 23 32 54 1
29 100 90 72 62 45 35 60 22 52 95 15 71 3
30 59 49 74 64 96 86 46 32 87 13 57 69 1
31 105 95 57 47 102 92 52 14 10 63 23 43 2
32 88 78 74 64 61 51 41 64 30 62 34 73 2
33 95 85 39 29 84 74 93 14 59 24 45 91 3
34 91 81 85 75 80 70 95 68 48 66 47 66 2
35 35 25 71 61 108 98 10 98 49 74 1 55 1
36 28 18 50 40 65 55 25 77 24 49 91 62 3
37 103 93 40 30 76 66 66 12 36 27 53 34 2
38 65 55 31 21 106 96 31 18 39 58 29 34 2
39 46 36 43 33 31 21 79 99 90 49 96 33 1
40 100 90 106 96 13 3 20 25 16 77 49 23 1
41 62 52 59 49 55 45 59 19 90 38 60 55 1
42 94 84 61 51 19 9 24 79 93 66 32 2 2
43 44 34 104 94 57 47 82 62 86 39 41 63 3
44 103 93 61 51 12 2 4 41 89 89 55 55 3
45 37 27 81 71 34 24 83 2 86 75 85 12 3
46 41 31 16 6 98 88 73 86 1 95 24 8 2
47 93 83 85 75 78 68 67 65 37 30 6 9 1
48 27 17 46 36 64 54 50 59 56 47 32 51 1
49 62 52 106 96 51 41 79 44 5 55 51 78 2
50 75 65 89 79 104 94 79 40 12 5 68 51 3
51 99 89 72 62 36 26 93 55 29 36 84 58 3
52 29 19 63 53 106 96 16 11 54 64 13 37 1
53 33 23 61 51 82 72 66 98 14 44 92 93 1
54 58 48 97 87 35 25 80 96 21 3 22 39 3
55 52 42 13 3 81 71 49 51 92 88 77 70 3
56 56 46 79 69 101 91 73 59 32 34 13 36 2
57 43 33 55 45 68 58 70 96 26 24 76 44 3
58 30 20 108 98 79 69 37 51 99 63 89 17 3
59 93 83 102 92 110 100 57 93 15 87 59 96 3
60 24 14 55 45 85 75 44 91 51 100 23 43 2
61 58 48 30 20 95 85 94 16 13 51 59 98 1
62 18 8 105 95 83 73 77 60 46 50 50 64 2
63 33 23 65 55 90 80 80 78 32 1 59 81 3
64 110 100 41 31 71 61 70 10 48 36 66 9 1
65 65 55 93 83 30 20 73 48 56 12 10 33 1
66 96 86 78 68 69 59 49 65 92 36 60 94 1
67 56 46 100 90 37 27 54 16 47 97 43 24 1
68 99 89 97 87 96 86 27 19 51 12 82 86 2
69 24 14 81 71 37 27 14 6 40 24 68 3 2
