3 70
2974 3016 2915 
0 71 76 103 94 14 13 70 27 42 38 5 13 3
1 21 12 55 55 94 89 17 23 1 24 50 63 2
2 89 98 74 69 57 47 46 80 74 5 71 81 2
3 9 11 68 58 4 12 100 69 90 67 18 37 2
4 94 96 48 47 94 97 89 30 16 66 54 27 1
5 69 62 24 16 71 63 74 54 59 44 56 97 2
6 91 93 12 20 41 46 49 28 98 33 63 41 1
7 89 88 27 26 59 65 78 5 89 73 49 59 1
8 66 69 43 36 7 10 37 84 96 26 7 62 2
9 18 22 82 77 25 23 97 63 44 76 22 57 1
10 38 48 87 94 36 33 27 25 61 35 9 33 3
11 87 83 101 94 5 4 96 59 36 92 84 100 2
12 37 36 94 87 20 29 50 84 59 10 59 97 3
13 9 12 59 59 99 97 5 36 46 30 75 2 2
14 65 57 74 83 12 18 22 45 15 68 90 91 1
15 22 25 38 47 62 70 96 43 61 56 17 94 3
16 58 57 43 44 34 30 71 12 57 13 55 18 2
17 105 100 97 95 79 89 65 69 79 30 8 26 3
18 45 49 66 64 95 86 43 16 70 21 50 25 1
19 19 18 87 93 60 59 89 31 48 37 14 55 2
20 12 21 25 28 38 34 46 63 86 58 4 70 3
21 14 4 71 70 28 37 36 94 80 83 52 18 3
22 36 44 86 95 55 53 42 66 90 69 10 52 1
23 78 71 58 53 30 28 50 30 7 38 76 68 2
24 71 61 88 79 105 98 49 98 94 2 14 98 3
25 73 72 78 87 1 1 44 27 13 6 25 74 1
26 99 90 27 25 69 67 23 39 36 49 30 60 1
27 22 20 61 58 81 89 85 72 97 46 73 89 3
28 23 26 38 48 74 71 74 41 58 94 56 47 3
29 62 67 31 38 8 8 59 95 28 24 90 45 3
30 86 90 10 20 42 51 85 54 61 88 90 58 1
31 22 28 5 14 101 93 89 8 80 17 91 44 3
32 21 20 42 50 84 81 18 53 53 10 27 98 2
33 55 65 52 48 34 38 76 60 98 22 69 28 3
34 22 32 29 31 44 37 21 16 30 98 75 83 2
35 46 45 77 72 1 6 43 66 10 16 82 78 2
36 5 4 96 87 64 61 30 30 55 90 4 33 3
37 26 21 83 87 53 54 11 71 50 45 95 65 2
38 18 28 65 71 4 5 95 13 10 9 85 22 3
39 55 51 1 1 64 60 52 95 34 55 32 50 1
40 14 23 107 98 77 80 10 95 10 46 19 56 3
41 88 78 54 52 38 35 22 84 60 46 23 1 3
42 66 62 25 21 79 87 85 6 46 8 15 48 1
43 99 94 25 24 43 47 7 58 43 3 41 23 2
44 33 39 24 18 94 96 47 65 2 70 46 82 2
45 34 39 27 33 28 36 4 31 79 14 67 35 2
46 5 2 41 40 79 79 71 44 58 58 39 57 3
47 49 42 17 24 108 99 38 40 83 62 31 17 1
48 36 43 91 82 4 12 97 65 67 32 7 99 2
49 78 76 84 87 98 97 51 17 83 49 44 81 1
50 65 75 18 9 50 44 81 93 29 44 33 25 3
51 98 92 82 83 74 81 34 10 64 84 10 88 1
52 54 61 100 96 31 38 23 96 33 65 10 56 1
53 50 48 5 3 66 65 33 69 80 42 52 46 3
54 69 65 34 31 7 6 60 36 73 13 77 84 3
55 18 28 73 66 1 5 64 70 96 35 95 48 1
56 71 77 35 32 78 86 31 37 58 7 39 69 1
57 71 75 16 13 61 60 53 67 80 4 48 6 1
58 26 32 5 15 11 5 94 60 67 22 16 88 1
59 63 62 78 81 7 7 77 40 58 68 28 14 1
60 103 97 11 15 27 34 76 80 44 36 69 46 1
61 14 7 92 97 91 96 23 46 33 1 100 59 2
62 88 80 64 58 29 37 24 12 45 67 55 30 1
63 6 7 46 53 88 92 85 72 14 12 27 61 3
64 70 80 28 38 88 89 29 36 99 48 81 70 1
65 92 100 36 39 86 77 40 61 12 27 93 65 2
66 59 61 84 91 14 14 80 25 91 27 46 54 3
67 29 31 53 45 50 52 22 54 62 24 53 7 3
68 89 80 79 71 61 53 20 6 91 41 9 4 1
69 81 90 28 36 85 83 23 32 17 16 52 37 2
