3 70
1840 1611 1975 
0 95 87 6 6 17 24 100 27 66 31 95 30 2
1 26 16 60 58 99 93 78 63 22 86 65 49 2
2 100 94 62 64 39 35 62 95 76 53 80 14 2
3 66 63 15 9 61 64 35 89 93 83 95 67 1
4 78 84 24 34 91 85 61 89 60 16 91 77 2
5 105 97 60 52 107 98 67 40 94 18 14 2 3
6 31 29 52 55 73 82 51 82 32 4 25 16 1
7 62 63 2 2 32 40 34 90 90 62 28 70 3
8 26 25 90 99 67 66 29 86 79 5 21 53 2
9 52 58 8 4 59 59 88 31 84 27 85 65 3
10 56 59 105 98 54 44 27 82 60 24 63 67 3
11 74 71 86 81 92 92 40 32 37 69 90 12 1
12 63 64 18 14 67 57 7 1 38 86 70 5 1
13 18 8 45 54 87 93 51 23 65 67 87 16 2
14 8 12 38 39 76 73 95 1 85 23 78 43 1
15 101 100 25 23 41 37 38 94 79 50 25 72 2
16 84 81 67 67 44 46 27 68 5 100 73 41 2
17 43 48 33 42 46 37 9 88 87 81 73 4 2
18 47 41 55 63 76 78 62 43 5 31 54 19 1
19 65 58 33 32 106 99 29 23 15 64 22 45 3
20 10 1 2 7 15 14 83 95 47 60 95 36 3
21 56 63 34 30 96 88 14 33 33 78 98 71 1
22 100 96 48 54 1 5 28 47 63 23 51 25 2
23 13 10 93 93 65 67 74 8 40 42 92 24 3
24 61 56 78 75 95 93 32 62 79 75 30 76 1
25 43 44 48 58 82 73 38 11 20 38 88 44 3
26 78 86 25 20 69 63 95 30 98 8 95 30 2
27 59 59 100 98 18 28 42 1 58 87 56 64 2
28 43 53 79 76 107 98 82 92 94 22 34 94 2
29 48 39 12 17 81 88 76 77 53 30 31 63 3
30 76 73 1 4 24 26 92 13 44 32 36 56 1
31 65 67 40 46 23 32 70 18 32 1 87 60 3
32 82 79 3 10 32 40 80 78 83 70 96 11 2
33 23 29 18 19 2 10 57 94 81 87 15 2 2
34 46 56 53 54 60 53 72 85 1 47 29 37 3
35 96 93 25 19 51 54 16 7 3 99 98 75 1
36 44 36 20 18 103 93 31 81 6 35 72 95 3
37 23 16 93 83 42 49 91 58 76 20 45 74 1
38 17 8 43 50 95 85 28 65 9 67 71 36 3
39 55 46 96 97 64 55 65 59 61 88 97 100 2
40 43 35 5 9 77 84 78 55 93 33 63 37 3
41 30 33 6 16 80 90 21 72 77 43 44 57 3
42 94 86 40 44 1 3 84 62 40 87 66 51 2
43 25 25 43 48 69 78 24 17 29 85 72 51 3
44 100 99 70 77 61 56 5 99 60 34 96 3 2
45 16 26 17 21 18 23 93 96 67 4 66 31 3
46 46 49 84 88 12 18 64 63 65 98 10 52 2
47 81 89 64 64 40 46 65 95 4 99 43 5 1
48 43 39 69 69 11 8 92 74 67 36 62 57 2
49 1 8 36 26 42 37 88 16 86 19 58 90 3
50 35 34 67 69 1 3 10 55 82 88 93 55 3
51 7 4 1 2 83 93 74 41 17 39 16 16 2
52 14 21 58 55 83 90 36 16 74 45 1 60 3
53 43 52 1 6 59 69 50 63 58 83 90 72 2
54 6 12 79 87 44 53 32 15 63 71 47 38 2
55 42 35 76 74 10 12 73 9 22 56 23 61 1
56 107 97 34 43 98 98 21 94 55 50 74 18 2
57 7 2 31 41 84 87 32 56 98 46 18 91 1
58 75 76 52 58 39 49 7 8 36 78 20 41 2
59 85 86 6 4 37 31 72 12 31 96 94 15 3
60 84 76 100 95 8 13 6 17 11 97 43 59 1
61 69 70 60 61 59 59 59 21 51 75 98 52 3
62 101 91 79 70 55 48 79 76 46 6 10 92 2
63 50 58 13 5 53 43 16 22 26 64 9 23 2
64 35 39 87 90 53 48 49 3 93 11 48 18 3
65 81 76 10 14 54 53 89 58 83 26 64 93 2
66 10 8 27 31 52 61 10 14 98 51 73 79 2
67 50 42 55 57 79 71 50 45 64 23 8 73 2
68 67 76 62 58 52 49 30 100 95 73 90 97 3
69 66 69 15 16 70 62 59 61 57 10 96 88 2
