3 70
722 747 701 
0 82 77 58 96 43 14 15 7 20 64 29 56 3
1 10 38 27 72 35 15 70 45 96 66 63 19 3
2 92 92 100 62 1 33 40 23 30 62 37 48 2
3 4 57 88 11 65 58 69 43 21 52 2 90 3
4 37 98 14 48 82 99 6 25 77 47 54 86 3
5 33 59 41 14 50 60 22 97 42 10 83 95 2
6 65 23 14 49 62 76 63 100 94 96 99 11 2
7 51 5 92 44 24 82 100 55 87 78 97 23 3
8 70 7 23 73 83 40 34 19 1 48 86 48 3
9 82 96 43 42 11 97 47 78 16 28 48 97 2
10 27 1 19 40 4 86 7 40 30 96 7 6 2
11 3 57 67 67 40 78 19 1 23 24 22 34 2
12 79 90 39 40 100 83 40 82 66 76 6 71 2
13 86 26 26 64 75 11 83 72 14 28 91 39 2
14 3 74 67 1 40 35 42 36 27 91 81 97 1
15 48 78 100 93 45 15 100 8 62 98 3 62 1
16 30 87 82 73 27 60 42 70 54 10 4 18 1
17 58 74 94 68 31 55 4 81 15 35 80 40 2
18 78 75 15 97 51 20 44 24 23 35 65 33 1
19 65 84 62 50 50 17 24 1 87 99 29 19 2
20 1 43 98 49 94 56 1 97 34 80 71 11 3
21 31 25 83 92 44 50 97 63 8 27 65 21 1
22 80 26 24 84 77 35 97 48 27 46 74 13 2
23 24 68 8 51 1 25 69 82 56 27 43 59 1
24 57 14 1 33 54 51 19 68 93 71 12 43 3
25 94 18 59 32 31 47 59 25 6 23 55 71 3
26 60 84 88 18 17 61 7 29 18 28 48 28 2
27 35 85 96 24 64 54 77 98 46 35 4 5 1
28 94 95 6 18 11 40 62 11 3 11 51 46 1
29 48 97 57 67 73 38 22 3 14 81 43 83 3
30 77 7 41 30 14 60 46 21 2 76 94 98 1
31 72 21 96 8 29 94 62 87 78 7 44 97 1
32 32 41 68 72 97 2 42 17 37 92 67 75 1
33 43 7 87 89 24 80 20 38 42 59 36 31 2
34 63 30 20 28 76 27 41 95 79 28 8 17 3
35 81 23 49 49 10 84 38 93 9 12 1 30 1
36 49 70 77 52 14 27 91 87 59 16 79 17 2
37 47 2 7 69 60 43 7 39 90 85 50 52 2
38 82 66 27 100 79 43 86 76 62 97 29 45 1
39 3 100 68 59 32 17 20 4 63 6 63 93 1
40 92 77 96 51 1 26 43 78 19 68 87 69 3
41 61 39 26 22 90 96 29 1 28 36 63 86 2
42 93 32 30 90 58 49 58 5 95 25 97 18 3
43 71 95 15 18 68 48 98 19 22 49 90 99 1
44 70 13 79 91 87 70 68 19 36 35 15 85 3
45 31 88 51 91 64 93 73 13 30 89 81 9 3
46 64 83 45 22 25 60 92 86 62 59 34 77 2
47 48 63 33 38 9 20 52 33 95 98 5 100 2
48 16 9 29 47 49 78 3 23 3 36 51 93 2
49 93 58 70 76 46 87 22 95 8 81 82 10 1
50 55 24 63 59 72 93 17 60 15 16 9 35 1
51 10 42 3 32 95 31 87 59 44 73 39 87 2
52 35 95 47 29 60 64 98 93 84 33 51 89 2
53 77 42 53 4 22 67 98 83 9 45 91 32 3
54 52 78 20 45 89 19 20 17 81 71 33 53 1
55 70 57 18 96 75 34 87 14 2 99 24 71 1
56 42 95 63 49 83 4 47 67 38 30 73 86 2
57 36 8 20 47 5 93 14 4 86 84 8 21 3
58 8 62 84 44 69 27 23 64 54 7 55 97 3
59 91 20 95 46 8 65 75 90 33 41 19 69 2
60 8 70 36 89 57 7 34 47 41 14 33 52 2
61 26 48 74 47 15 45 3 25 29 3 77 18 3
62 29 69 50 48 70 26 33 54 72 24 28 34 3
63 1 44 54 83 14 21 10 87 100 74 69 30 2
64 10 77 79 28 55 86 28 83 11 60 26 51 2
65 97 18 45 56 94 3 81 44 6 26 40 34 2
66 13 18 69 49 34 71 94 19 75 49 85 30 3
67 77 28 38 43 98 57 54 91 50 58 72 87 3
68 40 2 53 92 73 75 63 51 33 59 18 14 2
69 21 39 14 78 14 24 26 83 54 65 18 2 1
