3 70
707 616 745 
0 49 88 33 7 10 25 62 4 69 71 10 9 3
1 85 61 2 3 10 38 61 72 69 8 85 20 2
2 19 23 27 93 28 64 51 47 33 13 63 30 2
3 79 60 63 6 40 61 18 39 36 5 62 46 1
4 72 85 41 35 9 86 50 52 29 24 54 88 3
5 76 62 84 17 93 63 44 55 63 57 97 58 1
6 72 82 21 8 69 35 83 36 29 29 38 57 1
7 78 44 11 83 51 21 58 87 82 61 73 7 3
8 1 22 54 88 6 55 95 75 20 51 33 84 2
9 69 99 38 53 98 100 83 92 2 62 44 82 3
10 58 56 50 95 35 41 51 89 15 24 36 4 2
11 14 20 86 30 51 41 93 86 10 80 73 73 1
12 42 69 2 19 63 62 93 68 97 63 56 94 1
13 45 81 85 27 26 66 92 10 13 15 34 79 1
14 22 57 94 84 67 18 89 45 33 98 80 44 1
15 47 97 99 20 44 42 97 51 30 53 57 41 1
16 21 98 65 84 18 71 49 57 20 50 4 41 1
17 77 33 13 19 50 14 74 51 60 52 60 18 3
18 97 94 34 16 70 31 56 91 14 47 22 21 2
19 20 99 17 65 5 40 89 5 8 43 63 28 2
20 80 82 77 88 73 95 43 84 71 70 61 12 3
21 78 8 38 75 91 41 11 77 99 51 85 50 2
22 71 53 23 11 76 62 19 68 99 32 20 10 2
23 63 47 55 22 40 4 63 65 63 70 56 52 2
24 32 33 76 52 21 70 94 97 82 65 93 100 2
25 5 13 78 27 42 42 57 97 31 97 33 80 1
26 15 15 43 49 72 92 38 1 40 92 55 58 1
27 22 100 91 39 51 77 82 30 28 36 4 62 2
28 61 30 73 53 86 75 68 25 55 40 3 38 3
29 23 28 32 98 40 77 39 57 2 39 41 34 1
30 88 82 60 13 25 43 70 87 89 32 33 49 2
31 51 24 75 11 8 97 59 70 92 8 74 36 2
32 27 24 55 55 92 85 96 32 33 3 41 33 3
33 94 26 38 16 75 99 72 51 59 47 54 62 3
34 94 21 51 19 7 18 23 60 2 66 6 68 1
35 68 6 28 40 97 67 7 17 41 72 41 66 3
36 44 49 72 23 9 6 95 17 87 91 79 78 3
37 86 9 46 76 99 42 93 65 74 37 15 99 1
38 73 97 26 39 78 74 36 7 22 37 87 23 3
39 90 43 47 2 11 60 30 30 6 55 50 79 2
40 3 32 7 6 12 81 3 38 1 88 74 35 1
41 40 10 97 85 61 67 78 40 51 40 10 28 2
42 80 99 9 57 37 16 90 11 80 78 44 13 3
43 46 54 90 85 35 15 21 9 27 86 89 46 2
44 21 84 30 62 46 41 35 12 69 29 2 81 2
45 14 95 26 90 39 92 17 56 24 57 79 34 1
46 55 98 36 37 16 75 98 75 12 67 29 52 3
47 31 34 16 9 92 91 77 93 16 44 70 69 3
48 15 16 36 46 56 85 59 48 70 74 36 75 1
49 60 37 45 47 21 58 95 33 42 71 83 93 1
50 6 39 14 74 23 8 59 1 91 34 42 23 1
51 57 9 50 99 42 98 49 53 94 30 58 21 3
52 18 10 30 44 43 79 17 93 24 19 100 25 3
53 12 17 80 79 49 34 18 53 66 97 71 86 3
54 63 93 31 60 100 26 99 99 55 72 99 72 1
55 93 88 49 27 98 65 34 53 52 7 16 72 2
56 57 6 70 60 90 7 88 63 11 54 6 77 3
57 35 55 11 2 96 40 45 29 46 90 99 49 3
58 83 57 59 47 36 30 73 65 32 73 90 39 3
59 58 55 70 81 83 100 37 7 27 52 46 43 1
60 55 89 75 8 4 26 76 6 53 51 20 24 3
61 85 31 25 30 74 28 15 26 9 16 77 100 1
62 52 48 73 35 93 13 32 91 17 24 27 98 2
63 40 83 93 22 53 68 18 90 59 38 69 15 2
64 45 4 14 55 90 5 91 65 50 53 72 3 1
65 96 57 52 95 1 34 22 49 8 92 7 13 3
66 84 77 40 8 5 30 65 22 86 53 25 17 1
67 40 15 1 30 61 36 2 82 21 62 85 77 1
68 47 21 60 3 80 94 66 71 72 87 93 55 3
69 100 2 1 41 93 87 86 16 58 78 14 91 1
