3 70
2659 2740 3243 
0 63 53 81 71 100 90 6 33 11 79 65 20 2
1 41 31 18 8 94 84 61 77 89 25 57 2 2
2 23 13 58 48 100 90 89 70 100 72 49 57 2
3 106 96 22 12 31 21 63 96 57 43 27 76 3
4 25 15 96 86 66 56 74 76 62 54 9 38 3
5 27 17 28 18 36 26 22 66 74 57 67 70 3
6 18 8 73 63 19 9 62 97 23 55 59 19 2
7 27 17 12 2 88 78 32 42 49 71 97 7 2
8 31 21 74 64 24 14 48 48 78 99 24 99 3
9 41 31 109 99 78 68 65 27 99 50 67 84 2
10 101 91 55 45 102 92 8 76 88 97 37 2 1
11 104 94 13 3 21 11 27 76 39 63 43 59 2
12 24 14 51 41 77 67 45 15 31 52 46 15 3
13 29 19 85 75 34 24 31 81 86 8 41 92 1
14 47 37 85 75 24 14 2 93 29 25 88 46 3
15 35 25 67 57 108 98 100 7 53 91 2 52 3
16 68 58 35 25 101 91 77 60 3 93 65 11 2
17 26 16 78 68 39 29 83 17 67 2 6 65 2
18 77 67 24 14 78 68 29 98 64 24 19 84 3
19 78 68 38 28 107 97 13 55 44 78 40 27 3
20 51 41 89 79 36 26 73 86 29 69 21 59 2
21 110 100 95 85 87 77 72 86 34 51 96 31 2
22 26 16 37 27 47 37 82 55 24 34 77 45 1
23 106 96 79 69 43 33 27 81 73 53 37 53 2
24 91 81 34 24 84 74 2 43 32 71 43 56 1
25 82 72 43 33 103 93 59 61 3 71 36 31 2
26 31 21 78 68 24 14 18 85 67 93 57 78 2
27 17 7 58 48 98 88 88 15 33 49 41 2 2
28 48 38 82 72 109 99 52 19 96 18 44 33 1
29 90 80 63 53 27 17 47 53 56 76 45 31 2
30 92 82 14 4 37 27 11 46 42 60 78 47 2
31 55 45 108 98 60 50 11 40 66 97 35 94 3
32 36 26 23 13 101 91 5 46 52 85 57 40 3
33 45 35 98 88 42 32 56 86 50 67 10 75 3
34 15 5 110 100 96 86 43 20 60 94 23 2 2
35 25 15 62 52 98 88 92 67 44 88 53 95 3
36 68 58 91 81 105 95 5 15 14 77 60 49 2
37 94 84 30 20 67 57 52 39 90 37 25 88 1
38 57 47 24 14 98 88 69 30 62 62 45 13 1
39 73 63 61 51 58 48 71 71 42 93 40 39 3
40 80 70 87 77 93 83 72 30 84 96 68 27 2
41 73 63 69 59 66 56 83 41 63 2 21 24 1
42 103 93 69 59 28 18 66 71 88 47 4 13 1
43 70 60 31 21 83 73 7 17 2 35 77 99 2
44 43 33 94 84 52 42 89 53 64 9 45 22 2
45 87 77 32 22 84 74 69 51 11 58 30 23 2
46 102 92 84 74 59 49 98 32 20 28 68 16 1
47 23 13 16 6 108 98 90 55 54 71 68 76 3
48 72 62 90 80 109 99 77 98 12 3 7 78 3
49 20 10 65 55 17 7 92 71 89 23 2 81 2
50 31 21 46 36 60 50 17 35 48 33 79 54 3
51 90 80 62 52 35 25 37 74 10 62 75 90 3
52 109 99 52 42 86 76 49 40 9 51 54 51 3
53 55 45 84 74 104 94 64 17 50 23 29 50 1
54 51 41 89 79 28 18 21 34 64 91 15 21 1
55 55 45 23 13 84 74 39 92 15 47 88 83 1
56 89 79 11 1 34 24 15 22 86 30 47 60 3
57 105 95 18 8 30 20 84 81 100 25 58 51 3
58 18 8 89 79 59 49 92 91 76 1 72 35 2
59 52 42 68 58 77 67 97 32 60 92 1 17 1
60 33 23 63 53 94 84 43 18 9 70 56 82 1
61 56 46 21 11 93 83 82 93 1 28 91 75 1
62 67 57 53 43 32 22 49 24 97 6 97 58 3
63 43 33 76 66 100 90 99 77 50 61 2 3 1
64 19 9 49 39 80 70 21 90 60 39 87 3 3
65 63 53 100 90 28 18 47 89 83 60 83 17 2
66 32 22 23 13 105 95 24 35 71 45 8 9 1
67 30 20 75 65 11 1 62 72 73 31 6 14 3
68 95 85 94 84 100 90 26 77 95 22 11 87 2
69 55 45 11 1 68 58 40 46 53 11 63 26 1
