3 70
2626 2432 2967 
0 30 20 41 39 52 57 93 13 40 69 35 89 3
1 9 1 43 43 82 78 69 27 66 55 50 11 3
2 96 87 50 57 35 28 8 79 33 46 77 43 1
3 65 64 1 10 52 57 41 81 65 34 21 80 2
4 56 53 10 3 48 46 72 71 7 40 7 87 2
5 7 14 67 61 22 15 44 73 61 86 89 27 2
6 20 14 41 40 70 67 53 3 41 13 83 45 3
7 66 72 19 11 57 49 30 57 86 72 31 33 3
8 61 62 46 36 2 3 95 55 75 71 21 10 3
9 68 75 24 21 75 76 96 79 52 74 11 43 1
10 33 24 61 63 10 9 59 42 15 57 62 5 2
11 57 52 69 62 83 73 63 100 10 62 81 1 3
12 7 1 33 43 90 94 11 64 34 42 58 59 2
13 92 89 32 27 82 74 39 4 51 22 88 13 3
14 67 61 97 96 27 22 96 20 6 5 23 71 1
15 66 65 82 88 6 10 3 88 95 45 75 10 3
16 1 6 90 92 75 79 32 72 25 60 12 24 1
17 20 25 2 11 15 6 14 40 51 57 72 88 1
18 87 90 8 4 37 27 2 7 58 15 18 93 2
19 5 11 86 85 46 52 72 73 43 64 68 76 2
20 2 10 7 8 20 15 77 15 54 55 31 8 1
21 17 12 74 79 52 45 97 82 1 46 2 65 2
22 82 77 38 35 80 86 18 78 67 87 52 85 2
23 33 31 13 14 93 96 90 64 18 94 49 24 3
24 91 97 16 24 33 42 32 85 57 21 94 59 3
25 13 21 26 35 60 58 42 43 19 23 66 8 3
26 66 71 21 13 57 48 78 56 77 29 15 46 2
27 14 12 42 51 73 81 94 40 85 63 8 73 3
28 57 58 72 81 8 3 19 32 70 87 56 47 2
29 39 48 8 18 98 89 44 14 84 76 85 31 3
30 98 98 30 29 54 59 52 46 43 31 69 59 2
31 68 76 72 63 47 41 53 35 72 20 40 80 2
32 21 28 50 59 92 89 69 67 90 23 34 11 3
33 2 2 84 92 81 75 26 70 76 47 20 51 3
34 30 37 37 35 44 34 25 97 89 70 55 39 1
35 54 50 91 84 1 11 94 1 62 95 27 85 1
36 70 65 46 47 29 22 64 42 25 63 46 80 1
37 29 21 78 88 56 54 34 81 40 43 49 97 1
38 1 9 61 51 79 86 20 23 49 57 64 97 1
39 68 75 38 34 85 92 96 3 36 57 73 10 1
40 110 100 72 74 44 49 60 89 30 55 7 38 1
41 46 38 30 21 104 95 45 37 32 6 17 22 2
42 73 79 40 37 7 4 44 91 83 16 84 76 1
43 8 10 34 41 73 63 77 14 20 4 46 91 3
44 1 4 72 82 63 61 22 72 54 4 22 82 2
45 31 31 32 34 33 36 27 25 31 49 21 42 1
46 93 94 39 33 75 71 17 31 34 3 41 12 2
47 20 10 90 85 58 67 60 38 68 75 74 26 2
48 34 44 81 74 23 13 97 37 77 95 23 93 2
49 44 37 37 47 72 66 7 73 74 65 77 29 1
50 69 71 1 6 33 40 34 53 17 35 83 55 1
51 9 5 1 3 85 94 26 49 59 41 14 28 3
52 54 58 98 92 23 27 94 59 97 99 34 14 2
53 57 61 18 23 81 86 81 13 35 97 76 50 3
54 66 57 31 24 104 98 34 76 7 71 63 48 2
55 11 20 66 59 92 97 16 93 6 88 59 69 1
56 16 22 80 76 36 31 16 12 77 37 86 27 1
57 57 51 94 90 26 36 81 11 94 11 42 21 2
58 85 85 62 67 41 50 2 9 4 13 2 87 1
59 82 91 11 17 34 36 24 76 14 57 63 75 2
60 42 33 50 52 74 78 80 2 68 97 69 84 1
61 9 11 16 10 15 8 52 49 57 53 16 61 3
62 27 36 5 15 102 93 32 63 51 76 95 89 1
63 90 91 32 30 64 68 86 81 80 27 86 69 2
64 13 20 73 71 31 29 100 44 71 53 33 14 2
65 77 85 27 23 71 62 53 85 43 87 98 15 2
66 87 85 4 8 42 38 96 78 87 54 68 11 3
67 95 87 1 2 24 16 33 90 79 36 94 54 3
68 22 25 4 7 94 98 89 13 4 13 76 70 3
69 49 58 6 5 53 51 54 22 84 62 3 38 1
