3 70
586 695 781 
0 14 10 25 28 57 47 80 85 8 76 68 29 1
1 42 50 89 85 28 19 68 58 70 91 70 1 2
2 13 20 98 91 52 61 55 74 45 72 67 74 2
3 3 9 62 56 19 10 3 50 24 44 20 31 1
4 59 66 26 17 51 59 59 81 82 14 61 6 2
5 47 44 94 90 41 45 90 13 13 88 37 9 3
6 26 23 55 50 76 76 14 88 96 62 89 19 3
7 68 70 14 16 54 55 13 95 45 5 61 61 1
8 88 95 60 70 37 36 67 16 58 10 47 55 1
9 86 88 50 43 93 89 6 60 49 32 50 39 2
10 26 18 54 56 3 3 34 65 6 47 41 20 3
11 13 13 19 24 31 34 76 3 19 83 89 22 3
12 78 70 14 21 61 63 59 13 13 15 61 88 1
13 69 66 11 5 59 51 83 46 37 77 75 52 1
14 47 51 69 77 7 12 25 20 96 17 89 67 3
15 100 95 16 17 32 32 76 57 71 56 58 56 1
16 12 7 97 94 88 80 57 43 92 93 95 27 1
17 46 54 59 49 49 43 14 11 98 89 8 13 1
18 57 51 57 66 86 88 69 16 64 21 52 27 2
19 13 12 94 87 54 53 60 79 32 97 43 65 1
20 7 11 20 18 33 24 48 2 87 96 84 31 3
21 13 6 54 64 32 31 91 61 84 82 73 25 1
22 85 82 35 33 83 91 41 55 57 80 49 33 1
23 25 29 10 3 90 86 55 7 38 67 85 48 3
24 69 71 86 89 3 8 70 12 89 38 39 34 2
25 17 10 38 33 43 47 18 3 98 46 86 32 1
26 15 12 43 47 77 81 77 93 85 68 5 74 3
27 4 14 43 52 92 91 6 87 29 97 53 66 3
28 8 16 44 38 51 61 57 40 82 65 13 27 1
29 54 57 31 28 100 98 32 34 73 30 69 1 1
30 39 32 63 54 87 85 60 60 81 96 93 26 1
31 1 2 91 88 74 75 90 16 37 25 8 39 1
32 27 22 56 52 77 83 54 3 88 34 4 67 3
33 18 27 15 10 97 100 78 22 13 51 3 56 2
34 83 78 69 77 76 75 70 90 7 96 93 97 3
35 22 23 40 50 77 84 53 17 99 45 20 29 1
36 53 46 23 29 12 3 91 43 92 82 28 44 1
37 22 19 92 85 49 52 77 31 26 100 53 28 2
38 8 18 55 61 1 3 50 83 13 63 29 37 3
39 92 85 39 43 101 94 89 19 66 1 75 67 2
40 101 93 65 68 35 42 47 6 53 15 22 60 3
41 53 60 35 42 11 17 74 23 99 37 98 27 3
42 58 68 25 35 92 93 50 79 35 27 85 51 2
43 12 16 38 46 77 69 61 7 85 68 92 50 1
44 37 29 7 8 85 86 70 93 91 9 29 12 3
45 17 13 5 15 27 18 40 29 97 24 2 74 1
46 16 12 44 42 82 81 4 81 4 85 37 10 2
47 13 8 73 82 72 65 96 57 48 91 64 40 2
48 25 33 59 64 93 94 83 26 71 12 76 67 2
49 34 26 40 37 54 47 79 52 93 29 47 21 3
50 5 9 37 43 69 78 15 83 7 91 63 18 2
51 94 90 86 89 70 79 20 57 73 50 49 42 2
52 87 87 12 22 64 64 77 48 24 50 62 1 1
53 14 22 77 85 46 47 87 26 50 36 70 90 2
54 91 83 56 49 21 16 30 27 64 67 89 44 3
55 75 66 1 4 35 43 97 76 89 16 56 10 3
56 16 19 80 74 15 20 32 70 34 87 56 6 2
57 79 77 32 23 56 62 50 33 52 68 36 92 2
58 14 22 14 5 91 87 48 11 65 88 8 79 2
59 48 44 71 63 92 89 39 69 35 55 41 36 2
60 66 75 103 93 11 12 55 30 97 84 90 95 3
61 10 9 9 7 8 6 50 58 30 52 61 26 2
62 78 82 62 68 40 47 10 97 20 29 4 25 1
63 47 57 87 95 50 42 14 44 43 90 18 31 3
64 35 26 72 76 24 27 22 44 92 87 43 16 3
65 87 90 31 29 73 67 47 88 18 99 51 5 3
66 5 7 30 37 68 60 26 66 30 42 34 51 1
67 39 41 63 55 68 70 44 3 100 53 99 95 2
68 92 82 74 65 56 55 13 82 91 49 3 68 1
69 7 12 54 58 103 97 80 95 41 55 84 91 3
