3 70
2636 2845 3057 
0 3 77 80 95 56 14 81 99 94 13 24 6 1
1 36 65 52 100 61 42 94 85 23 54 28 64 1
2 9 27 10 98 18 68 70 90 49 60 15 91 2
3 41 8 18 63 94 9 71 23 20 10 83 2 1
4 67 97 43 48 12 98 99 71 43 97 44 48 2
5 22 27 31 81 39 28 32 25 9 12 77 76 2
6 39 46 87 73 36 99 72 75 35 95 42 2 3
7 57 69 97 7 30 46 4 16 60 47 37 22 1
8 52 58 4 33 65 99 85 90 16 66 12 53 3
9 36 71 96 26 65 72 69 13 57 73 11 18 2
10 12 53 5 91 89 38 55 55 92 9 87 72 3
11 64 32 37 43 1 53 54 84 10 88 54 93 2
12 4 41 65 92 25 34 65 64 3 77 59 4 1
13 35 85 76 32 16 70 18 67 55 51 61 90 1
14 4 2 77 28 49 63 89 90 72 59 82 39 1
15 85 30 38 44 90 67 46 21 56 17 61 6 1
16 27 82 80 61 24 47 40 91 71 30 96 40 1
17 35 85 72 72 8 66 5 62 70 72 21 10 2
18 64 2 100 17 37 39 32 27 89 89 30 55 2
19 67 59 63 34 52 100 84 83 81 31 63 73 1
20 7 2 3 9 100 15 97 15 38 41 2 39 3
21 92 57 53 15 13 82 7 21 94 72 100 96 2
22 17 1 62 52 14 10 41 62 36 53 93 89 2
23 57 8 50 82 34 65 36 25 18 51 69 4 2
24 82 30 27 48 71 67 4 56 70 26 41 79 1
25 56 33 28 48 93 70 89 10 75 62 21 80 2
26 65 19 86 54 14 96 10 95 34 36 3 26 2
27 89 61 57 99 26 38 45 74 1 88 24 61 1
28 99 11 12 33 24 56 58 62 65 55 29 84 2
29 74 48 90 27 99 97 93 46 38 88 3 63 3
30 38 99 3 29 75 60 3 90 14 46 74 63 3
31 77 93 2 79 34 58 66 95 4 36 20 69 2
32 97 65 26 95 54 26 80 22 27 74 54 40 3
33 80 54 17 45 61 27 56 63 7 16 30 35 3
34 49 97 5 96 62 94 48 39 14 40 95 44 3
35 10 58 71 93 39 27 45 45 98 51 59 48 2
36 22 17 51 92 87 74 5 4 80 44 34 10 2
37 68 14 21 80 81 47 65 45 23 15 43 26 3
38 12 17 56 60 9 94 65 52 48 92 98 11 3
39 29 48 93 6 58 65 21 20 17 18 30 91 2
40 57 28 54 3 58 77 8 61 18 44 42 2 1
41 55 55 11 29 76 12 29 69 79 3 22 96 3
42 27 75 55 34 84 100 55 73 79 31 80 45 3
43 96 31 41 53 85 84 95 12 91 43 8 8 2
44 24 24 32 3 41 81 86 87 85 80 80 10 3
45 84 8 97 2 9 5 9 89 30 50 70 53 2
46 62 59 42 97 23 28 28 74 77 34 24 41 2
47 26 87 10 69 87 44 83 59 86 4 73 29 1
48 82 20 2 59 23 89 95 38 59 92 81 2 3
49 15 97 91 8 68 26 21 95 71 72 63 27 2
50 84 72 93 14 1 49 28 18 83 20 97 21 2
51 92 89 84 88 77 78 39 32 23 63 74 30 3
52 12 50 25 85 37 27 21 55 63 97 31 69 3
53 14 13 83 76 59 30 28 37 29 11 56 80 1
54 1 38 70 12 38 79 58 48 88 46 31 37 1
55 31 81 80 19 36 58 57 17 28 57 22 24 3
56 40 94 60 41 81 95 60 37 89 58 90 43 2
57 61 28 46 74 30 13 86 15 12 19 19 69 2
58 37 13 14 4 90 86 62 32 88 54 87 79 1
59 4 31 17 58 29 76 78 47 14 24 29 18 1
60 49 10 78 28 98 55 70 87 33 95 88 50 2
61 83 68 24 66 64 65 87 97 74 10 70 64 1
62 99 37 19 15 40 2 12 69 80 11 91 42 2
63 23 32 83 70 36 9 55 59 65 38 92 71 2
64 72 45 40 95 17 54 58 27 54 35 95 55 1
65 54 81 3 20 51 58 53 85 62 37 49 43 1
66 74 30 39 60 3 83 44 43 54 36 27 22 1
67 11 96 71 10 32 25 68 16 99 17 73 9 2
68 22 33 42 16 63 6 49 95 32 27 42 80 1
69 31 23 31 69 24 8 5 6 79 71 41 73 3
