3 80
3054 3592 2865 
0 91 41 76 59 52 78 23 35 33 36 19 20 3
1 72 37 88 80 97 14 25 69 70 87 75 78 2
2 17 55 26 26 26 4 42 73 1 71 35 86 1
3 9 8 86 63 70 9 55 24 38 94 54 56 2
4 55 25 31 76 100 26 15 21 3 13 91 38 1
5 30 23 39 69 47 24 27 65 13 70 48 21 3
6 67 2 15 29 64 55 24 46 97 39 7 27 1
7 1 25 41 63 82 2 93 56 9 71 71 21 1
8 48 54 100 21 61 87 82 76 32 25 43 58 1
9 88 15 48 62 17 16 80 74 97 55 29 56 3
10 40 81 33 27 17 66 6 78 1 53 75 95 3
11 16 4 81 15 53 25 79 71 52 4 14 26 3
12 60 97 21 48 81 90 83 53 2 60 99 93 1
13 39 93 88 40 28 78 94 31 76 66 22 51 1
14 64 10 37 44 9 71 66 7 77 95 90 44 1
15 29 66 74 88 26 3 50 88 86 9 47 60 1
16 39 98 92 85 36 71 93 27 30 56 63 21 2
17 59 61 88 56 24 50 57 34 47 82 38 97 3
18 36 86 72 9 9 31 99 11 26 84 6 43 2
19 11 91 99 58 96 32 9 66 27 28 4 48 3
20 87 58 83 65 80 71 31 36 48 39 80 51 2
21 44 65 5 23 57 90 30 7 50 97 69 86 1
22 53 49 6 100 50 58 33 22 78 58 78 91 1
23 49 84 34 66 26 41 62 66 67 61 58 72 3
24 78 74 23 92 67 11 49 93 34 15 48 87 1
25 100 57 64 72 37 86 39 54 67 34 27 75 2
26 85 39 14 82 34 16 70 70 19 18 33 92 1
27 73 77 33 15 2 54 77 5 89 20 100 31 3
28 47 67 60 89 72 12 22 70 29 64 36 21 2
29 26 80 42 59 51 29 87 87 86 5 81 25 3
30 50 39 15 69 87 100 76 36 10 23 64 27 2
31 65 89 98 75 22 54 27 21 65 92 37 78 2
32 89 81 18 11 54 42 62 83 78 11 100 26 2
33 36 6 81 97 25 79 54 13 73 3 74 57 1
34 1 37 49 36 6 34 45 15 46 100 68 78 3
35 10 46 79 81 39 7 78 75 83 94 5 99 3
36 2 57 31 32 67 14 2 59 38 32 28 73 3
37 48 46 1 12 61 79 81 34 90 67 36 57 1
38 92 41 44 84 89 26 80 94 41 8 63 94 1
39 21 12 77 70 42 29 99 29 80 26 29 62 3
40 85 64 90 39 94 13 86 38 75 46 80 7 1
41 63 19 27 93 84 76 34 56 11 93 36 64 3
42 59 43 87 2 16 60 59 10 16 100 51 87 3
43 16 35 61 65 5 96 12 80 13 44 95 86 1
44 92 64 100 43 9 21 80 98 15 50 8 27 3
45 64 88 77 90 89 85 66 7 1 25 63 23 1
46 82 51 62 89 43 20 85 44 72 65 6 99 2
47 50 39 26 13 11 96 27 47 16 50 1 5 2
48 94 84 14 15 35 53 26 33 28 40 76 26 1
49 19 97 95 16 72 26 59 70 52 73 61 43 3
50 24 36 33 70 41 5 99 88 39 34 3 17 1
51 48 97 40 88 33 86 97 100 66 29 93 83 2
52 20 54 33 89 45 23 46 29 17 7 89 28 3
53 18 1 95 64 63 26 33 77 95 9 39 3 3
54 81 74 50 40 18 7 23 83 67 74 73 19 1
55 31 45 88 83 36 22 57 60 34 41 65 4 1
56 96 26 8 81 29 27 20 91 20 45 78 52 1
57 25 20 10 58 86 97 15 78 33 35 68 28 2
58 65 61 50 52 26 34 100 78 44 97 91 62 2
59 8 3 21 22 33 48 9 31 30 58 13 50 3
60 65 6 86 24 14 43 75 27 46 82 88 27 2
61 27 28 68 26 8 25 90 60 34 70 72 93 3
62 47 5 67 91 88 70 70 68 47 1 25 24 3
63 59 40 11 78 72 17 58 96 19 74 49 52 1
64 36 77 4 27 81 86 52 68 41 22 50 62 1
65 94 29 51 68 99 6 17 50 98 31 94 4 3
66 70 46 35 76 99 99 55 13 8 64 78 38 3
67 47 48 7 62 68 77 1 100 59 76 86 19 1
68 30 33 50 24 71 6 94 33 22 6 66 77 1
69 59 43 59 89 52 36 76 68 85 40 21 38 1
70 18 23 91 65 71 8 16 33 79 18 47 37 3
71 36 67 21 1 5 36 27 87 80 50 42 24 1
72 54 15 27 62 7 16 23 94 14 65 41 61 1
73 63 8 63 11 56 13 17 74 36 57 3 31 1
74 16 33 32 55 49 78 71 25 61 18 22 68 2
75 83 34 16 76 48 19 57 98 67 59 80 61 2
76 19 12 100 58 80 97 51 98 99 52 94 3 1
77 10 88 83 75 55 61 9 73 28 97 6 19 3
78 45 90 34 68 30 39 65 66 53 98 79 54 3
79 21 16 73 94 34 65 68 69 70 45 22 80 1
