3 80
2263 1695 2153 
0 49 51 68 70 79 88 78 39 46 58 36 30 3
1 90 96 37 30 63 73 68 90 24 13 35 89 3
2 20 22 103 100 67 71 14 8 81 74 65 60 3
3 61 63 18 9 56 64 56 76 59 91 93 67 3
4 21 20 59 62 5 13 74 51 64 12 4 98 3
5 83 93 38 48 85 94 81 67 38 29 100 72 1
6 88 93 9 19 51 46 100 87 75 32 72 37 3
7 9 19 62 58 100 96 34 46 95 9 6 33 3
8 22 21 78 87 55 54 63 45 15 93 79 78 2
9 101 94 44 48 87 95 31 70 97 24 32 27 3
10 80 87 37 34 78 72 31 76 71 14 18 82 2
11 44 43 48 53 62 64 62 16 33 52 37 73 2
12 28 28 75 70 11 21 57 14 76 86 50 49 3
13 7 16 63 62 5 1 64 97 59 96 80 31 2
14 30 20 47 55 77 81 5 9 47 6 56 41 2
15 26 36 63 59 87 81 79 34 39 92 31 91 1
16 97 97 80 83 73 70 47 46 63 62 70 17 2
17 29 32 19 26 3 13 23 12 4 43 80 87 2
18 25 33 46 47 75 70 5 79 87 14 76 72 2
19 100 90 52 56 41 31 87 79 85 2 53 31 3
20 54 49 46 55 59 62 81 19 77 23 69 4 2
21 79 71 28 38 6 4 97 80 30 3 54 92 1
22 38 44 1 2 57 53 6 30 54 76 93 59 3
23 102 94 74 69 54 51 77 20 11 69 24 71 1
24 90 100 28 19 45 37 27 7 21 60 37 7 3
25 61 68 74 82 87 97 90 57 44 91 49 6 1
26 1 6 43 48 79 83 34 3 25 76 88 86 1
27 73 75 22 14 61 52 24 91 42 53 79 90 3
28 6 9 42 32 49 54 68 87 13 53 86 10 2
29 77 71 41 49 10 20 39 73 100 59 20 41 3
30 19 13 35 36 67 66 95 18 10 38 50 2 2
31 55 63 43 42 26 28 6 93 50 73 32 20 2
32 100 95 21 26 50 56 15 81 51 5 70 63 3
33 71 81 74 71 50 54 4 20 67 90 58 45 3
34 89 96 96 94 103 93 11 42 71 4 86 10 2
35 81 73 5 7 44 42 50 91 43 47 28 6 2
36 81 76 57 58 40 33 61 98 26 25 66 33 3
37 50 48 20 15 77 81 23 18 2 31 97 58 1
38 28 32 67 74 6 9 27 51 100 12 92 72 3
39 1 2 69 61 16 19 37 53 51 20 28 80 2
40 66 63 44 45 16 20 58 26 23 94 78 28 3
41 96 97 80 80 46 54 61 43 63 100 37 18 2
42 63 54 22 12 68 71 80 84 69 56 13 67 1
43 47 37 65 60 91 90 85 48 4 34 7 50 1
44 31 39 22 17 100 96 23 76 8 3 77 26 3
45 7 6 8 9 1 3 20 17 92 18 91 78 2
46 47 41 77 72 1 10 45 77 41 42 79 74 2
47 25 33 16 16 84 90 62 59 42 43 49 48 1
48 100 95 34 33 68 64 9 65 98 60 88 6 1
49 6 16 33 26 39 37 30 71 32 68 44 73 1
50 104 98 36 33 68 67 59 31 63 75 68 71 2
51 10 12 1 2 7 1 14 19 15 40 78 33 3
52 8 17 52 51 85 86 28 36 99 16 4 26 2
53 42 40 11 2 74 65 88 7 71 50 90 47 2
54 44 48 9 15 82 89 86 24 79 21 97 69 1
55 101 91 35 30 69 68 59 95 22 54 78 26 2
56 32 29 75 83 31 30 2 20 67 84 96 66 2
57 93 86 25 33 70 71 90 81 5 87 43 61 2
58 31 24 8 6 87 89 55 74 39 8 33 49 3
59 58 50 66 76 89 95 80 77 20 99 62 61 3
60 74 64 90 83 1 1 1 51 10 12 26 52 1
61 27 30 34 29 33 27 46 45 68 2 38 4 1
62 54 59 32 38 16 24 80 7 5 61 77 39 2
63 65 66 15 13 47 51 56 88 45 2 51 64 2
64 67 71 27 22 85 80 23 85 20 28 44 95 1
65 17 24 59 62 3 1 11 81 70 35 88 11 3
66 18 24 56 47 81 77 68 24 54 36 17 65 3
67 84 94 10 9 13 23 51 47 74 4 43 72 3
68 92 84 74 66 64 57 11 38 3 44 42 84 2
69 83 89 40 36 74 82 53 96 54 33 70 90 3
70 68 65 19 16 49 58 14 12 17 75 4 99 3
71 81 73 9 8 37 42 43 67 86 35 16 100 2
72 56 62 17 16 64 63 83 84 10 90 65 58 1
73 93 91 86 93 100 96 99 89 21 100 12 49 3
74 102 99 12 22 41 44 57 79 49 41 59 73 2
75 63 60 9 3 55 45 66 10 50 59 61 84 1
76 103 98 53 45 95 91 29 63 4 69 77 50 3
77 47 43 29 29 13 16 54 8 12 8 88 5 2
78 44 48 35 27 1 5 69 9 29 56 88 38 2
79 78 86 50 57 28 35 48 91 9 1 21 32 3
