3 80
3433 3164 3587 
0 49 39 68 58 86 76 85 23 10 92 98 1 2
1 58 48 34 24 11 1 85 16 57 11 47 15 1
2 30 20 64 54 107 97 33 78 41 46 80 8 3
3 58 48 75 65 83 73 6 75 32 92 79 52 2
4 80 70 50 40 21 11 44 6 94 12 99 11 3
5 72 62 80 70 81 71 71 4 22 58 66 8 3
6 73 63 19 9 74 64 25 12 51 6 89 9 3
7 16 6 92 82 77 67 53 10 92 14 21 92 1
8 34 24 84 74 35 25 25 63 60 20 97 85 2
9 53 43 30 20 98 88 28 40 86 3 19 16 3
10 35 25 82 72 36 26 65 47 24 81 48 93 2
11 109 99 17 7 26 16 19 95 53 32 53 95 1
12 91 81 17 7 44 34 10 52 99 50 95 54 1
13 97 87 46 36 102 92 59 93 50 27 74 49 2
14 109 99 48 38 86 76 14 16 77 36 17 7 3
15 19 9 60 50 100 90 76 51 51 86 77 67 1
16 27 17 93 83 60 50 38 13 79 59 60 23 2
17 102 92 55 45 107 97 66 22 49 19 33 39 1
18 52 42 106 96 53 43 90 24 4 80 82 11 1
19 50 40 19 9 87 77 97 85 10 97 42 80 2
20 45 35 84 74 30 20 29 19 43 32 73 59 3
21 15 5 99 89 92 82 88 6 55 94 39 13 3
22 49 39 59 49 70 60 82 92 89 98 19 60 3
23 19 9 91 81 56 46 67 7 59 100 5 15 1
24 54 44 96 86 47 37 55 95 17 44 44 75 1
25 39 29 99 89 52 42 46 71 2 92 82 43 2
26 98 88 36 26 83 73 93 64 24 54 67 35 3
27 90 80 30 20 71 61 18 54 23 74 38 14 2
28 102 92 37 27 63 53 68 76 55 72 88 63 1
29 95 85 59 49 32 22 98 33 100 83 62 56 3
30 30 20 45 35 67 57 91 74 59 2 70 38 1
31 52 42 104 94 49 39 35 80 69 37 74 81 3
32 79 69 65 55 52 42 38 53 12 17 12 6 1
33 42 32 86 76 39 29 2 27 56 16 71 45 1
34 98 88 92 82 87 77 76 50 48 17 69 12 1
35 102 92 38 28 75 65 11 56 12 42 76 41 1
36 71 61 85 75 108 98 20 50 48 18 22 15 2
37 18 8 55 45 91 81 61 2 87 88 54 40 1
38 44 34 110 100 77 67 41 28 16 45 74 10 2
39 17 7 14 4 102 92 8 47 87 32 7 69 1
40 47 37 53 43 52 42 22 53 88 89 84 88 3
41 105 95 102 92 98 88 18 66 76 63 64 2 1
42 53 43 20 10 78 68 69 35 94 50 22 1 1
43 47 37 107 97 68 58 20 88 36 1 67 61 1
44 70 60 28 18 79 69 62 17 74 88 63 28 2
45 84 74 28 18 81 71 72 53 83 32 69 84 2
46 96 86 79 69 53 43 42 7 41 51 17 42 1
47 60 50 52 42 45 35 84 79 69 53 16 80 3
48 22 12 41 31 59 49 11 37 19 76 48 86 2
49 49 39 93 83 38 28 5 86 20 66 24 16 3
50 22 12 36 26 51 41 86 67 92 31 49 52 2
51 102 92 67 57 39 29 41 6 8 92 56 70 2
52 56 46 98 88 33 23 68 2 49 94 66 61 2
53 88 78 16 6 45 35 59 61 79 16 10 91 1
54 29 19 60 50 98 88 81 66 91 66 70 68 2
55 59 49 20 10 88 78 7 54 47 30 59 5 2
56 107 97 30 20 52 42 70 24 6 74 55 22 2
57 82 72 94 84 107 97 19 90 93 99 59 29 2
58 61 51 31 21 110 100 10 38 24 80 74 25 1
59 20 10 37 27 45 35 29 72 99 97 41 89 3
60 31 21 62 52 92 82 7 1 19 82 5 9 1
61 37 27 101 91 74 64 76 48 28 12 72 73 2
62 105 95 84 74 70 60 59 59 84 48 51 88 3
63 92 82 16 6 49 39 27 69 16 3 5 50 1
64 77 67 108 98 38 28 96 83 75 35 25 28 1
65 80 70 16 6 45 35 6 81 68 19 65 74 3
66 75 65 65 55 48 38 2 98 65 27 31 72 3
67 59 49 103 93 40 30 38 21 62 65 43 96 2
68 58 48 56 46 55 45 51 48 73 40 33 4 1
69 75 65 32 22 88 78 81 31 80 63 86 54 1
70 79 69 13 3 48 38 13 88 57 79 71 97 2
71 101 91 61 51 22 12 84 35 44 14 59 78 1
72 102 92 76 66 59 49 11 3 52 36 70 17 1
73 41 31 69 59 106 96 76 73 13 27 6 96 3
74 66 56 41 31 107 97 92 5 68 63 93 98 1
75 99 89 59 49 12 2 44 50 23 38 84 97 3
76 22 12 56 46 99 89 57 19 96 3 7 55 1
77 90 80 35 25 87 77 98 67 49 80 70 9 3
78 72 62 23 13 81 71 77 76 2 64 94 26 2
79 99 89 64 54 28 18 87 24 82 29 58 19 1
