3 80
3067 3192 3217 
0 52 62 84 81 95 99 61 14 55 28 4 10 3
1 22 19 69 61 95 96 24 67 56 57 65 77 2
2 58 53 28 31 5 2 98 19 75 94 69 89 1
3 51 58 8 12 67 59 70 58 13 52 84 66 3
4 1 7 64 57 102 100 9 35 66 68 69 35 1
5 102 96 57 51 104 97 74 82 85 52 70 83 2
6 43 52 72 78 14 5 54 58 15 56 87 12 1
7 40 50 80 89 31 27 96 7 72 1 86 71 2
8 24 28 9 2 65 69 80 95 15 34 97 66 2
9 9 5 52 51 16 6 74 88 97 39 61 19 3
10 32 42 89 89 30 27 60 29 80 54 91 98 2
11 1 6 10 16 37 27 44 20 1 12 75 57 2
12 90 99 45 49 94 92 42 100 78 42 15 31 1
13 80 79 20 17 70 64 57 76 78 51 8 61 2
14 13 11 43 38 73 72 76 67 56 33 47 91 3
15 67 63 75 78 99 100 69 88 21 62 82 50 1
16 9 8 100 94 85 81 80 92 60 76 100 46 3
17 88 91 70 77 62 72 7 29 18 34 78 21 2
18 54 44 62 66 83 81 62 76 22 30 34 13 3
19 15 5 75 79 56 46 87 71 85 39 38 54 3
20 90 88 103 94 1 1 10 12 97 21 47 59 3
21 52 54 22 21 79 87 4 16 90 64 88 34 1
22 61 71 38 29 80 80 70 100 77 61 70 73 2
23 63 65 43 48 15 22 22 1 16 43 56 18 2
24 13 11 38 30 63 56 46 47 46 12 90 69 1
25 73 63 78 77 91 92 40 5 82 26 36 81 3
26 40 37 82 79 18 14 28 35 17 34 66 11 3
27 100 90 28 29 75 67 24 21 37 46 89 80 3
28 51 44 66 67 81 89 34 33 75 67 93 96 2
29 10 10 79 80 56 51 96 9 48 82 93 39 2
30 79 88 11 19 56 49 99 16 99 68 86 74 3
31 63 66 51 45 34 31 49 31 44 10 88 38 1
32 71 78 13 9 34 39 59 55 96 61 19 18 1
33 8 8 95 90 79 81 11 21 95 69 10 4 1
34 89 95 96 93 82 92 30 97 91 32 30 47 2
35 54 64 91 98 30 25 91 40 7 39 57 29 1
36 45 55 34 29 4 12 9 46 52 48 58 96 3
37 44 47 30 22 79 88 55 30 54 80 14 27 2
38 70 71 9 5 48 48 45 28 60 69 68 69 3
39 55 45 4 4 72 62 82 90 23 6 97 57 2
40 21 26 104 100 76 75 27 21 33 56 37 32 2
41 75 68 51 43 33 25 46 54 83 1 89 2 1
42 20 13 87 79 46 38 7 22 89 71 94 78 1
43 100 96 34 27 52 49 26 41 47 16 34 87 3
44 1 10 92 88 62 67 54 22 37 46 25 26 1
45 5 5 6 8 7 10 1 52 97 87 77 63 1
46 61 56 99 95 27 25 89 49 14 40 99 17 3
47 10 12 93 87 69 69 34 48 96 61 52 69 1
48 4 2 38 32 72 63 3 45 1 43 34 61 2
49 79 87 1 5 7 16 68 33 29 43 24 63 3
50 1 5 49 40 89 82 93 58 74 35 59 80 1
51 72 79 77 69 69 68 24 1 33 77 91 16 1
52 31 32 75 66 8 1 55 30 34 87 27 4 3
53 1 7 70 69 33 32 82 100 9 93 95 94 3
54 71 63 36 30 9 4 57 63 55 83 73 91 3
55 31 22 65 61 99 99 41 35 50 39 2 61 2
56 50 40 77 86 41 41 35 39 38 84 74 43 1
57 37 41 74 80 27 26 88 42 40 78 15 20 3
58 36 27 13 9 100 92 60 66 7 38 72 48 2
59 85 85 14 11 37 30 34 13 93 95 6 96 2
60 75 83 4 2 20 28 39 34 83 42 25 34 1
61 8 13 7 12 14 10 16 27 82 48 10 23 1
62 45 38 31 25 7 3 35 50 81 29 50 61 2
63 3 13 45 52 98 90 74 89 60 33 43 83 2
64 100 98 39 49 1 7 94 41 71 88 21 66 3
65 70 63 1 1 35 40 73 38 27 96 46 32 3
66 91 83 8 6 33 36 50 96 74 60 97 36 3
67 63 73 89 88 1 2 39 5 73 7 99 23 2
68 105 95 95 85 77 68 25 20 46 81 92 93 3
69 53 60 94 99 49 45 56 34 100 52 68 16 3
70 37 28 75 79 26 21 35 48 63 1 35 21 1
71 70 72 1 7 47 41 20 69 43 52 76 9 1
72 59 65 4 11 67 66 86 60 85 34 63 42 2
73 9 6 2 8 3 11 62 45 81 91 28 86 2
74 48 42 71 65 79 87 25 95 23 74 89 85 3
75 26 23 72 66 18 8 57 63 85 57 82 65 3
76 76 69 18 16 52 54 81 73 67 66 18 43 2
77 66 62 48 48 32 35 89 67 5 99 39 68 3
78 16 11 99 90 61 68 74 63 47 64 4 81 1
79 33 33 13 12 75 82 55 19 84 69 2 76 3
