3 80
3044 3003 3268 
0 30 29 41 47 73 66 96 58 66 6 7 82 1
1 53 61 1 4 47 38 25 16 8 46 47 11 2
2 13 3 69 74 52 44 29 74 69 14 9 1 3
3 14 8 73 63 1 9 24 100 35 44 34 84 2
4 32 37 78 88 32 38 90 92 81 55 67 90 3
5 57 55 1 1 51 56 83 96 55 47 7 64 1
6 98 90 19 17 48 43 6 98 37 58 94 9 2
7 10 5 48 43 80 82 21 11 44 81 98 3 2
8 52 50 8 17 93 83 58 32 78 88 88 22 1
9 67 63 10 10 74 64 92 82 1 77 4 50 3
10 39 29 59 67 16 14 20 42 48 24 11 91 1
11 103 100 17 11 21 21 74 26 65 88 26 18 1
12 11 21 60 64 15 14 55 28 52 63 4 82 3
13 62 65 4 4 52 50 72 68 70 8 48 96 3
14 78 82 8 16 38 43 95 43 12 99 87 89 2
15 48 42 72 64 96 87 70 90 62 77 98 93 2
16 80 70 52 57 35 43 52 46 56 69 71 96 3
17 32 25 24 20 6 6 57 80 75 24 56 79 1
18 28 22 28 37 57 59 19 80 82 61 96 89 2
19 31 35 12 2 64 68 31 60 68 15 15 63 2
20 36 38 49 45 41 51 23 66 67 74 30 73 2
21 22 29 100 95 70 62 55 80 61 3 78 75 2
22 59 65 22 16 78 74 63 75 31 56 34 75 1
23 77 76 57 58 50 41 90 73 36 60 78 21 2
24 82 86 1 4 16 23 6 34 95 36 97 33 3
25 8 1 13 16 26 30 54 26 37 42 70 59 3
26 83 79 27 22 61 56 75 27 11 53 75 47 2
27 30 21 69 59 89 90 51 81 81 15 28 78 2
28 41 47 77 69 84 92 54 74 15 3 81 75 3
29 58 60 35 31 12 9 48 100 22 78 74 19 3
30 48 55 85 77 17 8 68 17 1 84 15 71 3
31 25 21 1 7 96 86 89 20 55 57 12 37 1
32 47 53 84 91 26 22 62 97 52 81 19 19 2
33 82 90 79 73 53 63 51 32 32 86 16 66 3
34 81 81 80 80 87 78 28 82 41 99 59 82 2
35 32 42 71 77 1 3 91 51 100 7 80 89 1
36 57 65 48 48 24 30 47 98 25 12 6 58 1
37 51 54 29 20 78 87 30 61 62 7 63 39 3
38 29 21 47 56 94 98 72 72 19 97 84 92 2
39 56 64 24 22 73 81 33 30 67 13 11 80 1
40 6 4 78 79 56 61 5 86 84 55 76 33 2
41 67 71 49 53 25 28 55 79 6 94 90 50 1
42 70 63 16 22 83 88 12 57 7 38 31 17 2
43 31 39 78 69 96 92 59 18 8 74 80 11 2
44 23 16 93 95 71 73 82 58 40 30 43 53 3
45 19 12 20 14 21 17 17 1 51 93 30 10 3
46 79 79 15 17 45 48 74 58 65 57 75 93 1
47 16 15 105 97 83 80 20 87 1 68 46 93 2
48 110 100 31 39 78 69 54 23 37 32 63 13 1
49 2 5 8 16 35 26 70 82 53 29 59 21 1
50 34 24 66 58 98 93 4 12 83 4 46 90 1
51 23 25 15 24 20 14 84 2 88 7 9 52 3
52 54 50 79 85 23 19 9 13 15 49 47 24 2
53 61 61 24 24 93 86 62 81 13 33 42 31 2
54 80 86 45 52 10 19 84 47 97 31 67 53 2
55 55 61 89 99 36 38 10 40 97 80 62 43 2
56 15 6 50 53 14 7 32 16 85 54 85 4 2
57 21 12 53 58 98 97 18 96 25 92 44 15 3
58 69 77 69 60 54 50 72 28 92 85 72 23 1
59 101 91 3 10 45 36 65 5 65 83 78 67 1
60 71 66 87 84 1 3 37 33 66 67 75 59 3
61 78 84 85 82 84 81 5 62 27 30 76 50 3
62 71 69 47 47 25 26 90 77 24 79 3 73 1
63 78 76 10 14 52 53 48 96 97 60 94 65 2
64 90 85 48 43 87 94 99 69 11 2 38 4 3
65 17 17 61 56 103 94 29 54 41 45 85 83 3
66 15 18 40 48 70 71 81 12 5 28 94 94 2
67 97 96 1 10 26 25 55 89 3 72 86 92 1
68 59 69 62 60 44 42 76 68 76 67 69 28 1
69 52 55 99 93 48 40 69 12 56 72 74 35 2
70 25 27 68 69 19 12 14 30 98 5 80 36 1
71 72 75 1 9 49 44 51 98 3 82 77 16 3
72 15 15 62 62 23 16 45 21 58 27 91 73 2
73 20 28 34 31 35 33 45 68 25 1 30 62 3
74 48 53 77 75 108 98 100 9 11 89 95 59 3
75 6 6 60 56 106 99 72 37 36 76 28 22 1
76 67 72 9 18 72 65 41 29 56 62 17 55 3
77 41 40 25 27 7 13 98 83 57 31 23 71 1
78 16 10 78 88 69 67 5 98 41 54 28 68 3
79 2 8 80 86 52 57 78 3 90 3 35 17 2
