3 80
3009 2942 3035 
0 14 18 46 36 57 55 68 5 20 36 5 86 3
1 42 38 68 73 15 15 3 24 62 48 72 42 3
2 67 72 44 43 6 13 6 5 59 93 95 54 1
3 3 13 54 60 19 14 51 19 34 79 30 73 3
4 56 50 2 1 48 43 34 25 53 74 75 38 1
5 59 52 98 98 53 53 67 94 69 3 55 33 2
6 35 31 64 58 85 84 83 40 37 73 13 73 2
7 79 74 9 12 49 51 93 4 53 70 38 7 2
8 42 35 6 2 70 76 21 87 81 95 6 2 3
9 59 52 2 7 45 53 39 100 48 37 97 95 1
10 66 74 7 12 64 59 51 26 20 96 64 50 2
11 28 37 55 48 67 58 100 59 86 26 34 9 3
12 49 42 90 85 45 35 57 47 17 78 52 73 1
13 1 2 47 49 87 87 62 98 59 32 67 66 3
14 103 99 41 33 50 60 69 83 20 78 10 90 3
15 15 23 39 45 55 60 52 88 68 39 68 67 1
16 68 59 53 46 23 32 88 6 65 81 75 39 3
17 73 66 65 61 55 55 63 93 38 24 60 69 1
18 12 3 20 26 41 40 63 66 26 72 45 41 3
19 8 12 97 87 49 53 12 96 2 78 93 19 1
20 8 7 13 6 5 12 42 30 45 70 78 99 2
21 49 46 19 12 76 79 41 77 33 34 3 43 2
22 36 38 99 89 55 47 69 86 94 85 72 93 1
23 1 5 88 87 60 62 80 90 3 74 49 77 3
24 80 75 97 93 14 12 72 18 31 51 46 98 2
25 4 6 30 21 43 35 41 74 62 50 23 9 1
26 52 56 88 91 30 33 95 92 46 100 99 8 1
27 16 6 34 36 75 75 85 3 28 14 70 50 3
28 17 12 24 34 60 57 91 46 29 38 81 88 1
29 33 29 110 100 79 70 100 59 46 48 68 42 2
30 80 72 4 2 36 33 29 3 67 65 77 87 1
31 17 18 13 4 88 83 98 16 39 32 8 4 3
32 63 70 105 100 34 31 9 61 45 76 26 19 1
33 53 63 50 54 53 44 60 71 7 70 24 70 2
34 89 90 88 89 95 87 26 23 47 60 60 69 3
35 67 59 77 86 22 20 18 67 100 44 40 89 3
36 101 94 63 69 60 51 52 10 81 32 67 95 3
37 57 55 27 21 84 88 43 73 77 74 31 90 1
38 87 82 34 25 73 67 95 75 68 31 39 32 2
39 21 21 89 79 38 38 14 18 99 98 18 84 3
40 46 49 31 24 101 98 92 54 33 60 81 41 2
41 109 100 91 82 59 57 44 39 99 30 93 79 1
42 92 96 59 63 18 21 98 28 11 78 100 62 3
43 78 80 1 2 43 33 93 88 44 40 81 32 2
44 40 45 31 24 1 2 73 45 16 89 49 48 1
45 8 13 9 15 2 10 98 53 87 34 74 78 2
46 65 64 1 2 39 33 99 95 53 25 86 33 1
47 39 44 28 26 1 1 20 7 65 49 33 11 3
48 6 1 40 32 74 70 7 80 53 23 52 8 1
49 34 26 40 37 62 55 29 84 19 99 32 63 3
50 21 17 53 51 85 86 2 98 82 18 76 24 3
51 53 58 66 57 50 47 3 6 94 14 51 95 2
52 31 35 77 70 1 4 8 97 1 70 18 34 2
53 102 94 65 57 26 19 78 54 87 20 84 56 2
54 74 71 39 37 4 4 71 91 53 85 17 54 3
55 33 38 80 76 14 15 24 15 17 85 39 49 3
56 105 95 40 42 96 96 96 67 97 67 94 83 2
57 72 65 9 3 41 50 5 45 15 7 27 45 3
58 77 74 64 65 49 47 46 97 97 58 96 7 3
59 66 56 68 75 1 1 32 70 98 64 77 97 2
60 57 47 65 65 81 84 93 81 98 85 6 2 2
61 5 1 104 99 103 98 23 92 97 50 74 92 1
62 85 82 69 60 55 47 28 42 61 14 34 58 1
63 27 37 80 75 22 14 50 34 98 13 54 37 2
64 57 58 15 16 75 67 73 79 36 68 65 38 3
65 85 78 8 17 50 55 70 75 64 70 51 93 1
66 63 59 88 89 5 12 76 72 37 57 61 2 2
67 18 17 21 31 39 38 32 35 83 37 39 30 3
68 67 58 41 41 31 31 68 9 79 22 87 74 2
69 98 92 24 30 73 77 41 39 56 83 37 55 1
70 69 64 1 6 42 49 51 64 58 24 27 27 2
71 75 76 11 10 31 37 5 98 67 54 3 72 3
72 12 12 75 67 20 13 82 9 43 81 10 29 2
73 17 13 18 16 11 18 43 27 13 91 17 5 2
74 10 10 39 32 49 55 57 74 90 10 88 93 2
75 51 51 97 93 43 36 48 50 54 87 1 45 2
76 2 1 44 47 86 94 7 70 46 50 94 26 2
77 14 21 6 8 88 94 41 34 88 59 88 79 2
78 52 47 35 25 97 96 64 90 15 38 83 94 3
79 55 61 38 31 18 10 67 36 71 51 16 100 2
