3 80
895 783 845 
0 3 30 87 49 64 67 73 9 58 87 68 65 1
1 79 87 88 21 4 56 82 96 100 71 24 8 3
2 81 89 81 59 90 30 90 62 59 36 7 73 3
3 5 62 81 8 66 63 100 61 44 13 27 58 3
4 98 39 75 89 43 40 51 15 28 26 72 8 2
5 6 52 6 99 15 53 35 48 32 93 25 1 3
6 86 20 35 46 91 73 3 9 62 94 28 10 1
7 76 22 17 61 49 7 34 32 59 18 16 50 1
8 35 88 96 54 48 21 2 20 70 17 90 56 3
9 39 29 8 83 68 30 32 70 59 96 52 63 3
10 24 74 16 21 1 59 98 87 28 30 71 8 1
11 36 66 100 76 73 87 29 62 12 34 64 45 3
12 72 75 32 17 93 68 27 27 48 39 94 74 3
13 39 71 87 17 28 56 34 34 76 6 47 55 1
14 36 99 8 34 81 60 99 94 3 67 98 61 3
15 93 87 37 10 90 32 34 23 70 12 9 66 1
16 59 100 3 86 56 65 2 16 53 69 77 32 3
17 63 99 99 93 36 80 70 43 34 63 73 83 1
18 31 48 68 70 4 93 29 69 56 77 57 51 1
19 54 93 43 59 39 34 3 79 27 84 40 28 3
20 10 60 7 66 3 73 83 89 55 58 10 16 2
21 28 50 88 17 49 83 78 37 28 68 81 89 3
22 17 47 69 5 14 56 49 64 51 86 78 48 3
23 69 73 61 56 46 38 69 50 85 73 91 67 3
24 94 47 38 66 83 84 83 52 54 95 3 42 2
25 19 47 92 61 56 84 72 81 68 81 82 74 2
26 33 73 61 15 82 50 38 52 24 31 49 97 3
27 24 86 85 25 53 55 94 16 67 24 70 42 3
28 67 16 79 39 92 61 78 79 70 42 70 16 2
29 25 90 34 68 50 39 2 28 81 24 96 20 1
30 78 64 42 95 15 25 72 35 60 50 28 57 3
31 81 14 13 1 38 87 50 25 87 12 85 56 2
32 37 74 65 5 2 35 2 20 71 21 40 9 3
33 48 32 92 14 37 5 19 31 27 26 90 48 3
34 76 71 33 69 89 68 88 21 49 53 11 82 2
35 2 20 62 54 31 81 61 23 61 3 76 73 2
36 26 31 62 13 91 96 62 91 11 88 97 8 3
37 96 35 48 2 9 68 59 10 70 13 13 26 2
38 71 59 16 93 68 36 54 79 26 6 55 3 3
39 8 21 73 72 37 30 12 88 85 79 93 58 1
40 9 58 13 32 18 7 31 35 1 5 45 26 2
41 98 32 63 15 19 89 20 20 12 76 31 45 2
42 38 33 75 91 3 58 86 14 35 78 74 52 3
43 24 40 68 71 13 93 36 63 99 56 39 44 3
44 79 90 88 68 96 47 44 37 71 32 68 86 2
45 36 69 48 72 61 66 91 68 79 30 15 47 3
46 93 60 74 99 54 29 23 40 33 18 42 51 3
47 81 36 66 11 42 93 44 25 93 3 3 34 2
48 21 66 34 4 54 35 11 63 38 19 59 92 2
49 22 87 7 97 83 16 7 51 81 86 81 21 3
50 44 81 52 16 61 50 35 67 72 93 73 8 2
51 11 75 4 73 96 64 73 96 41 34 45 22 3
52 60 84 72 18 85 53 9 83 33 10 15 58 3
53 62 63 30 25 99 88 58 62 46 10 47 70 1
54 13 99 81 66 50 32 14 21 16 31 60 91 2
55 39 90 95 29 52 67 50 44 40 68 27 56 1
56 83 24 4 70 24 25 55 21 87 51 68 9 3
57 9 45 85 84 70 30 63 40 43 21 53 42 2
58 69 7 53 89 30 72 86 50 80 94 60 91 2
59 20 49 32 75 37 2 54 30 29 2 37 79 2
60 85 39 5 58 34 76 38 44 77 59 76 51 3
61 19 33 59 24 100 22 97 61 31 9 26 70 1
62 46 58 67 37 87 15 36 40 76 76 1 80 1
63 90 5 51 52 3 90 37 46 64 13 3 11 3
64 39 82 8 33 84 91 2 95 94 96 23 35 2
65 38 35 86 73 35 12 48 89 51 17 83 48 2
66 38 75 94 98 59 28 13 20 88 91 43 28 2
67 50 1 11 16 71 30 84 22 50 20 21 57 2
68 33 91 54 81 66 64 55 93 100 48 85 67 1
69 70 96 63 43 63 81 83 68 29 67 26 96 2
70 66 80 46 23 19 65 13 84 30 69 10 4 2
71 92 60 76 95 61 21 63 67 34 16 52 77 1
72 42 61 14 15 95 62 5 25 71 29 64 4 3
73 6 34 99 36 91 39 6 90 88 3 18 24 3
74 11 58 28 81 36 3 27 60 74 16 46 54 3
75 87 7 19 50 52 92 71 64 4 50 54 21 3
76 31 25 11 64 92 10 55 67 75 35 4 31 3
77 2 34 74 20 47 7 76 42 10 50 42 56 2
78 29 31 17 2 14 80 59 64 62 73 10 96 2
79 28 45 89 24 41 94 40 12 15 55 66 85 1
