3 80
738 774 795 
0 61 51 79 69 98 88 52 58 60 69 5 25 2
1 11 1 88 78 64 54 5 38 97 55 43 72 3
2 33 23 68 58 102 92 46 20 82 29 78 40 3
3 108 98 24 14 33 23 36 97 19 59 33 83 3
4 75 65 46 36 16 6 3 79 71 30 30 92 2
5 81 71 90 80 90 80 71 77 2 80 76 63 1
6 24 14 71 61 25 15 61 66 4 32 90 55 2
7 61 51 38 28 14 4 75 8 65 38 92 57 2
8 29 19 72 62 22 12 92 63 57 78 37 88 3
9 51 41 27 17 96 86 25 44 21 56 24 61 3
10 71 61 25 15 72 62 85 3 82 58 44 41 1
11 62 52 71 61 79 69 90 71 71 23 42 50 2
12 26 16 53 43 79 69 47 68 47 47 76 6 3
13 31 21 79 69 28 18 16 80 16 61 84 9 2
14 85 75 23 13 62 52 73 79 80 91 15 58 1
15 41 31 81 71 14 4 45 77 29 39 91 19 2
16 82 72 49 39 23 13 36 49 60 25 82 85 1
17 52 42 104 94 57 47 14 81 45 93 90 60 1
18 79 69 34 24 88 78 21 1 6 16 76 75 3
19 92 82 52 42 21 11 29 23 51 28 94 57 1
20 49 39 95 85 34 24 79 99 45 4 66 22 3
21 52 42 45 35 29 19 51 91 7 1 20 56 3
22 28 18 39 29 49 39 64 78 87 71 76 63 1
23 68 58 41 31 105 95 99 55 90 43 64 13 1
24 81 71 32 22 74 64 40 75 100 62 3 87 3
25 76 66 37 27 97 87 51 25 50 81 25 46 2
26 93 83 32 22 78 68 30 92 20 72 27 66 1
27 99 89 40 30 80 70 47 28 3 18 96 54 3
28 58 48 92 82 19 9 60 14 18 71 71 31 2
29 12 2 77 67 49 39 8 84 78 98 15 37 3
30 98 88 20 10 43 33 92 4 61 59 88 5 3
31 13 3 58 48 110 100 60 27 88 20 56 70 1
32 102 92 81 71 67 57 52 25 35 33 90 97 2
33 35 25 80 70 24 14 59 24 64 40 81 17 2
34 45 35 40 30 34 24 26 87 48 67 23 74 3
35 43 33 72 62 108 98 98 56 67 44 74 89 3
36 62 52 85 75 99 89 37 49 70 25 47 93 1
37 44 34 80 70 17 7 99 1 96 57 96 23 2
38 75 65 50 40 16 6 78 49 47 85 7 59 2
39 79 69 67 57 64 54 7 17 51 46 87 9 1
40 18 8 25 15 31 21 23 9 47 1 45 11 1
41 87 77 83 73 80 70 93 4 26 18 7 23 3
42 13 3 71 61 38 28 53 91 72 81 76 54 2
43 32 22 93 83 45 35 32 12 87 42 29 98 3
44 29 19 80 70 38 28 4 91 51 17 84 43 2
45 37 27 90 80 34 24 47 95 91 63 35 71 3
46 36 26 18 8 93 83 94 59 75 78 47 42 2
47 65 55 58 48 50 40 73 97 35 61 92 88 2
48 26 16 44 34 63 53 35 83 62 98 38 72 2
49 98 88 43 33 87 77 21 60 53 9 5 13 2
50 93 83 108 98 22 12 69 18 64 19 98 78 3
51 52 42 16 6 89 79 68 6 5 34 53 44 2
52 51 41 94 84 28 18 18 66 96 100 22 48 1
53 45 35 74 64 102 92 58 95 42 94 18 80 1
54 61 51 99 89 38 28 14 16 37 44 58 4 1
55 93 83 53 43 22 12 64 88 92 35 41 54 2
56 27 17 49 39 72 62 77 8 44 17 66 47 3
57 43 33 56 46 68 58 44 29 4 68 28 93 1
58 40 30 11 1 89 79 51 75 49 90 52 56 1
59 70 60 78 68 95 85 92 54 9 51 43 35 2
60 15 5 45 35 76 66 17 38 58 99 50 77 3
61 86 76 59 49 31 21 1 10 66 32 57 97 1
62 37 27 23 13 110 100 48 73 28 100 70 49 2
63 65 55 90 80 22 12 6 83 45 90 36 59 2
64 37 27 67 57 98 88 56 26 97 97 72 92 2
65 109 99 46 36 74 64 94 76 50 13 71 69 2
66 46 36 29 19 19 9 96 61 67 54 21 23 3
67 72 62 17 7 61 51 33 65 98 62 65 94 3
68 81 71 80 70 78 68 78 42 6 39 22 82 1
69 21 11 69 59 26 16 60 91 8 42 74 31 1
70 26 16 61 51 87 77 58 75 34 99 38 14 3
71 58 48 19 9 87 77 31 34 28 78 36 55 2
72 33 23 108 98 90 80 82 74 67 83 12 64 1
73 54 44 91 81 19 9 62 32 97 16 48 63 2
74 62 52 36 26 103 93 100 53 72 5 71 42 2
75 24 14 77 67 37 27 38 16 18 82 49 21 2
76 101 91 36 26 78 68 42 38 55 83 18 5 2
77 60 50 104 94 57 47 25 42 13 34 69 39 2
78 68 58 18 8 77 67 62 82 34 9 5 4 1
79 53 43 17 7 82 72 76 69 23 31 97 77 1
