3 80
2089 2043 2159 
0 20 63 96 82 73 100 54 72 95 96 91 37 3
1 96 72 5 6 21 41 77 82 65 98 94 31 2
2 54 82 62 52 63 23 63 33 28 29 64 49 2
3 22 63 6 9 83 64 80 29 48 51 76 15 1
4 87 8 56 58 32 1 84 33 97 4 1 32 3
5 27 61 35 16 44 62 40 10 11 30 98 76 3
6 99 5 56 31 4 58 61 61 65 81 39 17 1
7 49 31 82 70 22 8 25 87 57 44 62 27 3
8 28 25 81 91 33 58 20 3 49 89 70 84 1
9 8 46 77 100 37 47 85 84 1 12 57 92 3
10 17 47 1 86 94 32 15 33 2 40 79 43 3
11 77 55 49 65 14 76 71 85 73 35 57 82 1
12 53 4 13 54 74 97 45 82 95 18 95 52 3
13 8 44 48 90 89 37 96 4 32 53 72 98 3
14 9 56 81 83 46 17 94 42 44 33 53 2 3
15 82 60 34 83 79 97 13 100 19 38 15 95 2
16 24 25 68 11 21 98 13 89 80 83 90 9 2
17 12 68 48 62 85 57 81 27 35 60 25 53 2
18 88 97 25 19 61 42 73 12 63 35 9 52 1
19 19 46 8 12 4 87 55 8 10 59 19 61 1
20 39 69 36 75 32 82 45 46 90 73 83 69 2
21 77 99 29 66 90 32 18 5 41 54 89 21 3
22 14 28 58 86 11 37 7 42 53 97 85 50 1
23 94 2 86 77 71 59 43 78 49 53 100 54 2
24 3 88 47 7 92 25 96 79 37 1 85 56 3
25 60 24 33 46 97 61 14 11 65 90 97 15 2
26 98 66 26 8 47 43 11 84 40 89 99 54 3
27 93 39 62 70 22 8 47 8 76 87 49 45 1
28 76 21 88 44 1 66 65 43 6 8 57 20 2
29 42 99 59 69 67 40 11 10 91 2 43 61 3
30 19 97 83 28 56 58 84 76 92 9 73 9 1
31 18 31 50 10 75 96 9 48 91 24 55 14 1
32 14 23 42 54 71 84 16 41 43 78 69 79 1
33 9 97 53 87 90 70 74 89 83 57 66 77 3
34 69 52 26 50 82 49 53 80 12 44 30 37 2
35 55 85 15 11 84 46 96 97 15 1 90 65 1
36 11 60 47 42 76 25 77 13 16 55 5 78 1
37 5 40 57 7 18 73 53 35 6 21 85 41 3
38 52 60 5 94 57 37 6 95 3 55 79 84 2
39 61 50 26 9 90 67 65 2 73 91 95 16 1
40 50 23 54 97 59 72 74 78 55 89 92 91 2
41 27 45 84 20 48 2 64 36 81 47 30 42 1
42 91 26 28 92 56 51 61 10 77 8 96 78 1
43 33 33 77 56 22 86 95 77 85 35 86 5 2
44 48 95 57 73 73 52 52 58 15 75 49 80 2
45 69 82 81 77 94 79 86 35 36 59 65 73 1
46 58 5 39 44 19 82 33 47 35 26 89 20 1
47 38 57 15 32 99 14 34 48 34 77 86 9 1
48 34 79 55 9 67 40 87 7 55 16 50 4 3
49 39 16 16 26 92 37 88 91 33 66 86 32 2
50 97 10 5 45 14 79 38 84 11 99 40 27 2
51 68 76 61 74 53 65 87 67 18 27 96 96 2
52 9 21 29 55 42 90 48 39 6 76 56 32 3
53 51 72 19 34 88 97 1 54 99 60 36 34 1
54 46 36 14 11 83 77 86 65 30 71 68 82 1
55 16 75 72 14 29 52 55 11 51 36 1 59 2
56 20 49 33 3 53 58 94 18 60 83 25 83 2
57 90 94 74 33 51 79 98 54 34 88 100 72 1
58 86 8 70 90 47 73 27 93 90 18 60 37 3
59 29 62 41 80 54 7 30 31 22 57 76 61 1
60 10 4 30 23 59 41 50 68 44 9 17 41 3
61 80 74 28 73 69 71 17 82 67 78 33 57 3
62 31 3 52 82 72 60 66 51 87 100 12 71 2
63 7 30 68 77 20 15 81 4 6 41 65 13 1
64 44 63 21 14 89 72 9 69 15 90 74 2 1
65 43 44 91 82 40 21 95 99 7 77 44 65 1
66 51 52 7 75 72 5 52 33 89 76 28 91 1
67 39 46 100 53 60 67 65 51 55 46 12 35 1
68 62 48 75 30 95 21 72 17 51 53 75 47 3
69 7 85 8 32 100 70 4 9 5 32 21 42 3
70 59 69 31 12 12 54 34 10 24 55 81 21 1
71 45 65 29 92 14 26 71 27 68 35 100 5 2
72 11 62 83 16 64 63 79 68 89 53 3 51 2
73 27 79 20 81 20 76 33 58 22 79 28 15 2
74 84 79 1 2 17 24 12 62 71 44 87 4 1
75 88 88 20 31 53 73 88 61 87 66 75 55 3
76 96 30 76 77 57 23 81 56 52 53 96 59 2
77 15 91 87 77 60 64 94 98 44 38 63 7 2
78 70 20 66 99 55 77 6 75 52 1 29 80 3
79 61 94 14 73 74 43 2 67 31 18 19 54 2
