3 80
851 838 880 
0 105 95 24 14 42 32 27 68 59 57 4 8 1
1 74 64 50 40 35 25 29 22 29 55 85 34 2
2 14 4 56 46 91 81 69 53 74 99 33 73 1
3 74 64 83 73 99 89 72 41 91 94 20 57 2
4 56 46 26 16 97 87 98 25 78 11 32 50 3
5 72 62 72 62 81 71 83 50 49 98 35 4 3
6 69 59 23 13 70 60 90 96 18 80 6 19 2
7 24 14 100 90 77 67 59 63 80 8 44 43 2
8 86 76 28 18 79 69 67 35 66 42 17 33 1
9 37 27 14 4 82 72 7 25 49 76 100 40 3
10 15 5 70 60 24 14 34 79 51 99 67 4 3
11 45 35 53 43 62 52 9 28 20 24 29 59 1
12 47 37 73 63 100 90 6 1 1 78 86 92 1
13 77 67 26 16 74 64 74 44 3 81 15 99 2
14 69 59 108 98 46 36 50 37 58 13 15 1 3
15 27 17 68 58 108 98 82 77 80 68 60 70 3
16 75 65 41 31 16 6 5 10 69 61 8 96 3
17 86 76 39 29 91 81 50 25 74 94 3 93 1
18 32 22 78 68 33 23 15 21 11 65 20 74 3
19 94 84 63 53 23 13 65 64 87 88 1 51 3
20 17 7 64 54 102 92 97 48 27 36 23 35 1
21 91 81 75 65 68 58 13 86 37 44 6 80 1
22 97 87 107 97 18 8 95 23 67 17 6 2 1
23 59 49 31 21 96 86 100 13 4 33 75 22 3
24 46 36 88 78 39 29 57 6 10 52 34 74 2
25 95 85 55 45 16 6 38 43 60 12 14 100 3
26 62 52 108 98 47 37 37 98 2 32 29 42 1
27 70 60 110 100 59 49 70 94 36 2 10 14 1
28 70 60 97 87 31 21 50 44 61 90 33 76 3
29 95 85 67 57 40 30 38 99 34 70 13 99 2
30 38 28 61 51 75 65 80 71 2 65 76 24 1
31 64 54 16 6 61 51 27 36 89 22 20 36 1
32 43 33 29 19 16 6 32 77 25 63 71 74 3
33 86 76 38 28 83 73 60 46 15 87 80 90 1
34 70 60 64 54 59 49 49 25 79 54 47 80 2
35 34 24 70 60 107 97 10 46 75 5 92 22 3
36 103 93 25 15 40 30 24 22 41 63 67 49 3
37 34 24 71 61 107 97 83 70 48 7 1 72 2
38 68 58 42 32 109 99 45 35 79 3 50 27 3
39 97 87 94 84 82 72 83 53 91 40 45 35 2
40 99 89 105 95 12 2 40 20 54 3 53 58 1
41 97 87 94 84 90 80 95 76 52 7 87 81 2
42 21 11 80 70 46 36 17 17 34 39 51 48 3
43 59 49 19 9 72 62 70 66 8 94 47 83 1
44 62 52 20 10 71 61 60 59 28 93 24 11 1
45 88 78 40 30 93 83 16 91 64 81 33 51 1
46 96 86 79 69 61 51 29 43 58 52 86 4 1
47 96 86 88 78 81 71 27 60 2 34 38 56 1
48 70 60 89 79 107 97 71 38 66 68 77 17 1
49 65 55 109 99 54 44 6 71 21 44 97 24 1
50 50 40 64 54 79 69 14 67 73 47 97 40 3
51 42 32 15 5 79 69 68 37 100 13 97 15 2
52 40 30 74 64 17 7 88 51 9 100 88 49 1
53 68 58 96 86 25 15 59 84 72 40 86 90 1
54 53 43 92 82 30 20 85 41 2 14 76 82 3
55 95 85 64 54 24 14 37 76 79 8 76 28 1
56 59 49 82 72 104 94 12 83 16 30 92 62 2
57 14 4 18 8 31 21 4 80 14 49 60 42 3
58 21 11 99 89 70 60 99 25 68 74 10 6 1
59 28 18 45 35 53 43 97 10 95 47 77 85 1
60 23 13 54 44 84 74 83 12 66 10 16 9 1
61 85 75 49 39 22 12 1 63 27 75 87 1 1
62 85 75 72 62 58 48 6 79 13 80 65 25 2
63 76 66 100 90 33 23 22 28 9 79 8 41 1
64 45 35 76 66 106 96 68 79 100 81 93 56 2
65 16 6 52 42 81 71 99 82 74 72 64 41 3
66 83 73 73 63 56 46 45 66 79 74 95 12 2
67 47 37 91 81 36 26 18 85 37 87 55 35 3
68 86 76 84 74 83 73 68 28 25 60 61 92 2
69 51 41 108 98 64 54 20 4 78 26 24 88 1
70 31 21 65 55 100 90 20 8 73 57 74 99 1
71 61 51 29 19 90 80 32 31 33 89 15 17 3
72 94 84 68 58 51 41 91 35 38 99 13 74 2
73 61 51 89 79 26 16 62 89 89 6 58 22 1
74 62 52 29 19 95 85 11 58 72 83 32 34 1
75 59 49 11 1 64 54 99 45 4 89 58 47 3
76 82 72 24 14 59 49 22 51 92 31 95 44 2
77 110 100 55 45 107 97 7 79 64 5 100 59 3
78 92 82 51 41 109 99 81 80 62 24 20 7 1
79 67 57 32 22 96 86 59 48 35 61 99 13 2
