3 80
1983 1899 2103 
0 15 97 92 15 68 34 47 19 57 21 12 17 3
1 88 29 96 64 13 98 4 40 39 71 70 45 2
2 17 39 18 10 26 80 69 40 20 23 35 5 1
3 17 12 94 59 70 13 60 62 93 75 83 72 1
4 47 77 15 20 84 70 25 74 28 49 67 91 3
5 66 3 75 57 83 4 70 25 88 27 36 59 2
6 47 58 95 85 44 11 40 2 25 95 1 68 3
7 17 77 49 15 90 54 98 27 59 17 27 31 2
8 32 2 84 69 45 43 31 4 16 36 39 14 3
9 24 87 92 42 53 88 97 95 8 12 98 85 2
10 24 61 9 7 1 46 56 51 53 99 77 52 1
11 56 60 29 71 93 81 2 15 92 83 42 54 1
12 16 89 77 40 37 82 59 10 31 28 65 50 2
13 27 57 68 4 8 42 41 5 58 31 94 50 3
14 72 78 45 4 17 39 44 70 13 69 15 86 2
15 41 74 86 96 38 19 11 42 14 21 94 27 1
16 91 62 36 49 88 27 88 67 89 52 3 63 1
17 83 33 20 28 56 22 81 9 43 60 71 37 2
18 60 26 96 41 33 63 6 92 75 35 19 5 1
19 83 15 79 90 68 56 70 82 34 54 8 38 3
20 79 10 75 17 72 23 18 91 36 73 47 96 3
21 48 25 9 91 69 58 6 9 80 60 96 99 1
22 65 41 18 92 62 50 93 4 19 38 63 75 1
23 77 92 70 66 62 49 35 75 76 35 29 1 3
24 94 14 39 32 83 51 59 83 25 84 88 78 2
25 40 85 12 8 77 22 69 14 98 77 38 64 1
26 65 23 94 58 14 100 33 22 82 41 29 79 2
27 9 9 77 47 38 86 80 44 11 64 69 94 1
28 71 19 84 41 96 64 32 72 68 68 81 62 1
29 34 48 50 19 59 89 48 75 46 32 43 95 1
30 98 31 63 61 35 92 42 58 36 59 48 88 2
31 49 69 82 55 6 42 16 81 53 76 73 50 2
32 25 49 54 79 90 10 24 48 62 47 3 95 2
33 32 14 69 5 13 87 89 81 36 88 38 73 3
34 77 65 25 64 82 62 91 10 82 21 99 45 3
35 78 98 39 33 7 59 14 60 41 69 10 45 2
36 22 49 51 24 87 6 1 20 46 72 92 58 2
37 100 34 53 100 13 75 68 45 28 16 44 7 2
38 12 9 64 44 9 86 75 2 61 55 32 24 2
39 89 32 53 90 10 49 71 33 2 85 59 19 2
40 33 36 38 11 34 93 85 91 90 99 2 96 3
41 63 43 19 17 84 100 99 69 13 23 34 30 2
42 19 83 47 42 76 100 13 30 39 23 27 54 3
43 24 83 77 13 21 44 12 44 86 59 75 7 2
44 64 96 72 67 81 45 2 59 42 83 15 70 1
45 48 76 61 70 73 73 70 43 90 29 53 14 3
46 26 83 6 21 87 60 69 37 41 94 9 26 3
47 10 47 94 21 71 4 23 44 5 55 15 11 3
48 74 72 94 3 15 41 36 64 41 92 72 4 1
49 35 97 11 16 88 26 25 78 42 74 36 71 3
50 20 92 29 26 37 61 25 38 64 35 1 45 2
51 44 29 36 20 29 18 38 77 42 9 67 92 3
52 88 2 1 37 13 71 9 5 6 21 54 62 1
53 2 17 79 80 47 42 21 83 77 19 98 85 3
54 29 14 98 88 66 55 59 43 75 78 86 57 2
55 31 37 88 75 36 6 68 43 3 17 55 87 2
56 52 90 72 37 85 91 34 18 29 16 4 40 1
57 45 16 30 62 14 1 63 46 39 67 68 30 1
58 81 57 58 40 34 22 47 75 90 77 93 43 2
59 24 55 37 82 49 100 41 48 25 84 88 60 2
60 93 22 22 40 42 59 85 10 59 67 64 93 1
61 99 4 40 2 88 1 42 5 12 52 25 72 1
62 39 81 59 59 80 38 98 17 60 68 70 92 3
63 3 68 55 14 16 53 49 33 6 52 83 41 1
64 88 69 64 27 33 78 32 73 11 47 95 70 1
65 90 89 39 28 87 66 62 56 25 75 11 95 2
66 94 10 51 40 15 63 62 99 81 18 14 30 2
67 95 24 55 38 16 45 33 23 35 39 87 20 3
68 94 73 14 56 35 38 4 5 38 11 91 36 3
69 35 91 35 37 28 76 5 14 57 65 56 28 1
70 58 71 39 13 19 56 48 24 41 11 44 11 2
71 68 63 53 97 37 24 56 81 81 69 66 48 1
72 26 11 99 66 79 12 93 70 78 19 2 34 2
73 63 56 63 59 56 61 78 40 35 68 77 95 2
74 44 69 60 91 77 14 96 18 47 12 28 17 2
75 87 98 20 40 52 83 39 81 3 6 54 91 1
76 63 28 44 74 24 21 79 33 78 14 9 30 1
77 54 12 27 99 99 85 85 76 9 89 62 78 2
78 49 30 46 100 34 79 1 33 34 14 21 96 3
79 41 20 1 98 54 69 60 32 41 44 18 16 1
