3 80
884 707 815 
0 1 7 30 26 41 44 94 52 48 16 62 34 3
1 88 80 22 22 61 57 71 3 32 45 72 60 2
2 7 6 69 76 46 47 54 6 9 19 99 56 2
3 64 59 21 13 51 60 44 84 68 50 67 28 2
4 59 64 1 6 64 57 18 2 26 74 61 3 2
5 78 81 25 28 72 82 33 85 7 88 29 45 2
6 49 49 78 75 1 2 34 60 33 57 87 32 3
7 66 71 19 10 65 56 50 76 49 56 85 30 2
8 77 69 33 35 18 10 46 73 19 77 36 85 3
9 64 74 20 20 71 75 48 48 33 49 61 90 3
10 59 67 1 6 57 52 61 41 37 85 91 18 3
11 99 99 3 9 17 20 91 4 15 31 19 99 2
12 14 12 69 62 1 5 87 50 38 55 66 96 1
13 76 80 24 26 66 65 98 76 44 33 33 9 3
14 83 88 13 15 51 49 2 67 70 6 71 4 2
15 49 52 65 67 89 89 15 48 6 17 26 84 3
16 54 61 45 47 30 34 18 85 22 90 38 97 1
17 101 96 91 90 83 85 50 24 13 30 44 88 3
18 69 65 77 87 1 2 90 45 8 32 4 10 1
19 16 14 84 88 57 55 7 59 31 85 67 16 3
20 5 9 18 15 31 22 46 91 5 90 64 96 1
21 37 39 107 98 56 64 96 31 73 89 12 51 2
22 33 36 102 94 52 45 2 97 98 73 27 97 2
23 92 94 72 77 57 51 7 47 45 16 32 15 3
24 50 40 67 59 92 85 70 6 1 77 33 92 3
25 87 96 13 10 34 33 46 30 16 38 4 24 3
26 95 90 29 24 65 67 46 37 61 30 62 22 1
27 4 7 53 46 84 76 34 84 68 50 74 27 3
28 60 69 96 92 11 14 38 83 36 63 69 58 2
29 35 39 12 9 81 80 59 40 34 6 36 40 3
30 1 5 45 36 56 66 50 26 21 40 61 61 2
31 36 43 40 30 15 16 87 19 74 42 23 50 3
32 69 63 90 94 19 24 10 88 29 87 10 18 1
33 92 89 87 79 63 62 42 52 23 88 37 65 3
34 34 24 20 22 27 21 32 100 18 6 80 4 1
35 24 33 53 59 100 94 62 30 73 23 33 43 1
36 70 68 46 50 29 25 90 9 95 97 99 44 2
37 42 44 12 11 69 77 60 43 11 92 45 77 1
38 110 100 41 34 67 77 6 18 69 7 92 29 2
39 22 30 92 89 31 39 41 75 59 69 43 25 2
40 39 43 9 17 102 100 24 87 83 26 72 46 1
41 14 21 103 96 85 78 56 21 58 96 100 33 1
42 90 86 57 52 3 11 23 41 56 78 19 73 1
43 82 85 1 8 47 38 5 12 97 43 60 88 1
44 75 71 45 49 23 28 24 15 92 31 30 47 1
45 102 94 95 89 96 91 51 73 48 12 79 90 3
46 78 73 16 12 44 42 40 37 70 22 59 53 1
47 43 41 21 24 10 6 91 2 5 50 40 68 2
48 76 83 31 21 44 52 76 85 60 28 71 28 2
49 24 16 30 26 36 37 5 8 37 77 85 50 1
50 57 54 89 89 21 23 84 66 33 61 83 17 3
51 38 44 43 34 35 33 37 26 51 79 44 33 2
52 74 73 1 7 43 42 75 48 9 14 12 89 3
53 61 56 22 18 72 81 68 80 70 29 10 4 1
54 86 96 72 63 37 29 66 9 20 80 17 4 3
55 89 83 23 22 57 60 6 41 50 55 80 88 2
56 84 93 40 39 104 94 95 61 5 7 2 79 1
57 94 90 47 37 71 75 13 69 50 12 21 20 1
58 16 20 1 2 93 85 54 69 36 46 3 32 2
59 5 2 34 28 65 55 80 77 55 28 59 32 1
60 81 80 1 7 26 25 84 83 28 2 78 89 1
61 6 6 97 97 96 95 1 75 91 97 73 36 2
62 29 35 7 14 83 92 71 91 75 96 94 64 3
63 1 2 37 41 69 79 76 47 98 86 56 64 2
64 56 63 16 22 74 72 27 80 23 87 44 40 2
65 89 84 18 22 62 61 6 11 63 7 65 26 1
66 89 88 6 11 31 41 98 94 47 65 8 8 2
67 73 70 78 85 81 91 36 24 85 56 59 19 1
68 8 16 90 98 80 89 41 55 78 54 48 20 2
69 46 37 74 84 29 30 55 58 36 50 74 64 3
70 10 13 69 64 1 6 63 60 85 85 23 5 3
71 67 69 1 4 36 30 98 9 4 89 4 24 3
72 76 66 21 12 63 67 72 63 44 5 35 24 2
73 34 31 27 33 28 36 29 25 1 79 96 37 1
74 45 43 76 66 97 88 31 61 2 55 55 6 3
75 32 24 57 67 3 9 53 14 58 30 20 84 3
76 6 14 69 61 11 7 43 53 8 49 95 93 3
77 76 67 58 53 42 40 89 13 78 35 19 88 1
78 93 88 55 59 38 37 96 16 44 76 8 26 2
79 87 90 67 69 29 39 11 22 20 66 3 51 2
