3 80
2918 3007 3404 
0 71 61 90 80 108 98 57 73 93 39 38 74 2
1 100 90 76 66 53 43 80 34 73 3 9 80 1
2 84 74 26 16 61 51 97 14 84 51 85 50 1
3 108 98 17 7 33 23 28 86 4 55 45 72 2
4 42 32 12 2 83 73 54 93 26 95 35 1 2
5 26 16 26 16 35 25 63 37 85 87 69 89 3
6 71 61 25 15 72 62 63 69 41 74 60 97 2
7 66 56 42 32 19 9 85 56 64 95 6 42 2
8 16 6 66 56 109 99 10 35 52 80 56 19 3
9 15 5 84 74 52 42 83 7 96 19 8 15 3
10 41 31 96 86 42 32 70 71 10 55 29 46 1
11 95 85 103 93 12 2 97 56 10 32 87 79 1
12 109 99 35 25 62 52 72 66 36 51 84 32 2
13 11 1 60 50 108 98 76 30 36 70 79 79 3
14 79 69 18 8 64 54 97 86 100 8 58 15 3
15 65 55 106 96 46 36 4 54 13 92 63 47 3
16 49 39 15 5 90 80 11 35 98 37 88 71 3
17 56 46 17 7 69 59 39 7 47 82 27 72 1
18 66 56 20 10 67 57 48 67 88 50 21 23 3
19 32 22 101 91 61 51 44 54 88 65 43 55 2
20 55 45 94 84 40 30 11 58 44 73 23 64 1
21 69 59 61 51 46 36 42 25 52 37 43 34 3
22 67 57 77 67 88 78 26 27 46 67 12 1 1
23 49 39 21 11 86 76 32 87 83 49 75 68 2
24 12 2 54 44 105 95 13 15 98 79 19 83 3
25 57 47 17 7 78 68 93 34 20 7 34 100 3
26 16 6 54 44 101 91 37 89 33 81 80 72 3
27 100 90 40 30 81 71 41 60 91 69 78 63 3
28 76 66 103 93 37 27 54 68 31 26 3 8 2
29 41 31 13 3 78 68 89 3 90 30 42 12 2
30 76 66 91 81 13 3 6 93 86 3 22 56 3
31 50 40 94 84 47 37 8 16 73 35 59 61 3
32 101 91 87 77 66 56 27 46 39 71 26 37 3
33 16 6 68 58 13 3 74 27 68 78 33 98 1
34 16 6 110 100 105 95 64 17 21 56 59 27 1
35 32 22 68 58 105 95 32 26 95 16 53 34 1
36 101 91 23 13 38 28 74 73 80 98 90 47 2
37 56 46 93 83 29 19 51 52 4 77 67 54 3
38 74 64 48 38 15 5 51 82 64 87 99 42 3
39 35 25 24 14 20 10 38 15 25 14 73 18 1
40 17 7 23 13 30 20 48 31 17 96 76 6 2
41 63 53 60 50 56 46 100 84 20 1 69 7 3
42 19 9 86 76 44 34 71 40 76 10 77 46 1
43 49 39 101 91 62 52 95 77 21 58 70 31 1
44 24 14 82 72 33 23 60 36 88 11 5 63 3
45 74 64 26 16 71 61 79 65 87 25 95 78 1
46 46 36 21 11 103 93 80 38 13 12 18 53 1
47 46 36 38 28 23 13 32 58 11 3 38 95 3
48 52 42 71 61 89 79 35 5 34 79 41 22 2
49 91 81 35 25 80 70 84 51 33 54 93 99 3
50 104 94 18 8 33 23 21 15 86 27 49 97 1
51 24 14 97 87 69 59 76 46 22 17 32 90 3
52 18 8 60 50 95 85 40 26 24 25 95 51 3
53 98 88 26 16 55 45 97 90 93 39 43 94 2
54 59 49 98 88 36 26 60 35 63 69 44 15 2
55 41 31 102 92 70 60 57 7 52 79 63 19 1
56 77 67 100 90 22 12 17 56 65 24 72 31 1
57 24 14 36 26 49 39 43 87 80 92 25 100 1
58 31 21 101 91 80 70 48 37 33 100 28 46 1
59 70 60 79 69 95 85 63 7 50 72 83 84 2
60 89 79 20 10 42 32 72 93 62 88 60 77 1
61 59 49 31 21 96 86 23 51 48 74 61 29 1
62 11 1 98 88 76 66 82 54 51 59 29 50 2
63 42 32 74 64 107 97 9 17 29 85 24 21 3
64 43 33 82 72 12 2 58 44 89 13 72 68 2
65 70 60 98 88 27 17 67 30 38 26 19 72 3
66 21 11 11 1 94 84 11 94 91 11 64 3 1
67 61 51 105 95 50 40 27 50 42 66 61 58 3
68 40 30 38 28 37 27 72 76 36 34 5 56 3
69 37 27 94 84 50 40 91 31 56 98 3 48 3
70 53 43 87 77 22 12 10 47 2 8 22 65 1
71 67 57 27 17 96 86 37 78 29 18 66 94 2
72 52 42 34 24 109 99 3 79 83 8 47 42 1
73 31 21 59 49 96 86 64 50 62 15 45 74 2
74 72 62 39 29 105 95 68 79 59 11 40 27 3
75 77 67 29 19 90 80 8 39 39 21 57 99 3
76 92 82 26 16 69 59 23 30 50 86 3 69 3
77 80 70 25 15 77 67 90 5 46 1 28 83 3
78 58 48 17 7 75 65 35 50 44 26 19 3 3
79 65 55 30 20 94 84 73 44 85 84 3 42 2
