3 80
3070 3236 3374 
0 11 7 22 25 41 44 41 40 69 12 78 77 1
1 2 7 49 42 75 84 95 89 21 30 65 78 1
2 42 41 19 12 81 82 12 19 60 52 17 84 2
3 5 10 64 65 21 11 29 72 8 22 68 79 2
4 59 63 1 6 64 56 78 37 32 1 95 60 2
5 40 49 87 95 55 50 20 59 84 52 15 59 1
6 80 72 101 99 22 25 91 67 75 34 20 46 2
7 32 35 70 73 2 12 89 55 65 61 47 36 2
8 19 20 104 95 60 61 64 31 81 58 49 77 1
9 51 49 2 4 45 50 7 5 68 83 56 98 2
10 14 19 55 57 12 4 37 82 78 80 64 88 1
11 66 74 80 85 105 95 29 14 100 26 30 31 1
12 58 63 7 6 62 56 20 77 32 40 26 15 3
13 53 47 95 86 30 32 50 55 5 30 94 43 2
14 15 16 37 42 75 77 95 24 64 28 12 69 2
15 103 96 19 18 43 41 98 88 69 32 87 89 2
16 56 56 33 35 24 21 15 44 39 89 97 3 3
17 14 7 6 2 96 96 76 26 61 50 66 13 1
18 75 84 4 7 33 29 62 4 93 21 87 33 2
19 93 97 74 64 34 38 97 91 71 24 43 81 1
20 72 68 85 75 77 81 92 68 21 6 45 57 2
21 55 63 25 29 103 96 2 82 27 95 92 64 1
22 13 11 63 62 11 20 35 42 39 91 2 38 3
23 26 34 1 8 99 91 89 50 7 20 99 3 2
24 62 56 79 74 96 93 24 95 1 26 14 6 1
25 13 11 34 34 39 48 6 12 54 78 52 29 2
26 34 25 70 60 12 2 76 34 5 53 45 82 2
27 81 83 20 21 69 60 25 47 55 88 60 71 2
28 85 77 100 99 15 22 62 27 45 59 48 5 2
29 87 90 56 61 41 39 2 56 69 8 65 60 1
30 91 97 23 27 68 58 2 51 38 37 73 3 2
31 9 15 97 93 80 80 43 16 91 76 48 22 2
32 92 87 21 17 42 48 46 70 78 4 6 66 2
33 53 44 21 27 24 17 94 8 25 70 86 44 3
34 89 91 96 98 103 96 26 42 24 47 50 29 3
35 73 68 1 3 28 29 50 17 45 44 24 94 1
36 16 15 107 98 75 72 10 3 52 71 37 15 2
37 47 48 17 14 74 81 51 96 90 43 9 39 2
38 45 51 92 94 31 28 45 39 13 96 4 59 2
39 86 78 46 36 95 95 97 68 14 13 93 69 2
40 99 94 71 69 41 43 85 2 74 67 65 44 1
41 30 37 4 11 80 86 80 61 90 30 98 9 3
42 27 29 94 96 53 54 35 56 20 97 77 9 1
43 9 13 35 43 82 74 7 96 18 64 31 77 3
44 70 74 61 53 31 31 34 60 7 38 13 48 1
45 2 6 3 8 4 11 3 35 23 45 36 38 2
46 59 49 87 79 25 18 10 98 75 13 50 35 3
47 75 73 51 55 34 30 3 56 72 52 59 7 1
48 102 94 36 33 70 63 67 48 16 97 52 44 3
49 61 55 67 66 73 76 15 92 73 91 50 2 2
50 1 2 32 36 64 71 89 64 95 69 24 26 2
51 91 91 96 90 80 80 61 50 34 99 47 61 2
52 37 28 62 63 106 97 19 63 39 75 40 56 3
53 35 27 77 82 38 44 45 63 41 3 51 96 2
54 47 56 12 22 106 97 1 41 23 54 14 43 1
55 16 7 50 45 84 84 82 85 16 96 64 30 1
56 87 84 30 39 86 85 94 13 72 57 38 13 1
57 15 18 60 56 105 95 97 28 25 43 39 67 3
58 72 79 59 62 36 44 69 56 53 94 21 21 1
59 18 21 41 40 70 66 75 54 6 12 43 34 3
60 35 28 51 46 59 65 15 30 32 80 68 30 1
61 32 26 23 16 9 15 41 25 56 6 23 18 2
62 1 3 91 81 69 60 27 95 45 79 16 81 1
63 89 90 21 28 71 75 32 45 9 12 76 68 2
64 24 31 82 89 42 40 42 46 75 81 76 26 2
65 53 47 84 86 26 24 89 82 3 22 21 52 1
66 90 100 36 30 53 53 61 49 1 88 51 67 3
67 31 30 34 44 60 59 32 79 20 91 12 42 3
68 38 39 20 22 10 12 11 28 63 60 74 62 3
69 23 29 70 67 19 14 41 63 93 85 37 88 2
70 1 1 43 43 94 86 21 75 65 8 56 53 3
71 78 69 6 3 42 38 99 14 80 36 69 93 1
72 17 9 72 64 4 10 87 96 17 4 65 59 1
73 101 98 1 1 1 3 94 7 79 21 11 86 3
74 72 67 88 97 19 20 51 68 98 36 80 53 3
75 80 88 26 30 80 81 61 17 32 81 19 47 3
76 29 30 71 76 13 23 49 53 68 39 82 41 2
77 1 2 79 89 82 75 41 27 86 12 16 98 2
78 80 76 63 54 25 33 47 72 18 46 73 92 3
79 21 14 91 84 63 63 72 40 75 44 17 100 2
