3 80
856 709 935 
0 14 18 46 37 57 55 4 32 17 20 72 17 1
1 7 11 54 45 80 88 13 26 34 5 42 79 2
2 32 37 15 7 71 78 79 44 21 71 37 81 3
3 62 62 11 8 70 63 87 26 66 55 68 9 2
4 56 51 2 1 48 44 77 59 41 45 84 13 1
5 76 84 36 31 91 85 15 64 95 25 12 58 2
6 12 8 41 34 62 61 79 62 96 76 78 5 3
7 5 10 45 49 96 87 31 30 53 79 99 61 1
8 87 84 43 50 20 17 32 84 91 88 48 2 3
9 85 77 28 31 71 78 89 20 7 15 84 77 3
10 32 22 60 69 9 7 47 100 1 29 98 62 3
11 53 62 65 72 92 83 42 45 72 44 5 60 3
12 84 91 39 41 88 84 16 64 23 29 48 78 3
13 41 43 81 81 31 28 90 74 55 94 68 10 1
14 79 71 9 6 39 32 36 79 56 7 92 52 1
15 61 71 85 94 1 8 42 39 69 72 85 15 3
16 74 72 57 58 42 37 10 6 26 54 20 78 1
17 60 55 50 49 42 44 16 88 77 98 94 8 3
18 85 84 106 98 14 21 2 54 76 94 59 61 1
19 39 37 1 3 72 70 65 78 53 17 17 42 2
20 41 48 46 46 59 53 12 79 90 99 25 80 3
21 31 22 88 89 37 47 41 90 93 38 51 54 1
22 56 63 25 21 75 72 93 23 74 46 84 50 3
23 82 73 54 48 34 30 72 24 68 16 14 83 1
24 60 59 85 78 102 96 58 12 85 74 3 50 3
25 91 91 4 5 30 20 44 5 82 85 60 100 1
26 13 21 47 55 91 98 11 37 54 5 63 64 3
27 18 22 59 61 106 99 1 78 80 77 59 62 3
28 5 4 20 27 56 49 52 42 34 34 41 78 1
29 60 70 50 40 14 19 52 87 22 89 24 85 3
30 81 80 13 11 37 41 21 93 40 90 29 60 1
31 44 46 27 33 23 19 77 30 13 17 99 100 2
32 53 46 82 77 3 7 50 44 43 41 38 44 1
33 21 16 95 98 92 89 70 51 15 19 8 96 2
34 5 15 20 21 27 20 98 34 86 19 56 76 3
35 10 16 47 50 78 77 29 9 87 75 89 32 2
36 55 47 31 29 14 4 65 21 17 79 55 39 3
37 44 43 14 10 84 76 51 57 64 42 86 90 1
38 23 31 70 73 1 8 96 22 76 32 88 51 1
39 78 73 27 32 95 90 32 53 10 61 73 90 3
40 99 98 69 72 49 55 33 27 57 91 100 32 3
41 93 92 69 67 51 49 9 96 97 11 41 63 3
42 55 53 14 11 81 78 16 61 96 77 47 51 2
43 35 44 82 75 100 97 73 67 87 81 76 39 3
44 37 34 7 12 98 91 3 24 10 60 81 99 3
45 92 93 93 96 94 98 6 75 21 2 75 61 1
46 84 88 22 27 66 65 68 34 1 33 59 26 3
47 28 20 98 95 87 77 4 18 70 43 61 96 1
48 88 90 14 20 56 59 78 25 25 36 69 20 3
49 97 87 1 5 25 16 20 75 13 10 43 25 1
50 70 61 10 4 42 38 59 100 54 51 95 31 2
51 8 11 1 1 105 100 83 75 37 22 56 49 1
52 89 80 12 14 58 49 21 33 82 100 69 93 1
53 28 31 89 85 52 48 83 68 64 57 38 9 3
54 5 3 78 78 43 44 6 14 83 73 44 62 1
55 19 14 53 53 87 91 72 91 69 40 50 95 1
56 94 96 58 50 14 5 93 81 15 66 45 43 1
57 30 37 83 84 20 22 86 8 50 62 9 91 3
58 29 23 6 5 85 88 93 58 94 88 45 85 1
59 48 45 61 63 92 90 26 47 42 3 82 25 1
60 95 99 32 26 48 44 82 31 47 15 83 56 2
61 87 89 78 80 77 78 21 1 56 47 38 41 1
62 20 14 98 93 74 71 65 77 99 26 81 98 3
63 46 41 96 88 28 26 18 42 41 24 88 2 3
64 89 90 49 49 107 99 1 90 13 6 17 30 2
65 29 23 71 61 94 100 68 11 33 67 78 63 3
66 41 47 79 70 104 100 89 50 56 21 12 85 2
67 39 49 65 64 68 78 37 61 88 89 11 33 3
68 29 27 11 17 93 100 35 19 21 51 78 100 1
69 100 100 57 47 83 93 28 40 46 3 41 73 3
70 66 76 25 27 68 69 85 52 75 14 62 42 2
71 77 68 5 3 33 37 30 77 42 90 67 6 1
72 63 61 24 15 71 62 32 15 31 91 36 28 3
73 50 46 51 48 44 51 36 76 3 24 49 81 2
74 75 78 6 1 14 23 73 61 30 45 12 30 1
75 87 79 12 22 66 72 23 6 79 76 57 46 3
76 92 85 34 32 84 78 44 43 11 34 85 94 2
77 82 86 64 72 69 59 6 60 74 9 87 18 3
78 44 51 27 30 10 8 71 76 11 15 91 26 1
79 42 37 14 16 84 86 53 24 32 76 19 59 1
