3 80
916 719 787 
0 73 75 50 93 26 12 62 15 59 22 91 63 1
1 38 67 54 10 63 44 78 83 68 46 42 75 1
2 63 77 72 48 72 18 71 92 85 36 35 96 2
3 67 14 44 61 28 7 15 69 75 94 19 11 2
4 85 95 61 46 30 96 31 41 95 47 36 13 1
5 80 97 89 51 97 98 28 83 36 12 98 59 2
6 33 40 81 67 38 93 94 59 95 70 78 87 2
7 71 7 3 45 44 84 18 91 87 42 3 54 3
8 78 80 30 47 83 13 67 94 58 89 86 12 1
9 50 81 10 28 79 82 48 93 72 37 55 54 1
10 62 51 47 89 39 36 5 36 99 38 23 2 2
11 26 34 99 45 63 55 74 21 70 84 66 66 1
12 90 31 51 82 11 24 22 46 34 86 19 56 1
13 17 39 58 86 98 32 51 52 56 12 57 92 3
14 26 12 99 38 63 73 30 86 94 37 19 99 1
15 43 28 96 50 40 73 40 44 90 52 63 9 1
16 9 40 62 27 6 13 1 17 58 10 61 56 3
17 53 15 90 10 26 4 78 23 97 42 35 95 2
18 22 96 58 11 95 33 8 92 45 24 3 6 3
19 73 85 69 52 58 18 43 91 35 40 6 39 1
20 21 40 17 47 14 53 84 70 22 70 70 55 2
21 54 59 15 25 75 84 73 78 51 16 49 47 1
22 67 87 20 38 72 96 80 42 40 89 42 4 2
23 99 42 92 16 76 99 20 47 57 49 52 79 1
24 52 84 97 2 49 21 36 67 29 80 15 59 3
25 10 3 82 18 47 32 39 40 37 27 32 89 3
26 55 61 84 96 4 38 2 64 18 58 60 98 2
27 27 79 95 9 56 48 60 23 10 3 6 78 3
28 37 49 50 71 62 94 61 63 43 17 5 62 3
29 92 78 100 49 17 19 27 43 15 88 21 23 2
30 68 81 41 11 5 34 48 66 53 4 60 35 3
31 91 63 24 49 48 36 86 100 39 10 83 20 2
32 43 83 72 13 100 44 83 15 65 88 90 69 2
33 22 68 67 59 11 41 74 42 51 10 14 93 2
34 7 75 63 74 20 72 58 16 63 38 26 71 3
35 12 24 73 59 41 85 32 41 1 84 83 95 3
36 32 91 61 74 97 56 38 5 59 3 26 83 3
37 22 36 83 2 35 69 70 17 52 50 93 19 3
38 22 39 74 74 19 16 98 89 91 8 86 45 2
39 23 46 87 4 44 63 63 33 98 19 97 52 1
40 3 26 8 1 12 75 8 54 88 87 3 29 1
41 13 1 69 75 34 58 25 61 45 57 92 62 1
42 45 49 81 8 10 74 17 36 44 6 78 97 1
43 82 57 27 87 71 18 36 78 11 39 91 34 1
44 54 54 62 33 71 11 98 62 74 25 10 11 3
45 98 70 11 64 23 67 72 98 26 26 8 69 2
46 52 53 32 91 13 22 79 9 81 17 98 42 3
47 44 97 20 79 5 54 97 61 35 45 40 87 3
48 68 66 88 5 1 35 23 23 56 37 10 6 3
49 93 47 69 66 46 76 55 32 6 18 31 88 2
50 10 70 27 4 35 39 38 38 26 6 76 13 3
51 34 95 26 86 19 84 72 75 1 85 82 1 1
52 14 72 35 15 47 49 42 94 8 4 48 27 2
53 48 75 17 38 85 100 92 92 34 50 19 85 3
54 7 92 76 58 44 25 34 6 12 84 71 16 2
55 77 83 34 13 90 52 24 93 68 51 37 25 3
56 30 68 50 15 71 69 59 100 70 64 96 28 2
57 55 22 40 60 24 7 54 28 59 65 38 25 3
58 31 51 16 34 92 16 36 41 21 69 77 80 2
59 82 85 95 4 7 30 5 33 3 94 10 86 3
60 15 76 36 2 56 21 54 28 46 81 42 17 3
61 89 38 30 36 70 35 30 32 71 26 7 39 1
62 85 15 5 93 26 80 36 79 97 57 58 98 2
63 25 90 77 28 38 67 45 10 22 52 78 19 1
64 18 15 94 73 63 24 53 99 46 28 3 8 1
65 84 19 33 58 89 96 41 90 21 71 6 79 2
66 52 92 9 22 73 45 36 64 85 73 73 40 1
67 69 58 29 72 90 87 17 30 55 93 31 20 3
68 80 35 100 18 13 8 57 60 77 89 66 50 2
69 77 65 77 11 70 50 21 43 94 88 4 88 3
70 32 45 13 87 85 30 65 96 24 14 17 92 1
71 30 57 23 91 7 26 35 76 90 93 64 64 2
72 16 13 89 68 61 14 96 88 77 48 72 1 2
73 13 26 13 29 6 31 3 31 57 50 40 48 2
74 62 91 78 13 95 36 28 59 16 12 80 49 1
75 89 80 22 22 54 65 15 81 95 13 85 21 2
76 81 86 70 32 50 79 86 97 92 18 65 43 1
77 76 74 49 61 21 47 65 21 90 40 12 74 3
78 55 96 44 74 32 53 27 9 74 12 93 89 2
79 55 26 15 96 68 75 30 79 91 19 92 95 1
