3 80
758 865 828 
0 78 41 54 60 31 78 84 46 16 11 54 44 1
1 46 10 63 52 71 87 26 10 29 35 35 59 1
2 8 20 8 90 17 61 71 80 41 24 36 40 3
3 80 57 56 11 33 58 93 40 40 75 54 38 1
4 25 26 2 76 70 27 59 62 17 69 87 72 2
5 41 55 49 2 58 56 79 24 34 94 48 16 1
6 93 79 42 5 90 32 19 93 4 62 77 25 2
7 3 61 36 100 76 38 65 91 20 68 31 100 2
8 66 95 27 69 79 36 31 3 7 38 93 22 1
9 34 40 95 86 63 41 27 58 34 7 81 78 1
10 55 37 47 76 32 22 6 86 92 13 84 10 3
11 47 29 19 39 84 50 31 58 20 97 9 63 3
12 35 54 95 96 56 47 83 28 75 71 38 93 3
13 98 34 38 72 79 19 86 39 78 69 51 78 2
14 63 82 35 17 100 43 31 71 89 26 33 85 2
15 92 14 36 37 89 51 80 67 53 56 74 86 2
16 42 11 94 89 39 76 68 5 36 33 81 60 1
17 74 58 10 44 47 39 28 38 90 29 96 16 2
18 50 67 87 89 23 4 84 20 56 29 99 1 1
19 9 8 98 82 94 49 77 95 55 25 53 37 1
20 89 99 86 5 82 12 33 7 50 88 73 52 2
21 75 33 35 100 96 66 18 52 18 5 4 1 3
22 16 74 68 32 13 83 100 82 1 37 29 87 1
23 8 52 100 27 93 9 94 82 72 8 53 73 3
24 61 58 5 77 50 95 37 20 26 6 8 33 1
25 30 42 3 56 75 71 39 42 14 17 50 44 3
26 88 4 16 46 37 81 5 21 70 85 94 58 3
27 11 1 80 40 40 78 51 87 65 44 6 84 1
28 42 51 54 74 59 96 48 89 7 42 2 56 3
29 100 29 9 99 25 70 77 31 13 47 61 35 2
30 89 47 61 70 26 100 59 56 68 17 93 86 3
31 60 17 92 4 17 90 49 26 2 55 72 25 1
32 24 57 60 88 89 18 12 76 50 92 45 20 2
33 99 51 43 41 88 24 15 48 35 5 92 96 1
34 7 62 64 68 20 67 95 91 72 89 20 44 1
35 89 11 49 37 10 72 42 28 81 21 84 44 1
36 21 10 57 92 86 67 97 59 29 98 48 88 1
37 35 34 87 1 40 67 31 48 77 29 97 28 2
38 62 90 15 32 67 67 93 24 86 49 74 49 2
39 95 64 60 23 24 73 81 29 88 12 100 33 2
40 28 13 24 87 29 62 43 71 6 53 33 50 3
41 69 3 34 86 98 60 22 99 28 75 76 27 3
42 25 100 54 58 90 17 92 72 90 45 59 34 2
43 91 7 35 30 80 60 85 39 71 96 10 13 3
44 38 61 47 39 55 18 12 13 86 35 41 22 2
45 11 68 23 71 36 73 21 70 43 5 47 85 3
46 84 75 65 14 45 44 20 69 3 44 7 70 1
47 64 7 49 90 33 64 47 31 60 52 9 3 2
48 28 73 41 3 61 42 96 61 87 94 41 100 1
49 97 66 74 76 50 87 30 91 9 11 50 61 2
50 95 88 3 23 12 57 51 23 35 89 96 34 3
51 66 42 59 40 51 31 70 100 83 63 56 95 3
52 43 91 55 33 68 68 34 52 39 60 21 52 1
53 89 38 57 92 34 55 99 26 43 24 22 46 1
54 24 6 92 81 61 47 75 80 60 83 100 21 2
55 70 21 18 60 75 98 6 69 87 65 78 33 3
56 98 35 19 81 31 36 50 79 35 67 22 54 1
57 100 92 84 39 69 77 67 93 91 24 11 81 2
58 44 2 20 92 97 75 2 3 11 13 39 72 3
59 87 92 99 10 12 37 32 14 72 96 93 79 3
60 24 58 52 77 73 3 67 4 99 66 93 91 1
61 70 16 18 7 59 5 83 86 1 2 64 51 3
62 77 37 98 16 18 2 73 30 9 60 12 72 3
63 29 52 90 91 42 29 68 68 5 48 5 53 3
64 74 9 43 60 19 18 42 98 5 65 24 55 1
65 37 74 85 12 42 51 10 45 58 39 65 19 1
66 9 34 65 57 30 87 20 31 6 92 40 20 3
67 13 80 74 95 34 9 44 53 53 44 13 60 2
68 40 10 61 100 81 83 82 94 51 48 24 86 3
69 49 59 42 6 42 44 30 8 19 10 57 75 3
70 33 43 5 86 86 28 25 35 30 6 6 34 1
71 7 59 91 94 84 28 28 27 26 64 59 28 2
72 1 64 73 10 46 65 13 94 72 69 39 69 3
73 77 49 70 51 70 54 19 15 40 82 8 77 3
74 2 1 19 24 35 46 48 2 33 63 40 52 1
75 90 62 22 13 55 55 28 14 77 32 8 84 1
76 14 96 2 35 83 81 6 62 28 29 42 71 2
77 37 53 9 39 82 26 99 30 85 88 86 5 3
78 76 94 64 73 61 51 43 67 40 89 94 91 2
79 67 100 28 71 88 49 49 85 35 45 57 17 3
