3 80
1960 1811 2088 
0 38 28 57 47 75 65 98 7 43 8 90 43 3
1 83 73 67 57 44 34 67 57 46 34 21 67 2
2 99 89 41 31 76 66 14 32 10 32 57 34 2
3 91 81 100 90 16 6 68 68 38 8 9 6 2
4 49 39 19 9 90 80 37 10 54 2 63 37 1
5 45 35 53 43 54 44 64 70 89 62 87 61 1
6 70 60 24 14 71 61 17 49 26 83 3 5 2
7 41 31 17 7 102 92 27 34 4 61 21 47 3
8 47 37 97 87 48 38 30 61 2 14 10 7 2
9 26 16 95 85 71 61 29 18 91 88 98 44 2
10 32 22 79 69 33 23 32 44 22 7 48 17 1
11 74 64 74 64 83 73 85 4 48 85 74 41 2
12 24 14 50 40 77 67 39 10 92 82 55 35 2
13 90 80 39 29 95 85 99 48 62 73 26 92 2
14 78 68 17 7 55 45 79 97 100 40 42 79 2
15 100 90 33 23 73 63 12 76 9 42 55 31 1
16 12 2 78 68 53 43 56 79 100 6 73 76 1
17 71 61 24 14 84 74 32 69 75 9 50 29 2
18 49 39 95 85 50 40 62 99 37 64 61 58 3
19 63 53 32 22 92 82 88 50 68 42 86 23 2
20 90 80 29 19 75 65 61 4 65 8 47 73 2
21 84 74 68 58 61 51 20 77 55 43 35 49 1
22 86 76 96 86 107 97 52 98 91 59 77 55 2
23 108 98 72 62 45 35 62 33 3 44 48 86 3
24 75 65 25 15 68 58 58 91 72 93 61 45 3
25 76 66 36 26 97 87 50 90 31 45 82 61 3
26 35 25 81 71 20 10 86 35 51 31 61 7 1
27 31 21 79 69 20 10 45 24 81 42 1 15 1
28 19 9 54 44 80 70 96 96 12 42 42 27 2
29 68 58 40 30 13 3 71 74 67 12 59 83 3
30 103 93 26 16 48 38 44 35 82 75 57 65 3
31 53 43 105 95 58 48 1 99 53 33 65 29 2
32 68 58 54 44 41 31 65 84 80 80 40 14 1
33 51 41 103 93 48 38 19 26 41 68 9 52 2
34 47 37 33 23 28 18 35 59 43 61 24 95 1
35 83 73 19 9 56 46 76 95 61 60 74 22 2
36 52 42 74 64 89 79 62 47 68 16 19 9 3
37 99 89 36 26 72 62 23 65 2 10 70 47 2
38 21 11 95 85 62 52 44 37 26 56 15 69 2
39 62 52 59 49 47 37 97 53 6 49 33 76 2
40 108 98 14 4 21 11 79 99 100 88 13 66 3
41 26 16 23 13 19 9 94 64 93 51 88 25 2
42 70 60 29 19 95 85 85 91 18 73 72 88 1
43 100 90 60 50 21 11 39 80 44 30 92 13 3
44 43 33 101 91 52 42 38 61 67 62 66 2 1
45 85 75 29 19 82 72 6 81 41 48 47 74 2
46 25 15 100 90 82 72 47 6 36 45 66 12 1
47 21 11 13 3 106 96 32 11 32 67 54 58 1
48 11 1 30 20 48 38 42 2 24 24 77 63 1
49 74 64 18 8 71 61 89 76 34 19 9 52 1
50 27 17 41 31 56 46 60 16 84 95 9 35 3
51 83 73 56 46 20 10 22 73 78 4 73 79 2
52 25 15 67 57 102 92 14 96 62 31 43 43 2
53 33 23 61 51 90 80 37 9 65 39 25 57 2
54 106 96 45 35 83 73 32 34 86 70 63 57 2
55 64 54 33 23 101 91 61 62 87 85 84 76 1
56 64 54 87 77 109 99 84 7 10 79 74 23 2
57 15 5 27 17 40 30 25 68 87 27 52 46 3
58 30 20 100 90 71 61 49 15 3 31 11 95 3
59 45 35 62 52 70 60 99 86 56 69 10 28 1
60 56 46 87 77 17 7 76 4 92 48 96 57 2
61 26 16 90 80 63 53 66 22 68 80 54 14 2
62 102 92 81 71 67 57 62 49 93 99 20 7 2
63 13 3 37 27 70 60 85 3 98 68 71 96 1
64 94 84 25 15 55 45 51 25 75 32 21 79 1
65 93 83 21 11 58 48 30 62 38 58 100 81 3
66 56 46 38 28 29 19 40 51 78 15 13 72 3
67 108 98 44 34 89 79 35 5 13 91 59 7 1
68 59 49 57 47 56 46 98 23 97 78 66 84 2
69 44 34 101 91 57 47 13 82 29 82 16 29 1
70 96 86 30 20 57 47 56 25 99 15 92 51 2
71 14 4 82 72 43 33 43 91 67 8 56 66 3
72 23 13 105 95 80 70 83 20 45 53 74 7 3
73 46 36 74 64 11 1 10 31 35 99 63 36 3
74 67 57 34 24 100 90 34 9 35 42 54 72 3
75 68 58 20 10 81 71 16 61 20 79 15 1 3
76 83 73 25 15 60 50 64 34 42 87 80 68 2
77 91 81 44 34 88 78 83 25 10 86 14 51 3
78 21 11 80 70 38 28 82 19 38 7 75 84 1
79 12 2 77 67 41 31 79 84 53 12 99 95 2
