3 80
3544 3304 3041 
0 29 96 5 15 90 33 92 31 93 82 22 71 3
1 13 49 22 91 38 26 77 41 68 27 95 75 2
2 35 75 35 45 44 16 86 29 60 10 34 97 1
3 47 64 23 10 8 65 32 66 64 41 14 32 2
4 68 77 45 19 13 70 89 45 89 54 57 22 2
5 56 70 64 25 73 79 20 27 17 32 99 76 2
6 20 82 69 8 17 43 4 30 63 7 6 89 3
7 14 40 55 79 87 17 98 60 32 6 16 1 2
8 13 54 66 28 26 95 79 81 21 7 13 19 2
9 77 63 46 17 6 72 65 72 19 48 5 67 1
10 10 12 94 51 87 97 74 60 65 38 5 29 1
11 18 36 90 46 63 57 54 26 80 32 84 48 2
12 34 41 94 83 55 34 93 12 37 33 24 56 2
13 69 25 9 63 58 10 27 21 98 90 10 89 3
14 82 5 46 32 19 66 88 85 40 26 25 56 2
15 79 25 23 48 76 70 21 79 76 32 44 46 2
16 89 50 33 36 78 23 67 97 60 43 26 90 2
17 61 45 97 31 34 26 72 52 58 71 73 11 3
18 45 46 82 68 18 91 77 3 4 74 38 38 3
19 84 99 81 65 69 40 17 17 12 45 94 94 2
20 76 70 73 76 69 83 47 88 27 28 11 92 2
21 18 56 78 15 31 81 44 51 76 89 69 16 1
22 3 9 55 67 100 18 17 41 86 59 32 36 3
23 19 23 3 98 96 80 62 47 47 7 69 44 2
24 20 29 64 48 9 66 21 78 17 65 55 73 1
25 1 9 74 23 46 38 70 46 6 81 10 11 2
26 63 59 91 93 12 36 37 24 54 37 53 45 2
27 70 92 31 23 99 61 71 81 64 42 59 76 2
28 85 34 97 57 2 79 87 50 69 61 100 20 3
29 59 100 76 70 84 49 1 75 32 8 16 77 3
30 52 30 24 53 97 83 86 73 39 59 75 60 2
31 55 40 87 27 12 5 5 52 40 50 22 52 2
32 83 80 19 11 48 41 69 76 53 49 1 46 2
33 62 70 6 52 51 43 3 97 20 57 62 39 2
34 62 33 19 31 75 30 31 71 74 31 83 7 1
35 100 42 68 76 29 3 14 77 1 100 32 94 3
36 96 97 32 71 61 54 59 57 10 28 98 53 1
37 14 45 74 12 27 78 79 27 41 96 61 29 1
38 41 61 94 3 38 38 97 92 38 39 88 29 1
39 6 87 71 38 35 96 74 69 54 54 24 94 3
40 91 88 95 62 100 37 69 95 3 59 53 85 2
41 48 50 13 33 77 7 14 57 86 8 57 57 1
42 52 27 81 85 9 44 18 37 95 49 30 67 1
43 50 18 94 49 39 71 90 5 49 16 32 81 3
44 25 100 34 78 42 57 86 42 61 32 86 100 1
45 2 87 14 90 27 92 31 23 23 99 57 12 3
46 23 58 4 97 84 27 15 35 90 14 11 31 1
47 87 70 72 53 48 27 74 35 48 95 63 11 2
48 47 84 68 14 80 53 63 28 15 20 76 76 3
49 48 37 33 55 9 66 32 45 3 88 49 11 1
50 50 39 58 82 67 16 50 97 50 55 82 33 1
51 25 77 18 75 10 66 21 60 40 12 4 79 2
52 66 58 78 92 91 27 5 52 82 32 85 16 2
53 40 89 8 51 77 14 87 1 7 71 59 24 1
54 87 81 55 48 24 14 95 12 70 60 97 82 3
55 93 60 49 99 98 37 69 16 76 24 70 1 3
56 49 82 70 28 82 83 6 34 70 61 18 26 3
57 71 43 55 82 40 28 72 76 31 16 58 99 2
58 3 17 79 99 64 82 70 13 9 31 44 41 1
59 46 67 50 93 63 12 32 7 31 21 80 29 3
60 35 61 63 80 84 6 55 62 63 6 40 88 2
61 49 23 97 22 38 12 29 69 20 4 40 50 2
62 8 48 29 27 49 13 48 54 19 19 18 54 1
63 24 63 85 2 37 40 3 10 98 85 13 46 3
64 49 36 26 95 94 45 81 86 90 100 29 13 1
65 48 53 96 91 45 30 54 83 25 40 56 10 1
66 56 29 20 52 85 82 34 27 54 64 45 11 2
67 28 83 89 98 49 12 42 38 51 87 40 81 1
68 83 97 4 79 24 70 30 80 47 9 78 98 2
69 52 74 45 21 45 67 38 24 9 68 57 74 1
70 52 58 24 1 5 43 43 58 20 84 31 26 1
71 90 62 82 97 67 31 91 49 91 89 27 100 1
72 80 63 52 17 33 64 92 15 44 73 51 84 1
73 48 16 49 18 41 21 76 13 4 4 99 94 2
74 65 100 74 23 90 45 27 7 3 87 76 30 3
75 81 61 13 4 46 46 20 81 25 17 74 16 3
76 61 43 41 90 22 36 68 48 92 96 17 65 1
77 28 48 100 34 73 21 1 15 21 10 17 87 1
78 19 17 15 96 4 74 54 56 14 70 18 81 1
79 86 43 47 14 7 92 77 34 47 56 84 46 1
