3 80
3371 2856 3428 
0 87 74 63 93 48 11 8 70 77 34 30 74 3
1 63 95 80 37 88 72 92 84 9 38 24 61 2
2 81 13 81 83 90 54 72 56 24 6 64 58 3
3 97 58 81 12 58 59 54 88 18 94 52 88 2
4 14 95 83 45 59 96 12 45 36 31 9 75 3
5 70 64 78 19 87 65 26 46 31 90 44 88 2
6 6 64 55 90 11 17 48 58 70 90 41 79 1
7 68 70 9 9 41 47 70 9 89 45 35 82 3
8 51 32 12 98 64 73 62 79 75 26 75 37 3
9 3 57 64 3 32 58 98 77 73 92 46 51 2
10 48 2 32 41 25 87 78 88 100 36 95 80 1
11 96 18 60 28 33 39 32 52 65 88 28 17 2
12 16 83 76 33 37 76 91 41 49 21 62 39 1
13 59 7 99 45 48 92 46 75 79 63 3 74 1
14 28 39 100 66 73 100 72 27 97 38 24 98 3
15 81 79 33 2 78 24 27 31 21 73 56 5 1
16 7 36 59 22 4 1 96 18 71 29 71 79 2
17 31 27 67 21 4 16 14 67 62 95 66 86 1
18 7 16 44 38 80 53 74 67 87 31 88 17 3
19 74 61 63 35 59 2 7 37 40 74 73 48 2
20 18 100 15 6 11 13 11 84 61 23 43 69 1
21 24 90 76 49 37 15 82 11 63 82 36 36 3
22 5 55 57 13 10 64 94 3 12 51 47 22 1
23 33 73 25 56 18 30 19 55 27 86 69 21 3
24 78 99 22 18 67 36 82 16 28 99 11 66 2
25 79 19 44 33 16 48 84 11 29 27 23 5 3
26 53 97 81 31 2 74 55 67 35 45 98 50 3
27 88 54 49 93 17 23 62 45 66 35 21 59 3
28 43 56 55 79 68 1 7 59 66 45 41 76 2
29 17 30 26 100 42 79 72 79 97 62 85 64 3
30 30 72 94 3 67 33 85 98 34 70 25 40 1
31 97 34 29 13 54 99 61 32 34 4 21 95 1
32 1 6 37 37 66 67 16 75 98 47 18 38 2
33 60 24 4 6 41 97 99 41 50 36 80 58 3
34 100 43 57 41 13 40 93 57 78 42 6 4 2
35 34 68 2 2 63 29 77 56 62 90 5 48 1
36 6 39 42 21 71 96 92 10 64 24 72 40 2
37 44 39 96 6 57 72 66 85 72 75 35 71 3
38 51 91 4 33 48 68 12 36 27 98 14 55 1
39 40 93 5 52 69 10 40 45 12 54 43 24 2
40 69 78 65 52 70 27 3 75 96 40 73 66 2
41 98 16 63 91 27 65 7 58 33 82 28 70 2
42 78 93 7 51 43 18 41 69 84 50 15 100 3
43 8 92 52 23 97 45 54 48 69 49 80 55 2
44 7 66 16 44 24 23 79 25 94 17 27 64 3
45 44 81 56 84 69 86 78 16 62 79 71 51 3
46 49 28 30 59 10 97 23 38 86 47 3 91 3
47 21 28 98 3 82 85 47 90 35 36 97 73 2
48 41 78 54 8 74 47 64 97 94 84 28 76 1
49 6 87 91 97 67 16 82 9 23 23 30 33 2
50 48 17 56 60 65 94 5 58 77 84 80 86 2
51 23 43 16 41 8 32 64 97 12 40 32 3 1
52 92 28 12 70 25 5 19 81 60 83 78 19 2
53 78 47 46 9 23 72 81 82 66 86 25 91 2
54 57 51 33 18 2 92 68 72 80 77 73 68 1
55 39 6 95 37 52 75 27 70 91 28 14 97 1
56 27 60 48 14 68 61 46 33 68 23 33 93 2
57 81 41 65 88 50 26 27 39 61 4 18 99 3
58 61 11 37 93 14 76 53 81 73 81 44 98 3
59 4 97 8 23 21 42 86 84 4 18 6 23 3
60 49 23 77 42 98 60 57 15 50 66 61 28 3
61 39 57 79 56 28 54 51 31 97 35 73 16 3
62 54 82 75 69 95 47 52 49 12 31 18 70 1
63 46 77 7 16 59 54 20 68 22 57 40 97 1
64 79 82 56 41 24 91 46 1 66 97 97 69 3
65 42 75 90 13 47 60 76 50 79 95 29 28 3
66 22 11 78 34 43 64 10 39 80 91 6 12 3
67 2 25 63 40 23 54 98 80 34 39 83 83 2
68 69 59 90 49 2 32 71 79 25 100 30 7 3
69 86 48 87 95 79 33 62 38 24 5 73 55 3
70 18 32 98 75 79 17 2 40 28 67 26 38 3
71 60 64 44 99 29 33 7 100 84 48 51 58 1
72 70 65 42 11 23 66 24 86 89 96 82 69 3
73 98 86 99 88 91 91 38 29 51 13 9 78 1
74 75 22 92 45 8 67 18 23 77 6 18 66 1
75 83 43 15 86 48 28 64 74 83 26 100 78 2
76 87 1 67 48 48 94 89 14 23 31 93 24 3
77 50 10 22 96 95 83 5 40 12 87 45 62 3
78 25 91 13 70 2 48 62 24 13 34 45 84 1
79 100 41 61 20 13 90 59 7 43 30 58 42 1
