3 80
2067 2133 1899 
0 49 19 34 37 10 56 62 33 79 22 92 50 2
1 30 83 46 18 55 60 15 37 96 75 53 93 2
2 71 93 72 72 80 42 67 48 37 57 17 17 2
3 59 10 44 65 20 11 13 36 44 17 71 2 3
4 1 51 69 2 46 44 80 53 7 37 92 96 3
5 52 17 53 63 61 18 88 43 74 55 60 18 1
6 53 84 9 11 58 37 9 24 25 16 1 25 1
7 55 47 95 85 36 32 10 70 28 53 97 48 3
8 94 24 46 99 99 65 24 60 77 39 13 43 2
9 6 1 66 56 35 2 6 85 92 63 99 25 3
10 78 71 71 17 55 56 8 74 70 99 43 83 3
11 86 86 51 97 23 7 13 44 4 79 41 18 2
12 34 47 95 90 55 40 6 91 18 3 38 69 1
13 29 75 78 22 18 60 60 89 52 70 83 35 1
14 18 44 91 78 63 5 46 58 21 2 79 64 2
15 31 20 84 42 28 57 63 59 22 99 38 22 2
16 65 76 10 63 62 49 91 77 23 70 14 90 3
17 21 51 58 38 94 32 95 57 73 60 66 82 1
18 98 56 34 79 71 93 77 59 26 69 59 37 3
19 93 53 89 20 78 94 44 56 28 33 83 50 1
20 29 88 25 87 22 93 12 84 57 53 32 43 1
21 50 91 3 57 63 24 50 72 39 82 19 84 3
22 63 95 8 46 60 4 59 59 69 19 19 16 1
23 63 34 56 16 40 99 41 82 34 45 31 31 3
24 36 44 81 62 25 81 71 98 57 77 10 30 1
25 70 75 34 90 7 4 19 78 59 78 7 52 2
26 75 85 4 20 24 54 71 83 28 15 64 99 3
27 91 47 59 85 20 16 73 77 57 45 22 1 2
28 13 89 26 11 30 34 25 32 69 60 67 56 1
29 84 18 92 89 9 59 65 71 66 89 35 97 2
30 20 89 93 11 57 42 89 79 61 88 19 24 3
31 7 83 40 61 64 48 29 79 87 84 18 32 3
32 7 15 36 45 72 76 56 76 57 12 66 84 3
33 34 60 79 51 15 33 88 84 95 82 65 24 2
34 39 47 87 46 44 44 34 83 32 22 20 48 2
35 44 72 5 7 73 33 91 97 66 88 25 3 3
36 12 99 41 82 77 64 66 40 75 5 42 43 1
37 70 40 31 6 83 73 20 24 21 95 86 12 2
38 2 79 54 14 99 56 98 61 75 6 10 17 2
39 55 26 11 84 76 35 58 20 91 31 94 20 2
40 63 46 60 29 64 3 10 28 35 1 98 100 2
41 13 77 77 59 34 34 97 33 9 62 23 61 3
42 85 9 21 68 50 34 10 21 15 17 99 44 1
43 74 9 19 39 63 70 9 86 58 35 61 17 3
44 82 30 90 9 99 87 4 25 76 23 99 47 3
45 6 82 19 84 31 79 56 45 23 36 14 70 3
46 100 21 88 51 69 90 4 37 62 62 70 83 2
47 76 89 60 71 37 46 75 11 71 18 53 35 3
48 88 78 100 9 21 47 12 62 25 17 66 18 3
49 77 47 53 66 30 76 94 97 52 56 10 37 2
50 22 14 31 48 39 83 97 84 39 69 17 34 1
51 46 63 38 54 31 52 94 14 95 65 91 10 1
52 54 24 67 59 79 93 23 13 25 68 29 77 2
53 64 59 33 22 9 84 90 72 11 99 21 38 2
54 51 44 20 10 88 85 25 99 73 1 45 14 3
55 77 91 34 29 90 68 44 87 30 7 9 42 2
56 74 4 94 59 7 5 26 40 1 90 65 32 1
57 35 18 20 56 4 3 19 35 20 68 54 15 3
58 23 63 100 46 84 28 13 27 6 77 75 14 1
59 66 25 79 52 91 78 20 16 2 33 32 26 1
60 79 60 8 78 28 5 3 28 52 77 12 97 1
61 9 70 58 60 98 59 60 58 20 13 47 33 2
62 93 47 13 25 34 4 64 35 90 91 79 99 1
63 81 54 33 92 94 39 68 75 31 14 68 97 1
64 66 23 34 81 11 32 48 61 7 34 16 29 3
65 96 59 45 98 93 36 71 96 21 97 33 32 3
66 36 28 93 58 57 81 96 16 2 67 63 24 1
67 21 82 81 96 42 11 10 70 13 27 41 91 3
68 16 3 28 86 49 76 81 51 34 75 52 13 2
69 1 17 93 63 94 2 94 5 25 59 80 48 2
70 92 97 65 39 45 82 49 37 27 6 26 89 2
71 98 61 91 95 75 30 91 74 65 28 41 43 1
72 36 17 17 64 89 10 28 9 95 37 20 94 1
73 13 78 13 81 6 83 60 40 47 52 57 46 3
74 34 47 50 69 59 100 87 31 13 48 59 88 1
75 85 16 18 58 50 1 56 90 84 64 23 70 1
76 37 70 18 16 98 63 58 67 76 4 36 69 2
77 32 50 5 37 77 23 47 73 29 65 2 15 2
78 51 56 40 34 28 13 53 67 46 59 68 21 1
79 27 22 87 92 48 71 99 1 30 4 11 35 2
