3 80
1927 1789 2155 
0 95 96 6 14 38 33 87 79 60 79 95 53 1
1 70 76 17 19 43 53 29 75 97 10 46 3 2
2 17 10 81 81 56 51 95 44 54 49 36 13 2
3 7 7 53 62 2 8 12 20 30 39 71 23 1
4 75 76 21 19 67 69 98 90 41 17 89 100 2
5 34 38 89 92 44 47 27 64 49 3 2 72 1
6 9 5 38 40 59 66 80 67 63 60 97 89 1
7 93 96 44 34 71 81 55 77 17 84 25 2 1
8 17 13 73 80 37 46 84 79 84 20 53 29 3
9 51 46 94 93 37 47 75 62 36 49 82 72 2
10 62 64 3 2 39 49 30 40 70 17 30 65 2
11 12 11 18 22 30 32 52 22 63 5 84 12 3
12 88 84 45 35 71 77 68 15 70 85 46 95 1
13 88 84 38 31 86 77 92 71 79 33 30 46 3
14 40 33 49 59 100 94 7 14 75 46 76 54 3
15 70 77 107 99 23 14 18 93 29 35 57 70 1
16 36 45 29 32 4 10 44 98 76 25 59 54 3
17 42 48 47 43 37 37 19 91 96 30 72 46 1
18 67 73 88 88 17 10 42 31 26 25 66 42 3
19 78 82 59 49 11 15 10 91 68 66 69 54 3
20 36 29 28 36 41 42 20 88 93 69 41 22 2
21 82 80 52 46 1 5 55 51 20 8 78 89 2
22 90 84 40 35 88 93 6 61 28 36 10 2 3
23 57 55 37 37 22 12 27 90 91 64 43 63 2
24 39 45 56 63 73 82 92 1 7 79 30 24 1
25 17 24 43 39 56 53 3 73 12 76 86 12 3
26 95 94 31 29 73 71 93 54 47 26 40 70 1
27 67 68 14 6 47 37 95 12 33 16 23 86 2
28 40 42 55 64 91 87 21 86 10 11 16 52 3
29 62 59 31 30 108 100 83 27 100 37 83 91 1
30 31 22 42 52 87 83 99 100 9 29 58 39 3
31 22 12 89 90 72 77 72 43 23 84 60 16 1
32 8 4 29 34 58 65 50 90 5 18 93 83 3
33 16 17 1 8 103 98 33 91 65 30 61 58 2
34 97 100 96 99 103 97 72 94 94 85 76 81 1
35 95 85 5 12 50 46 81 43 47 39 64 16 1
36 31 36 22 19 90 93 34 87 53 66 2 41 1
37 45 49 23 15 72 82 94 39 46 32 57 12 2
38 11 20 63 55 89 97 100 20 2 88 94 99 3
39 43 35 90 93 52 44 28 91 95 8 26 23 3
40 39 39 11 14 81 88 21 83 18 58 22 63 1
41 72 66 38 40 22 23 63 65 36 64 34 13 1
42 70 70 29 29 96 87 36 9 84 68 32 9 3
43 56 54 74 76 1 7 76 8 31 45 50 100 2
44 8 11 99 90 69 68 94 58 30 83 60 32 1
45 12 7 5 1 6 4 87 45 81 90 90 69 1
46 24 34 73 64 11 3 10 58 11 55 71 2 2
47 1 2 66 76 57 59 39 59 26 67 84 15 3
48 98 95 24 26 66 64 99 23 24 90 84 45 1
49 72 76 78 87 1 5 1 71 97 18 24 60 2
50 87 95 19 29 72 64 68 81 74 43 77 87 3
51 21 24 13 23 18 13 13 1 56 78 27 79 1
52 14 13 39 48 83 82 68 6 9 53 27 83 1
53 47 52 10 15 79 77 40 19 62 62 42 20 2
54 41 41 6 7 79 82 78 19 40 8 81 67 2
55 94 84 28 22 54 61 9 50 69 10 95 54 2
56 77 73 20 28 68 74 1 23 18 56 81 80 3
57 58 63 11 9 48 48 14 89 25 53 19 65 2
58 67 76 67 59 44 41 32 89 23 8 88 68 3
59 75 78 6 5 35 31 96 77 97 5 64 100 2
60 1 1 29 27 45 46 99 82 90 30 100 53 3
61 38 43 29 33 28 32 21 60 94 52 68 22 3
62 8 16 1 2 78 81 91 11 84 19 54 4 3
63 59 51 91 89 33 28 18 90 18 8 36 38 2
64 12 4 70 62 9 13 33 18 61 14 100 59 2
65 1 8 44 47 86 85 12 1 77 86 49 76 3
66 38 41 63 71 101 94 50 76 9 84 46 75 3
67 52 51 55 65 81 80 1 69 16 17 54 24 3
68 17 20 7 11 89 93 34 92 36 77 58 95 1
69 61 58 8 4 44 51 87 11 78 27 96 90 2
70 44 38 74 80 17 23 11 47 84 98 13 90 2
71 68 70 1 4 45 39 60 63 88 1 96 94 2
72 22 14 69 61 9 15 70 25 54 13 21 14 3
73 77 83 78 86 92 88 3 53 53 28 58 9 2
74 42 32 50 54 81 77 65 51 20 2 81 21 1
75 25 33 71 75 17 18 29 63 84 61 60 80 1
76 56 59 1 5 61 52 84 2 31 30 25 79 2
77 76 83 60 70 63 56 22 75 12 66 1 31 3
78 8 13 99 91 61 70 12 91 100 29 82 88 1
79 66 59 36 37 8 8 16 97 25 60 20 81 3
