3 80
3041 3540 3265 
0 24 30 1 48 77 67 31 85 32 94 89 43 3
1 5 6 13 49 30 83 32 90 25 13 22 34 2
2 90 24 99 95 99 73 72 41 63 55 50 81 3
3 34 13 19 60 95 14 92 74 50 37 60 4 3
4 28 38 4 89 73 39 90 85 95 83 59 25 1
5 95 20 96 66 4 21 95 9 94 27 39 47 1
6 60 43 8 70 65 96 5 19 97 84 99 92 3
7 82 86 22 24 55 63 98 63 69 67 15 75 2
8 17 39 77 6 30 80 80 22 8 3 97 77 3
9 93 4 61 59 22 13 27 43 82 59 78 98 2
10 9 26 2 72 86 11 38 28 14 30 68 45 3
11 97 41 70 52 34 62 31 79 10 99 70 37 1
12 97 18 58 69 18 11 40 28 22 86 14 58 3
13 88 38 29 77 69 23 34 42 39 70 51 20 2
14 45 27 10 61 82 88 76 15 82 42 35 79 2
15 30 39 83 61 27 84 59 59 86 65 36 76 2
16 56 87 1 74 53 60 99 90 35 62 22 9 1
17 40 2 77 97 13 91 48 23 77 97 9 71 1
18 17 75 53 90 90 12 31 91 16 78 42 68 2
19 56 68 44 43 41 9 48 20 86 63 26 100 3
20 8 19 4 26 1 32 27 94 13 79 44 64 1
21 97 82 58 40 10 7 28 31 89 61 47 42 3
22 54 22 7 73 59 31 12 77 15 57 7 13 1
23 2 13 95 87 87 70 46 91 27 22 69 3 3
24 11 55 56 73 100 92 99 72 11 8 90 98 1
25 81 70 53 85 18 99 86 88 80 77 52 9 1
26 30 8 59 51 79 85 51 16 90 41 42 73 2
27 78 62 46 100 15 39 66 42 75 11 98 7 2
28 80 24 93 46 5 69 95 99 26 14 83 48 2
29 51 49 67 20 76 90 83 70 32 59 79 17 2
30 39 64 4 94 76 17 65 41 55 69 27 14 3
31 86 86 19 72 43 51 80 15 23 41 92 48 1
32 94 98 31 28 59 59 31 27 30 51 74 53 2
33 85 79 30 70 74 60 37 13 89 98 70 15 2
34 70 38 18 45 75 43 69 84 80 74 72 95 1
35 31 63 92 90 52 24 32 48 60 92 15 16 3
36 7 78 36 61 72 35 77 11 5 100 10 13 3
37 9 39 62 5 22 72 30 88 4 19 9 16 3
38 1 10 45 53 98 87 88 27 8 82 77 77 1
39 34 69 98 27 63 86 31 86 40 18 70 66 2
40 74 1 79 84 75 58 99 68 42 71 27 73 2
41 84 48 48 22 13 5 25 1 46 31 27 68 1
42 72 76 100 35 37 1 35 90 11 21 45 24 1
43 41 76 86 98 30 29 43 29 93 88 27 27 1
44 33 1 49 80 58 50 40 77 86 76 71 5 3
45 89 81 2 83 14 86 50 4 46 92 96 49 2
46 91 36 71 66 52 5 18 30 45 68 70 39 1
47 59 60 43 42 20 17 70 100 84 74 96 43 3
48 95 77 7 16 28 46 8 7 70 72 91 17 2
49 44 26 20 37 5 47 64 29 71 49 10 63 3
50 73 29 82 63 90 98 42 95 98 82 11 76 1
51 1 30 93 21 86 19 76 71 93 2 30 72 1
52 37 39 50 74 62 8 57 5 81 96 40 38 3
53 91 34 60 89 36 51 10 44 20 88 87 16 1
54 70 59 39 25 7 100 32 92 30 11 67 8 1
55 8 14 57 52 13 91 81 82 58 71 82 93 3
56 81 15 1 70 22 16 59 5 81 3 80 60 2
57 26 65 11 11 95 50 34 45 1 43 12 77 3
58 98 66 75 49 51 31 94 76 75 45 35 38 1
59 33 68 46 87 58 13 73 85 30 12 3 5 1
60 26 79 47 5 67 24 53 75 20 27 42 50 3
61 68 53 9 43 49 42 40 22 3 64 54 63 3
62 16 26 36 4 65 91 4 10 46 86 41 1 1
63 20 1 72 39 33 78 73 63 90 15 58 31 1
64 1 50 69 100 46 59 16 36 10 12 18 67 2
65 95 98 44 37 92 75 91 9 63 7 45 80 2
66 7 87 64 17 28 40 82 18 94 7 94 74 1
67 84 69 44 75 5 90 79 38 8 26 52 33 2
68 23 22 43 5 56 95 75 89 55 27 64 90 1
69 80 80 72 26 73 73 82 58 66 84 48 30 1
70 51 60 32 2 4 45 32 14 89 23 98 81 2
71 21 60 6 94 90 29 91 91 54 69 22 77 3
72 95 12 68 67 48 13 19 24 77 6 92 85 1
73 92 93 84 96 77 98 35 64 11 4 53 26 2
74 25 90 41 12 58 35 100 60 2 92 23 8 2
75 88 71 21 13 53 64 49 52 15 21 31 16 3
76 28 41 9 87 89 26 34 40 18 70 9 36 1
77 67 69 40 56 12 42 25 89 37 63 31 49 2
78 98 19 87 97 83 76 49 97 7 78 36 88 3
79 74 69 34 39 87 18 3 16 29 16 32 5 3
