3 80
2223 1943 2017 
0 92 85 3 3 22 22 100 89 68 17 33 29 1
1 59 53 85 88 32 30 61 50 11 82 16 23 2
2 71 79 56 50 10 20 18 70 54 97 1 81 2
3 17 12 55 59 12 13 66 6 69 44 29 77 2
4 91 81 24 32 91 82 81 17 95 9 46 90 2
5 36 35 91 89 38 36 49 79 52 75 24 41 3
6 46 46 67 73 96 99 51 43 20 3 79 37 3
7 75 65 13 3 32 42 80 39 80 21 86 94 3
8 107 98 63 65 35 39 66 24 78 87 5 84 1
9 43 35 86 90 29 36 99 69 35 19 97 92 1
10 10 9 51 47 87 94 63 92 87 81 23 99 2
11 58 56 64 59 76 69 1 50 86 87 85 88 2
12 1 5 54 56 101 98 99 39 66 6 34 49 2
13 23 29 65 68 21 14 44 68 38 60 51 14 3
14 44 50 74 76 12 11 89 88 13 28 67 75 3
15 58 58 74 72 90 95 39 40 91 32 66 100 3
16 24 34 30 21 1 7 28 99 44 53 55 81 2
17 91 97 75 84 86 78 90 97 13 97 74 7 2
18 51 54 80 77 101 91 21 7 50 34 13 54 2
19 55 59 44 34 96 100 2 1 93 96 83 10 1
20 108 98 1 5 13 11 24 2 42 44 44 59 3
21 101 97 58 63 28 22 31 26 70 13 51 22 2
22 67 57 17 8 73 66 44 63 46 49 95 88 2
23 75 84 60 58 40 41 64 10 34 75 67 51 2
24 21 26 38 44 63 71 38 14 35 20 23 15 1
25 26 29 39 44 65 58 78 52 93 73 43 97 2
26 56 63 92 98 34 40 6 30 52 31 65 79 1
27 61 53 92 83 20 22 53 56 11 69 84 99 1
28 16 7 31 29 46 52 69 96 36 48 27 87 2
29 29 20 93 99 62 69 24 57 28 100 64 46 2
30 50 47 74 77 6 8 35 62 27 71 61 29 3
31 6 1 81 87 64 74 49 14 31 23 97 15 1
32 16 21 45 51 87 82 13 90 23 96 61 70 2
33 95 98 71 81 74 71 10 33 19 72 22 74 2
34 5 9 4 8 11 6 96 63 29 63 24 56 2
35 101 94 27 29 56 55 85 71 67 22 35 19 3
36 67 57 37 40 13 22 64 67 7 89 14 37 1
37 51 50 21 16 91 83 97 8 35 52 92 61 1
38 82 81 29 24 68 58 29 12 37 20 76 58 2
39 87 92 39 42 9 1 17 18 27 24 11 98 1
40 79 84 64 59 34 33 26 46 91 71 24 5 3
41 85 95 59 69 43 52 69 83 48 42 47 89 1
42 5 3 72 62 10 20 75 22 1 11 83 30 1
43 87 87 13 17 39 48 38 43 10 37 39 62 2
44 38 40 29 19 99 97 69 13 10 90 68 2 1
45 93 100 1 2 1 5 52 56 88 37 7 28 1
46 2 11 59 49 84 88 75 52 12 19 82 55 2
47 21 31 10 5 80 88 69 87 59 34 95 42 2
48 86 88 28 27 54 57 41 79 14 29 24 68 2
49 1 5 26 16 32 26 71 36 58 94 67 99 1
50 87 80 19 14 51 49 41 55 92 76 75 2 3
51 51 57 64 56 48 46 59 5 67 98 17 41 1
52 91 98 37 33 60 67 21 55 16 53 38 60 3
53 88 85 51 48 12 10 64 2 1 5 1 14 2
54 35 26 108 100 73 67 66 80 72 79 69 63 3
55 43 53 98 91 24 30 71 43 28 14 63 93 2
56 67 62 23 17 66 71 25 40 50 27 68 9 3
57 9 16 46 54 1 1 25 51 55 2 33 2 1
58 75 73 54 56 39 38 13 15 37 17 91 23 3
59 48 43 79 70 79 88 46 33 90 47 63 58 3
60 78 82 107 100 23 27 27 49 58 78 76 21 1
61 57 60 56 58 55 49 88 1 35 69 38 57 3
62 38 37 14 15 92 94 100 9 96 93 75 84 3
63 1 4 40 50 82 89 39 40 54 61 98 51 2
64 79 85 37 35 97 94 87 9 73 63 3 65 2
65 68 69 20 16 62 54 27 79 6 64 1 77 2
66 86 82 11 12 28 35 15 85 91 72 66 70 2
67 73 72 76 86 2 1 35 88 13 6 17 55 3
68 1 1 86 92 81 74 91 98 25 66 29 69 1
69 86 95 33 41 90 88 89 57 10 48 68 98 2
70 67 75 18 17 69 60 29 11 44 89 32 83 1
71 79 71 7 5 35 40 51 5 62 45 42 51 1
72 19 11 61 66 6 12 50 76 16 68 91 74 2
73 61 68 75 71 76 73 56 14 47 4 4 33 1
74 83 89 4 11 35 34 90 1 36 88 96 67 2
75 75 70 21 12 46 55 47 16 50 93 91 71 1
76 83 88 33 34 75 81 1 34 65 84 39 80 2
77 70 64 54 51 36 37 69 100 13 12 27 66 2
78 44 50 27 28 1 7 42 7 28 19 15 76 2
79 11 12 89 90 53 61 39 80 24 1 68 17 1
