3 80
2103 2168 1949 
0 72 62 90 80 109 99 18 99 36 42 84 52 3
1 78 68 63 53 39 29 80 42 33 67 82 67 2
2 56 46 99 89 33 23 37 10 34 82 66 86 2
3 83 73 91 81 108 98 35 67 7 67 20 32 3
4 106 96 77 67 47 37 23 44 48 74 63 38 1
5 108 98 17 7 17 7 24 27 61 82 97 82 2
6 19 9 74 64 20 10 15 12 64 33 100 85 1
7 28 18 13 3 89 79 35 65 41 14 5 47 1
8 16 6 67 57 109 99 55 90 41 75 77 99 2
9 86 76 54 44 23 13 97 2 60 72 99 70 1
10 74 64 28 18 75 65 100 47 36 83 90 65 1
11 105 95 14 4 22 12 53 64 11 54 6 12 3
12 85 75 12 2 38 28 90 47 12 2 40 84 1
13 30 20 86 76 35 25 96 8 71 19 37 84 1
14 24 14 62 52 101 91 25 52 98 90 62 87 3
15 68 58 100 90 41 31 19 94 18 86 91 97 3
16 97 87 64 54 30 20 50 51 83 2 38 72 3
17 75 65 35 25 88 78 36 86 52 68 63 4 3
18 90 80 37 27 91 81 12 70 83 10 57 34 2
19 79 69 47 37 108 98 53 34 34 30 87 72 3
20 104 94 50 40 89 79 66 28 83 47 23 83 2
21 83 73 76 66 60 50 60 32 64 47 5 22 2
22 91 81 102 92 12 2 39 94 31 56 19 9 3
23 87 77 52 42 24 14 96 46 12 72 69 95 2
24 60 50 103 93 53 43 35 45 31 24 59 19 1
25 31 21 92 82 52 42 99 86 95 18 64 100 2
26 48 38 95 85 33 23 91 52 58 57 83 21 1
27 50 40 99 89 39 29 50 33 72 69 11 22 2
28 49 39 75 65 110 100 98 45 58 94 4 47 1
29 31 21 104 94 76 66 40 75 40 8 5 17 2
30 25 15 39 29 62 52 96 11 83 9 86 95 2
31 12 2 57 47 109 99 68 98 93 65 13 23 1
32 105 95 92 82 78 68 13 3 10 96 18 75 1
33 18 8 71 61 15 5 83 76 33 44 78 27 1
34 104 94 99 89 93 83 25 87 5 18 60 64 3
35 54 44 91 81 27 17 9 42 26 88 98 83 2
36 81 71 96 86 18 8 66 20 64 89 46 2 3
37 63 53 99 89 36 26 73 5 86 47 56 16 2
38 98 88 65 55 39 29 65 21 96 49 62 76 2
39 34 24 22 12 19 9 2 99 18 26 10 72 1
40 57 47 64 54 70 60 65 52 72 12 94 26 3
41 58 48 54 44 51 41 84 7 44 30 72 77 3
42 96 86 54 44 21 11 3 85 68 67 46 34 2
43 79 69 40 30 100 90 39 53 50 25 98 50 3
44 56 46 107 97 65 55 82 31 60 89 33 55 3
45 36 26 89 79 33 23 27 77 32 94 18 18 2
46 15 5 89 79 72 62 93 94 49 24 1 31 2
47 12 2 97 87 89 79 74 57 10 58 92 71 3
48 37 27 55 45 74 64 49 9 19 94 57 70 1
49 73 63 18 8 62 52 32 25 54 76 97 17 1
50 88 78 103 93 17 7 95 40 12 79 33 46 2
51 63 53 35 25 100 90 66 61 15 27 51 31 3
52 82 72 25 15 59 49 11 90 19 100 47 58 3
53 100 90 29 19 57 47 17 75 73 14 98 60 3
54 84 74 22 12 53 43 62 70 100 42 34 8 1
55 80 70 48 38 109 99 25 78 92 72 83 27 1
56 62 52 84 74 107 97 21 60 53 87 85 54 2
57 110 100 23 13 35 25 85 76 53 20 3 30 3
58 79 69 50 40 20 10 45 75 5 2 40 53 2
59 37 27 53 43 62 52 28 26 97 64 31 24 2
60 90 80 20 10 51 41 57 6 43 28 7 49 1
61 105 95 70 60 42 32 54 1 9 91 93 59 1
62 40 30 26 16 13 3 51 80 4 18 79 84 2
63 44 34 69 59 101 91 57 99 1 74 29 35 2
64 20 10 50 40 81 71 40 88 12 54 53 25 2
65 104 94 33 23 69 59 75 86 1 75 3 38 3
66 65 55 56 46 38 28 79 92 84 15 70 5 3
67 31 21 68 58 12 2 98 41 53 54 20 68 2
68 72 62 71 61 69 59 82 66 66 78 63 17 2
69 52 42 100 90 57 47 15 95 67 66 79 96 2
70 17 7 44 34 78 68 35 91 19 10 76 62 2
71 37 27 106 96 66 56 73 8 37 72 74 60 1
72 104 94 87 77 69 59 51 57 96 41 67 77 1
73 49 39 86 76 14 4 83 47 43 52 90 6 1
74 69 59 35 25 102 92 31 62 94 91 29 20 3
75 63 53 16 6 68 58 72 40 15 36 81 87 1
76 32 22 75 65 109 99 67 77 71 75 20 73 2
77 51 41 103 93 48 38 40 17 27 26 45 98 2
78 11 1 69 59 20 10 8 97 93 79 57 26 1
79 40 30 104 94 69 59 68 47 99 56 85 61 2
