3 80
2060 1949 1968 
0 27 17 46 36 64 54 70 2 77 12 96 80 1
1 16 6 92 82 77 67 66 86 23 20 33 41 1
2 76 66 110 100 45 35 62 45 51 21 86 41 1
3 16 6 33 23 41 31 50 52 10 40 72 33 2
4 18 8 88 78 59 49 77 96 30 49 56 50 2
5 18 8 26 16 27 17 59 12 26 68 36 92 3
6 75 65 21 11 68 58 6 55 58 29 66 46 3
7 66 56 50 40 27 17 44 68 85 28 82 23 2
8 60 50 110 100 53 43 20 83 85 51 54 50 3
9 99 89 68 58 44 34 3 21 51 14 56 17 1
10 29 19 76 66 30 20 91 51 18 1 22 68 1
11 31 21 31 21 40 30 55 90 18 35 7 7 1
12 65 55 91 81 18 8 72 93 85 11 40 14 2
13 83 73 40 30 88 78 27 83 76 90 15 3 3
14 39 29 78 68 16 6 35 99 87 14 74 43 1
15 73 63 14 4 54 44 93 57 55 63 72 69 1
16 97 87 71 61 38 28 1 58 25 78 22 4 3
17 40 30 101 91 53 43 42 14 35 75 62 8 1
18 38 28 92 82 47 37 55 43 50 96 97 33 3
19 76 66 37 27 105 95 17 83 66 80 92 4 2
20 35 25 74 64 20 10 39 75 45 92 83 79 3
21 53 43 37 27 30 20 94 96 99 54 95 100 1
22 23 13 33 23 44 34 81 90 72 83 76 28 1
23 89 79 61 51 26 16 15 52 33 56 74 30 2
24 96 86 46 36 89 79 24 18 86 35 30 29 3
25 13 3 73 63 34 24 72 14 69 3 46 3 3
26 80 70 18 8 65 55 68 79 36 39 48 4 2
27 80 70 20 10 69 59 3 39 89 72 9 88 1
28 36 26 71 61 97 87 71 82 49 64 18 75 2
29 49 39 13 3 86 76 74 58 61 35 42 91 1
30 84 74 107 97 21 11 80 66 77 68 18 13 2
31 62 52 106 96 59 49 14 32 50 53 12 91 3
32 65 55 51 41 30 20 76 7 97 36 68 73 1
33 68 58 12 2 57 47 97 82 80 46 50 64 2
34 88 78 82 72 69 59 50 13 31 45 57 41 2
35 64 54 100 90 37 27 64 88 77 27 68 91 3
36 33 23 55 45 78 68 39 10 36 76 19 14 3
37 72 62 109 99 45 35 35 19 33 59 42 95 2
38 106 96 72 62 47 37 99 50 58 17 94 16 3
39 107 97 104 94 92 82 23 74 14 95 76 75 2
40 77 67 75 65 82 72 67 94 52 35 44 73 2
41 47 37 44 34 40 30 39 34 49 39 77 44 3
42 87 77 46 36 12 2 24 42 73 38 76 37 1
43 53 43 13 3 74 64 25 47 10 73 83 93 2
44 16 6 74 64 25 15 75 98 1 22 12 24 3
45 86 76 38 28 83 73 4 6 60 30 36 29 2
46 46 36 29 19 103 93 15 69 89 61 36 47 2
47 82 72 74 64 59 49 38 90 82 85 19 3 3
48 92 82 11 1 37 27 75 86 48 13 19 21 2
49 107 97 51 41 96 86 23 76 83 78 19 27 1
50 32 22 46 36 69 59 51 39 58 59 61 38 2
51 72 62 37 27 109 99 15 89 57 45 18 32 2
52 102 92 36 26 79 69 48 50 86 89 3 59 1
53 78 68 106 96 35 25 60 98 56 96 78 96 3
54 91 81 30 20 60 50 99 82 5 69 74 53 1
55 77 67 38 28 106 96 71 65 90 8 70 70 2
56 29 19 52 42 74 64 27 9 55 39 25 98 2
57 48 38 60 50 73 63 50 51 46 79 13 52 3
58 91 81 61 51 40 30 2 26 76 55 35 95 2
59 78 68 87 77 103 93 49 28 52 28 45 46 2
60 81 71 12 2 42 32 23 52 77 63 70 32 3
61 107 97 79 69 44 34 34 90 9 17 26 5 1
62 91 81 78 68 64 54 72 23 23 43 78 96 2
63 34 24 58 48 91 81 31 98 2 70 59 48 1
64 11 1 42 32 72 62 8 54 55 36 16 77 3
65 98 88 34 24 63 53 74 58 99 64 74 77 3
66 29 19 19 9 102 92 92 88 46 7 14 43 2
67 57 47 93 83 38 28 99 91 9 32 60 69 3
68 68 58 66 56 65 55 37 58 47 64 2 37 1
69 13 3 70 60 26 16 88 87 27 4 64 75 1
70 105 95 39 29 74 64 39 10 84 16 89 86 2
71 35 25 95 85 56 46 3 65 11 91 96 65 3
72 44 34 26 16 109 99 70 5 6 57 83 60 3
73 51 41 79 69 16 6 67 72 69 33 16 69 2
74 68 58 35 25 101 91 30 15 63 20 54 12 1
75 29 19 81 71 42 32 99 5 13 39 14 23 3
76 52 42 86 76 29 19 18 84 34 21 43 39 1
77 100 90 45 35 97 87 94 89 56 8 79 72 3
78 78 68 37 27 95 85 6 24 63 9 87 38 3
79 33 23 98 88 62 52 87 14 29 18 19 2 2
