4 10
324 460 432 327 
0 65 55 83 73 102 92 20 10 43 97 16 14 17 2 50 22 94 99 79 71 2
1 31 21 108 98 84 74 61 51 50 55 22 29 66 56 3 50 11 44 82 20 1
2 33 23 68 58 110 100 45 35 68 19 88 3 85 74 10 52 95 54 91 24 2
3 40 30 48 38 65 55 73 63 19 33 50 90 55 59 84 93 1 100 26 68 4
4 19 9 98 88 68 58 39 29 22 93 29 91 77 3 94 36 77 1 19 55 4
5 13 3 14 4 22 12 23 13 31 31 75 71 7 34 96 58 35 29 67 13 3
6 24 14 79 69 25 15 72 62 10 18 34 97 16 3 81 55 3 64 99 19 4
7 81 71 58 48 34 24 19 9 10 78 16 30 77 32 36 36 79 18 34 54 2
8 109 99 60 50 102 92 53 43 35 72 49 45 11 4 67 33 42 96 53 86 1
9 91 81 59 49 28 18 104 94 46 23 5 46 57 78 22 78 98 37 74 15 3
