4 10
257 399 457 432 
0 17 7 35 25 54 44 72 62 91 20 40 8 24 86 61 56 76 17 42 19 1
1 103 93 80 70 56 46 33 23 82 69 14 47 5 55 46 2 81 93 40 72 1
2 25 15 68 58 102 92 45 35 41 8 93 12 46 14 52 65 26 25 91 36 3
3 40 30 56 46 65 55 81 71 27 86 19 57 72 99 66 21 49 2 8 9 3
4 47 37 18 8 88 78 67 57 63 20 50 75 86 19 64 47 34 2 72 55 1
5 77 67 78 68 86 76 87 77 84 33 34 76 69 3 34 22 55 35 57 29 2
6 28 18 75 65 29 19 76 66 2 39 28 9 23 94 89 31 77 41 45 11 2
7 45 35 30 20 106 96 83 73 41 68 30 37 15 61 82 19 91 69 26 29 1
8 21 11 72 62 22 12 65 55 60 59 25 18 74 72 42 88 16 11 20 16 1
9 19 9 87 77 64 54 32 22 24 82 67 95 97 53 65 82 64 26 84 50 2
