4 10
445 428 389 366 
0 16 19 27 37 46 56 78 74 38 26 91 81 66 38 29 13 79 21 77 75 3
1 91 91 38 34 64 68 11 11 56 79 12 23 73 68 66 35 52 51 95 62 3
2 91 97 76 68 30 38 15 9 91 89 77 34 64 8 85 21 67 2 31 82 2
3 9 18 68 65 17 11 76 66 51 34 30 11 66 41 44 83 32 20 75 16 1
4 89 99 43 50 110 100 56 51 42 97 12 92 59 90 37 26 42 51 63 41 1
5 77 73 24 27 71 74 26 28 60 77 72 56 19 18 78 81 60 45 40 74 4
6 8 12 37 39 58 65 100 92 66 68 50 79 36 86 95 11 47 56 86 84 2
7 48 51 94 97 34 36 64 74 56 54 10 80 91 91 32 91 37 3 18 26 3
8 8 4 64 71 41 37 5 4 4 43 25 42 94 86 75 32 82 39 92 9 2
9 93 93 57 48 8 2 43 49 36 77 12 66 81 62 60 49 63 21 51 57 3
