4 10
242 270 207 239 
0 11 17 88 35 64 54 49 72 51 76 15 78 59 43 93 43 93 72 63 80 1
1 44 97 52 32 69 74 77 9 3 5 8 92 13 47 35 35 5 16 97 66 4
2 69 91 78 62 78 40 87 11 67 17 3 52 31 15 33 38 88 72 29 3 3
3 81 12 58 67 42 13 19 68 23 53 84 54 54 19 47 43 41 59 27 45 4
4 3 77 79 20 48 70 16 21 9 60 54 89 14 78 17 31 54 51 95 27 3
5 14 19 15 65 23 20 32 66 18 90 41 42 31 20 46 24 36 4 40 51 3
6 27 42 75 69 32 95 80 22 12 94 8 35 42 13 65 58 77 91 57 60 2
7 97 45 37 83 70 22 10 60 39 67 2 42 33 31 29 51 61 68 85 11 3
8 84 78 36 53 89 19 49 86 28 44 32 43 60 27 12 45 72 80 96 7 3
9 8 7 68 54 37 8 97 63 55 9 15 26 66 35 38 71 38 52 33 77 4
