4 10
264 246 175 257 
0 25 91 2 9 78 28 63 46 46 29 40 95 37 88 22 78 6 93 8 12 4
1 94 43 2 86 19 20 27 63 65 29 41 86 2 68 9 16 59 51 69 27 2
2 87 81 96 52 96 22 5 93 9 100 83 26 62 67 29 41 20 9 97 67 3
3 95 14 80 61 56 15 33 62 41 7 74 9 2 25 95 1 74 81 91 20 3
4 93 71 61 14 38 64 6 15 94 46 24 82 48 71 20 34 73 6 10 53 4
5 40 21 49 67 57 22 58 68 16 28 72 57 63 50 90 91 35 78 51 43 3
6 29 48 85 75 34 1 82 28 36 53 62 80 98 54 39 70 84 64 41 65 1
7 43 99 83 37 24 76 56 14 97 51 17 93 46 4 44 63 82 99 84 79 1
8 2 52 54 27 15 93 67 60 20 23 3 10 18 26 47 24 99 80 82 2 3
9 66 9 34 64 95 10 63 65 67 92 59 64 84 18 24 87 82 78 6 88 3
