4 10
343 400 367 584 
0 37 83 14 1 90 20 67 38 75 14 82 12 84 21 26 65 14 5 3 45 4
1 78 59 86 2 3 36 11 79 6 26 65 46 90 46 46 62 3 18 48 6 2
2 23 77 32 48 32 18 41 89 42 79 21 62 83 77 91 23 37 73 91 81 3
3 23 14 8 61 84 15 61 62 24 3 82 82 58 79 67 5 94 61 9 85 1
4 81 7 49 58 18 100 94 51 23 52 5 63 32 82 98 19 77 7 6 55 3
5 64 37 73 91 81 38 82 92 74 49 73 20 57 31 31 38 33 83 37 93 3
6 61 4 9 31 58 65 14 92 16 68 8 92 24 98 61 29 56 16 49 73 2
7 35 55 67 93 8 32 48 70 47 43 30 99 70 40 10 80 25 71 11 52 3
8 54 52 14 19 67 93 19 60 83 30 87 81 52 22 2 60 77 48 12 63 1
9 46 41 6 96 75 42 35 97 50 58 7 67 53 31 75 78 29 76 86 93 2
