4 10
91 86 98 115 
0 55 21 32 39 16 58 93 76 89 35 5 64 34 3 27 55 84 53 66 52 3
1 52 89 60 24 77 58 85 1 53 66 20 68 86 68 81 75 22 89 46 26 3
2 5 47 6 18 14 88 15 59 10 68 93 40 48 87 100 14 21 10 98 91 4
3 17 12 2 67 78 13 55 68 4 76 48 32 51 63 87 45 23 82 84 87 2
4 59 1 35 52 4 2 80 53 63 54 55 31 66 68 49 28 88 4 32 14 3
5 2 3 3 57 11 4 20 58 98 45 100 86 15 12 16 65 2 92 99 78 2
6 11 10 67 37 16 63 64 98 69 17 27 37 83 28 27 1 85 93 77 31 3
7 5 13 37 51 78 90 10 28 82 14 91 16 17 41 6 68 53 29 82 50 4
8 4 82 56 49 17 23 69 90 38 13 2 58 54 53 47 78 6 81 80 27 3
9 68 91 28 38 97 92 65 47 86 46 16 11 40 51 51 88 97 39 83 67 1
