4 10
166 298 185 309 
0 53 39 30 57 6 76 91 94 11 11 97 51 37 24 19 99 11 85 81 70 1
1 86 51 2 86 11 28 27 63 41 26 26 47 78 50 43 45 40 96 75 66 3
2 23 53 32 24 32 2 33 73 35 91 5 72 64 92 44 69 3 35 70 34 2
3 31 10 8 65 84 11 69 66 25 4 98 76 88 95 87 96 43 90 56 82 2
4 65 51 33 2 2 52 78 95 92 58 41 26 79 5 81 73 73 32 89 54 2
5 92 25 1 71 9 26 18 72 14 71 96 18 45 75 37 91 17 56 25 44 4
6 41 60 89 95 38 21 94 48 7 21 12 14 3 47 63 4 20 73 40 99 3
7 43 15 83 53 16 92 56 30 18 4 47 77 21 51 10 80 92 44 49 78 4
8 38 8 98 75 51 41 3 8 13 46 84 23 33 48 12 54 24 35 12 83 2
9 82 21 50 68 19 22 79 69 65 75 62 58 97 75 11 11 72 10 22 93 1
