4 10
104 80 111 104 
0 69 95 46 13 22 32 7 50 7 38 17 61 36 69 100 67 51 12 67 56 3
1 2 35 10 78 27 12 35 55 24 82 95 29 59 2 20 48 62 14 87 3 1
2 23 29 24 8 32 78 33 49 39 22 97 24 49 23 21 23 62 75 7 77 3
3 31 14 16 61 92 15 69 62 12 32 12 72 13 7 96 46 74 37 2 22 2
4 49 95 17 46 94 96 62 39 96 96 60 35 8 2 2 80 81 10 3 54 2
5 28 5 37 59 37 6 46 60 57 29 52 94 64 83 3 26 97 43 58 31 1
6 13 24 69 51 18 77 66 4 2 20 57 98 18 2 85 75 14 91 94 5 1
7 51 75 91 13 24 52 64 90 54 72 7 6 23 73 38 32 36 56 84 36 1
8 22 56 82 23 35 97 87 64 21 10 7 64 44 35 63 95 31 43 46 82 4
9 26 93 94 48 55 94 23 49 64 30 31 70 7 64 49 16 38 74 94 97 1
