4 10
480 297 344 395 
0 97 97 8 15 27 34 59 52 89 95 89 62 71 4 34 30 73 89 64 77 3
1 27 37 66 72 13 14 39 49 71 8 37 3 42 11 37 32 14 62 1 60 4
2 28 35 5 6 67 76 44 47 64 60 49 91 57 23 48 74 22 27 100 33 2
3 21 12 59 67 8 13 75 68 17 69 13 40 73 91 22 13 95 49 21 98 3
4 16 25 83 76 21 18 75 69 67 95 14 4 91 37 64 69 85 95 84 66 1
5 60 67 15 21 75 68 30 22 92 57 97 17 83 45 52 37 19 31 35 2 2
6 82 86 3 13 45 39 74 66 34 98 6 66 68 42 96 2 86 50 82 56 2
7 91 81 29 19 56 66 7 4 66 83 8 71 33 76 89 24 70 87 70 79 3
8 67 74 39 49 16 15 72 82 27 45 96 30 11 72 64 54 80 57 85 84 1
9 85 87 28 34 92 88 35 35 6 31 57 26 16 3 35 79 96 36 19 14 3
