4 10
79 112 123 64 
0 59 53 78 71 89 90 1 8 20 72 44 1 46 87 42 61 6 36 25 49 2
1 25 21 72 64 98 98 45 41 8 82 9 44 5 20 80 57 10 41 4 5 4
2 15 11 92 82 54 52 39 31 43 39 30 4 47 58 99 12 9 3 55 16 4
3 24 16 62 63 19 17 70 64 34 39 34 85 32 49 9 97 40 11 63 64 2
4 75 69 21 20 75 70 13 13 99 84 68 71 31 32 57 67 70 2 71 82 4
5 47 55 1 1 49 56 1 2 86 31 71 38 68 62 40 56 90 24 62 38 4
6 51 42 72 69 93 95 22 22 30 90 57 8 98 4 54 16 87 13 15 53 2
7 35 41 73 79 13 18 64 56 79 31 60 16 76 86 9 31 62 99 75 35 2
8 30 30 94 97 71 63 27 30 88 97 1 75 63 83 94 58 76 12 69 92 2
9 61 59 4 14 68 60 11 15 47 27 15 27 9 9 76 84 36 39 96 76 2
