4 10
110 103 115 100 
0 86 79 105 97 16 16 27 34 46 12 44 21 95 42 25 63 76 100 52 72 3
1 66 75 13 10 52 44 78 87 43 76 54 65 89 69 18 79 17 76 69 50 1
2 29 21 93 100 76 70 32 41 65 71 95 70 5 91 86 48 21 92 6 50 1
3 21 14 51 61 16 15 67 62 33 19 43 16 37 10 76 15 58 64 81 64 2
4 83 75 16 26 83 76 29 19 71 93 71 58 60 54 37 24 17 21 18 40 4
5 51 53 98 99 53 54 92 100 58 29 53 80 17 34 43 3 85 89 12 42 1
6 38 36 59 63 80 89 22 16 76 8 69 84 92 42 76 39 29 26 87 80 3
7 95 87 33 25 65 64 3 2 79 74 35 5 23 15 17 43 51 54 56 74 3
8 48 56 25 23 89 89 66 56 43 66 5 39 17 32 84 81 67 56 91 7 2
9 47 57 11 12 54 58 18 13 74 98 30 95 91 82 67 28 9 74 57 34 4
