4 10
254 278 165 197 
0 5 1 24 19 35 38 46 56 68 8 89 4 35 62 10 33 14 64 97 43 3
1 30 29 56 64 3 6 50 41 43 57 92 93 29 18 24 77 42 77 20 19 3
2 92 83 56 54 39 32 3 3 97 76 33 36 25 46 41 12 67 19 13 30 3
3 9 12 68 67 17 13 63 68 41 11 30 20 18 56 86 32 36 37 50 13 1
4 51 57 110 100 43 50 10 1 27 12 44 49 96 20 94 32 31 72 95 45 3
5 68 59 15 5 62 60 9 6 61 67 86 93 56 38 65 76 39 54 59 20 3
6 64 62 85 89 14 15 35 42 42 8 59 30 49 45 2 5 87 92 12 25 3
7 52 57 90 95 43 34 81 72 35 79 46 88 83 75 98 44 22 31 9 20 1
8 81 78 37 45 14 11 78 86 75 87 24 33 57 61 72 76 30 4 32 48 3
9 76 71 19 18 62 72 26 19 21 68 3 8 29 28 84 36 59 33 16 83 1
