4 10
93 115 130 104 
0 73 63 91 81 110 100 28 18 29 84 40 64 36 76 52 41 92 37 35 85 4
1 19 9 96 86 72 62 57 47 75 41 28 3 62 69 80 43 53 28 66 28 4
2 17 7 52 42 94 84 29 19 58 32 49 30 71 52 100 73 23 33 65 52 3
3 56 46 64 54 73 63 89 79 72 66 65 30 42 69 51 2 16 55 68 5 1
4 23 13 102 92 72 62 43 33 97 50 60 95 90 19 20 48 6 71 39 53 3
5 77 67 78 68 86 76 87 77 93 29 8 6 82 47 90 6 39 28 28 58 4
6 24 14 79 69 25 15 72 62 71 26 43 66 4 25 88 71 43 66 15 80 4
7 53 43 30 20 106 96 91 81 83 95 84 8 86 71 12 78 80 60 27 57 3
8 65 55 16 6 66 56 109 99 100 77 17 43 37 99 34 73 17 40 60 81 1
9 103 93 71 61 48 38 16 6 89 7 93 60 77 5 32 32 93 56 92 12 3
