4 10
109 100 112 106 
0 27 31 59 49 70 68 81 86 14 37 20 80 86 90 71 97 39 78 59 48 1
1 61 67 1 2 47 44 73 79 7 41 72 99 44 83 12 47 83 17 71 46 3
2 44 49 29 20 83 90 68 69 35 75 77 22 79 57 94 21 61 99 16 66 3
3 23 18 74 65 2 11 69 66 94 2 18 50 72 10 2 70 84 11 18 36 4
4 94 95 40 38 86 88 40 39 14 82 15 68 38 43 11 37 21 94 28 72 3
5 43 41 98 95 45 42 100 96 64 79 68 82 1 21 53 19 22 15 81 90 1
6 25 24 46 51 75 77 1 4 49 35 25 49 50 7 74 19 71 88 6 61 2
7 65 71 16 9 56 48 86 86 72 11 52 74 21 17 32 92 43 10 37 52 1
8 97 100 82 75 38 41 2 8 68 61 93 25 88 77 49 69 31 52 85 72 1
9 53 53 96 100 60 54 3 1 78 73 2 69 18 2 25 89 100 34 62 61 3
