4 10
131 87 94 95 
0 77 67 95 85 14 4 32 22 68 79 93 26 76 6 89 88 31 19 26 53 2
1 63 53 40 30 24 14 101 91 19 26 78 18 94 31 94 57 24 49 72 9 1
2 109 99 44 34 86 76 21 11 60 70 27 47 53 53 25 3 29 25 96 12 3
3 56 46 72 62 81 71 97 87 48 71 55 73 53 75 29 28 81 53 76 91 3
4 79 69 50 40 20 10 91 81 33 72 5 80 85 98 3 7 17 85 78 97 2
5 105 95 14 4 14 4 23 13 4 76 11 84 40 73 100 42 56 1 77 38 2
6 24 14 79 69 25 15 72 62 60 95 93 47 99 67 72 88 54 56 100 78 3
7 89 79 66 56 50 40 27 17 86 60 9 39 84 78 90 79 89 61 41 56 2
8 97 87 48 38 90 80 41 31 80 18 63 99 16 47 67 77 4 49 7 84 1
9 59 49 27 17 104 94 72 62 96 57 76 62 11 55 65 38 66 53 23 22 2
