4 10
324 460 421 398 
0 43 45 54 63 73 82 105 100 34 79 67 68 2 49 80 39 81 14 92 73 4
1 45 37 79 80 18 14 65 57 81 19 25 34 34 67 28 24 14 94 19 48 2
2 13 7 69 78 52 48 29 19 12 22 20 10 45 89 47 34 11 60 17 33 4
3 6 16 65 63 22 17 73 64 49 100 43 82 45 40 87 67 55 70 3 99 4
4 13 13 51 56 1 6 51 57 20 66 31 24 64 57 78 90 71 76 80 40 4
5 73 71 28 25 75 72 30 26 94 91 98 6 9 48 34 47 31 98 66 86 3
6 16 6 24 33 66 59 87 86 32 14 29 3 40 13 33 49 23 29 98 87 4
7 87 97 25 35 78 74 16 12 53 62 85 84 45 75 46 32 67 51 95 70 3
8 18 22 103 97 59 63 36 30 1 86 90 68 45 12 72 52 11 69 66 21 3
9 100 91 43 46 86 92 50 47 76 16 19 10 72 80 83 61 34 31 1 33 4
