4 10
106 88 92 89 
0 99 89 17 7 36 26 54 44 92 45 82 28 7 1 62 26 21 64 90 62 1
1 105 95 82 72 58 48 43 33 49 33 56 10 55 33 14 87 76 37 3 100 1
2 63 53 98 88 40 30 75 65 100 69 72 17 7 53 98 55 34 12 1 6 4
3 106 96 14 4 31 21 39 29 19 58 4 89 25 62 2 95 10 45 2 1 2
4 41 31 12 2 82 72 53 43 65 10 35 92 41 72 64 39 50 6 17 39 1
5 59 49 60 50 68 58 69 59 80 78 48 79 20 49 35 17 69 55 51 7 2
6 22 12 77 67 23 13 78 68 72 26 91 78 43 26 35 46 64 75 37 4 1
7 39 29 16 6 92 82 77 67 75 67 85 69 18 92 12 14 33 38 49 18 4
8 79 69 22 12 72 62 23 13 86 4 3 5 55 47 4 70 87 70 52 87 2
9 21 11 89 79 58 48 34 24 92 16 4 7 98 63 2 76 85 9 5 15 2
