4 10
349 400 287 504 
0 81 87 58 5 34 24 11 42 35 98 69 75 4 31 78 92 100 87 11 34 1
1 86 51 94 94 11 28 19 71 29 84 55 96 33 14 8 39 32 86 70 72 3
2 59 25 60 4 68 74 69 45 80 52 1 2 12 17 74 40 96 18 43 12 4
3 59 14 44 61 20 15 97 62 61 72 76 2 73 89 42 42 20 65 85 5 2
4 37 39 5 82 74 32 50 83 98 21 75 29 22 61 82 22 41 84 18 26 1
5 52 29 61 75 69 30 70 76 74 50 89 55 95 10 42 77 87 24 60 2 2
6 45 80 93 7 50 33 98 60 54 17 37 43 100 79 4 19 86 62 15 73 1
7 43 31 75 69 16 8 48 46 95 1 52 32 47 79 82 2 32 99 48 26 2
8 82 56 34 23 87 89 47 64 44 97 12 35 90 27 12 36 73 31 11 62 4
9 6 25 66 80 35 26 3 81 25 18 33 46 66 97 91 81 90 55 1 94 4
