4 10
272 556 296 507 
0 9 35 86 53 62 72 39 90 29 74 36 33 9 85 8 62 96 19 63 89 2
1 78 59 94 94 3 36 19 71 28 86 72 20 89 70 92 82 84 14 54 22 2
2 95 5 96 76 96 46 5 17 59 94 14 91 47 16 13 24 82 49 19 97 1
3 95 18 72 65 48 11 33 66 59 10 45 57 58 25 80 32 91 30 98 29 2
4 9 19 77 70 46 20 22 71 14 76 37 53 23 100 4 84 13 21 54 12 3
5 4 33 13 87 21 34 30 88 68 87 70 89 90 86 55 25 2 33 60 36 2
6 49 92 5 19 54 45 2 72 46 92 27 58 35 29 92 82 88 87 4 70 3
7 35 39 75 77 8 24 48 62 43 27 3 85 29 55 72 18 68 26 75 39 3
8 18 4 70 71 31 45 83 12 51 49 7 39 31 55 78 8 98 94 5 99 4
9 22 37 90 84 51 38 19 85 48 81 12 97 78 35 32 4 27 43 88 54 3
