4 10
81 97 103 98 
0 1 5 32 23 43 42 54 60 10 77 79 4 83 17 78 20 15 73 29 41 3
1 20 21 46 56 93 98 40 33 29 89 90 35 63 6 94 54 78 39 23 46 4
2 30 39 7 10 90 80 46 51 89 68 36 24 4 73 51 29 81 68 73 74 2
3 18 12 77 67 13 13 72 68 22 66 89 12 77 90 23 40 57 48 48 66 3
4 78 81 24 32 78 82 24 33 57 93 45 100 33 82 65 91 89 56 64 56 2
5 47 43 102 97 41 44 96 98 68 5 19 44 100 38 98 35 41 97 61 42 4
6 38 30 67 57 88 83 9 10 34 26 28 15 86 16 36 1 26 89 96 42 4
7 26 25 56 63 1 2 42 48 13 17 76 94 98 32 51 94 75 66 98 88 2
8 79 74 43 49 20 15 84 82 30 76 65 70 80 7 34 15 54 40 32 2 1
9 46 55 10 2 61 56 1 3 85 74 41 86 16 81 93 52 22 46 24 54 1
