4 10
215 303 240 278 
0 43 33 61 51 80 70 98 88 20 84 46 32 37 38 7 59 18 20 82 10 3
1 89 79 66 56 42 32 27 17 60 15 56 77 97 4 96 36 66 37 77 97 4
2 79 69 14 4 48 38 91 81 58 27 1 33 6 82 99 20 71 2 27 68 4
3 90 80 106 96 15 5 31 21 22 15 38 85 80 97 32 4 50 25 11 71 4
4 57 47 36 26 106 96 77 67 76 50 80 74 55 98 80 29 57 26 90 51 1
5 59 49 60 50 68 58 69 59 21 55 59 54 76 53 78 34 84 82 67 85 4
6 26 16 73 63 27 17 74 64 63 13 48 64 90 17 30 97 73 65 48 33 4
7 31 21 108 98 92 82 69 59 94 7 3 11 84 75 98 59 8 90 98 44 2
8 27 17 78 68 28 18 79 69 82 89 37 65 17 16 73 76 24 97 70 19 3
9 29 19 105 95 74 64 42 32 60 66 54 1 76 81 88 76 51 73 9 46 3
