4 15
327 454 425 409 
0 25 15 43 33 62 52 80 70 40 71 48 6 73 57 66 47 73 68 5 7 3
1 75 65 60 50 36 26 13 3 62 86 74 9 19 16 71 72 96 40 65 74 3
2 13 3 56 46 90 80 33 23 51 100 98 23 6 76 73 63 97 24 83 37 1
3 68 58 76 66 93 83 101 91 91 22 99 33 72 75 23 71 72 96 59 19 1
4 99 89 70 60 48 38 19 9 80 32 34 83 67 21 63 70 19 36 21 98 2
5 85 75 94 84 94 84 103 93 3 36 3 93 72 5 26 91 72 29 31 43 2
6 24 14 79 69 25 15 80 70 95 59 63 74 24 51 61 68 33 68 66 62 3
7 13 3 90 80 74 64 51 41 87 9 10 92 1 51 66 12 21 78 96 53 3
8 105 95 56 46 106 96 57 47 15 100 51 9 24 41 77 83 40 2 74 18 1
9 23 13 91 81 60 50 36 26 96 94 59 48 96 11 11 28 42 96 75 98 3
10 23 13 77 67 24 14 78 68 54 33 81 69 2 36 11 46 40 12 94 2 4
11 86 76 87 77 95 85 104 94 53 46 67 78 62 54 83 68 11 18 85 19 2
12 110 100 37 27 63 53 90 80 26 49 66 45 36 11 31 92 73 43 9 1 1
13 11 1 59 49 108 98 64 54 23 39 39 20 68 83 79 14 95 79 4 11 4
14 45 35 83 73 22 12 60 50 21 71 22 46 2 1 50 28 65 49 39 31 4
