4 15
295 372 347 369 
0 77 67 95 85 14 4 32 22 74 27 95 43 24 26 16 44 22 55 36 66 2
1 47 37 32 22 108 98 85 75 4 86 96 23 9 52 9 67 52 40 60 20 4
2 13 3 48 38 90 80 25 15 53 46 40 8 4 4 7 67 96 67 16 32 1
3 68 58 84 74 93 83 109 99 63 89 78 37 79 63 14 37 40 97 61 5 1
4 27 17 98 88 68 58 39 29 47 34 61 70 40 92 94 71 66 17 77 3 3
5 57 47 58 48 66 56 67 57 2 30 81 84 12 42 95 100 86 45 3 19 3
6 28 18 75 65 29 19 76 66 85 27 86 24 79 47 72 55 28 16 3 92 4
7 77 67 62 52 38 28 15 5 44 53 78 49 92 56 57 61 30 5 54 74 3
8 25 15 68 58 18 8 69 59 76 8 82 71 45 80 46 22 69 60 52 70 4
9 51 41 19 9 88 78 64 54 61 77 62 34 27 50 65 98 29 51 89 11 1
10 19 9 73 63 20 10 74 64 21 51 41 78 69 26 27 65 72 17 43 99 2
11 26 16 35 25 43 33 52 42 67 6 26 3 91 34 48 73 38 82 82 58 3
12 98 88 25 15 51 41 78 68 62 58 23 7 51 89 52 31 4 53 100 73 3
13 99 89 55 45 104 94 52 42 53 73 12 62 39 20 47 97 92 84 48 86 1
14 29 19 67 57 14 4 52 42 31 71 45 25 9 11 38 90 14 40 64 62 3
