4 15
166 150 142 143 
0 63 77 40 95 16 14 93 32 54 51 98 77 61 64 52 22 32 46 84 62 4
1 72 77 88 20 97 54 5 89 18 80 75 70 21 8 56 93 32 51 77 68 4
2 49 71 58 42 58 20 67 91 19 69 95 16 89 66 61 40 4 99 41 41 2
3 13 12 98 67 74 13 51 68 73 82 100 12 45 95 84 84 38 53 69 47 3
4 35 73 11 24 80 74 48 17 81 99 64 27 65 73 51 54 84 28 53 31 1
5 34 23 43 69 51 24 52 70 37 88 42 74 8 5 42 99 6 98 8 15 3
6 71 30 19 57 68 83 24 10 60 45 47 72 1 5 94 7 97 90 46 59 1
7 41 25 73 63 14 2 54 40 17 59 45 48 21 72 65 22 55 73 15 62 1
8 60 70 12 37 65 11 25 78 57 78 16 93 82 16 77 6 24 48 88 53 1
9 100 67 60 14 29 68 89 15 21 79 96 70 95 40 84 33 19 7 50 43 2
10 48 9 33 47 25 94 10 32 44 32 46 94 23 100 56 85 40 70 95 78 1
11 16 72 89 83 53 93 26 4 94 49 77 9 92 72 87 92 84 32 97 54 1
12 64 81 25 24 85 74 46 17 68 68 45 16 7 60 70 4 24 99 95 46 3
13 87 53 36 92 76 38 17 77 62 92 26 33 18 56 74 40 59 40 99 15 3
14 44 90 17 16 81 51 54 77 13 73 24 28 96 72 11 90 12 38 26 19 2
