4 15
547 496 600 549 
0 37 39 14 57 98 76 75 94 43 96 89 35 20 63 24 35 61 75 44 4 3
1 98 55 14 98 23 32 39 67 71 83 72 40 39 28 71 83 13 68 84 60 2
2 75 1 76 72 76 50 85 21 44 9 53 81 70 44 60 35 22 68 57 35 2
3 19 14 4 69 80 15 57 70 65 59 97 63 75 40 86 51 45 54 37 71 1
4 49 79 25 30 94 72 62 23 42 66 24 4 16 71 67 89 26 92 49 61 4
5 96 57 5 3 13 58 22 4 25 24 54 79 14 95 42 66 94 39 56 75 1
6 13 24 69 51 18 77 66 12 68 66 42 49 100 90 89 5 48 19 76 10 3
7 71 67 11 5 44 44 84 82 32 65 31 53 10 27 74 23 87 82 8 57 1
8 10 40 62 15 23 81 75 48 53 97 90 65 72 29 80 37 39 30 61 41 1
9 70 17 38 64 99 18 67 65 42 31 23 87 82 24 61 39 95 81 10 91 3
10 42 19 27 65 19 4 4 50 47 73 71 26 16 95 8 14 29 19 85 86 3
11 10 10 75 13 47 23 12 34 87 43 5 40 55 34 69 36 63 75 52 70 1
12 86 83 47 34 7 76 68 27 58 38 13 19 87 55 81 95 49 34 19 26 3
13 97 95 38 34 78 80 27 19 63 3 23 63 1 81 54 33 99 68 24 14 3
14 10 84 83 10 55 45 28 71 59 96 88 2 57 96 98 51 39 39 68 14 3
