4 15
136 120 152 116 
0 77 51 54 69 30 88 7 6 41 24 64 54 49 31 32 86 96 55 77 6 2
1 22 31 30 66 47 8 55 43 29 27 97 28 41 33 55 2 60 24 25 76 3
2 67 61 76 32 76 2 77 73 67 80 96 21 27 87 78 82 33 27 89 15 2
3 35 14 12 69 88 15 73 70 18 47 22 94 96 21 19 8 9 36 98 13 4
4 25 67 93 18 62 68 38 11 17 96 77 61 4 52 95 75 11 44 47 42 2
5 60 25 69 71 77 26 86 72 46 91 74 75 1 24 22 82 18 63 92 51 2
6 73 44 21 71 78 97 26 24 93 3 42 65 13 24 97 19 4 68 33 65 1
7 87 79 27 17 60 64 100 2 86 3 74 80 21 90 64 40 58 26 37 9 3
8 78 44 30 11 83 85 43 52 70 35 68 75 25 25 58 99 9 65 73 70 2
9 58 69 18 16 87 70 47 25 57 80 15 68 2 28 98 78 68 63 17 26 1
10 2 79 87 17 79 64 64 2 98 20 38 56 56 76 94 9 5 35 24 2 3
11 90 14 63 25 27 35 100 46 61 1 64 86 35 16 41 63 7 92 99 79 2
12 6 67 67 10 19 60 80 3 57 67 95 70 55 94 53 92 40 67 78 67 2
13 57 23 6 70 46 8 87 55 53 36 94 8 100 41 37 10 47 33 65 64 1
14 26 12 99 38 71 73 36 99 26 52 89 80 60 96 45 56 73 97 9 10 2
