4 15
175 181 131 120 
0 81 71 99 89 18 8 36 26 89 29 71 33 88 6 70 17 40 60 93 59 4
1 99 89 76 66 52 42 29 19 98 20 49 57 38 56 76 93 49 76 23 68 3
2 105 95 40 30 82 72 17 7 35 92 71 4 64 83 96 17 92 25 43 12 3
3 76 66 92 82 101 91 17 7 79 23 91 78 50 60 65 29 42 65 20 78 4
4 83 73 54 44 24 14 95 85 86 87 36 50 10 89 13 3 37 21 3 24 4
5 85 75 94 84 94 84 103 93 24 6 24 99 73 54 26 78 65 43 1 40 2
6 28 18 75 65 29 19 76 66 99 98 48 77 58 21 79 58 49 33 91 31 2
7 21 11 98 88 74 64 51 41 26 28 22 73 43 70 21 45 89 63 30 17 2
8 57 47 100 90 50 40 101 91 35 78 73 13 99 97 26 14 5 62 11 71 3
9 107 97 75 65 52 42 20 10 9 78 98 75 44 14 32 95 23 41 34 38 3
10 11 1 57 47 12 2 58 48 63 66 26 23 77 1 99 17 39 22 45 30 3
11 14 4 23 13 31 21 40 30 86 15 97 81 85 91 39 92 31 81 20 4 1
12 66 56 93 83 19 9 46 36 34 50 88 36 40 6 87 87 47 48 96 46 1
13 91 81 39 29 88 78 44 34 4 28 11 70 17 7 30 3 28 12 12 17 3
14 105 95 43 33 82 72 20 10 46 65 49 82 66 16 23 15 30 89 33 71 2
