4 15
123 167 115 162 
0 59 61 70 79 89 98 21 16 99 72 97 40 32 62 81 15 44 41 87 88 3
1 4 9 51 52 90 86 24 29 27 77 37 85 3 73 26 52 26 16 51 48 1
2 61 63 25 34 1 4 93 83 4 100 49 65 99 79 81 53 15 78 10 63 3
3 24 20 75 67 11 13 70 68 35 60 62 76 46 83 98 69 59 45 14 60 1
4 51 53 1 4 64 54 89 97 96 53 72 36 90 65 63 60 71 87 9 73 3
5 59 63 6 9 61 64 8 10 88 84 45 1 12 45 73 30 75 95 35 67 2
6 60 50 81 77 2 3 31 30 20 60 29 37 31 4 65 61 63 18 56 89 2
7 38 37 68 75 8 14 46 52 97 6 60 2 38 66 60 64 15 92 54 92 2
8 63 70 27 37 4 3 60 70 96 53 60 65 45 14 53 98 43 22 14 91 3
9 21 31 85 78 28 32 71 79 44 31 14 40 13 10 95 14 57 21 84 5 1
10 27 29 76 75 4 14 53 60 71 81 37 18 53 41 27 94 72 79 24 43 4
11 23 28 29 39 41 49 68 60 19 7 13 32 37 43 70 71 75 66 91 94 4
12 49 41 77 84 24 34 73 77 56 63 64 4 53 94 47 3 79 13 21 55 3
13 23 13 44 52 92 98 42 37 56 97 75 82 28 91 61 100 47 75 65 69 4
14 51 50 73 76 11 11 49 45 17 45 27 65 63 32 19 63 59 87 3 29 3
