4 15
170 139 165 151 
0 32 35 43 53 62 72 94 90 86 24 59 10 48 78 50 10 59 22 100 100 2
1 63 63 1 6 36 40 83 75 79 53 7 32 34 86 39 57 53 11 23 93 2
2 47 53 24 24 86 94 63 65 59 76 67 7 33 52 85 10 18 73 41 55 1
3 19 14 65 69 14 15 73 70 21 100 41 15 71 20 98 44 68 65 90 34 1
4 56 47 89 98 56 48 94 91 27 57 33 68 28 10 47 59 48 55 85 52 1
5 55 65 2 11 57 66 4 12 35 89 22 46 30 89 62 62 38 8 61 20 2
6 52 56 73 83 2 9 44 36 34 57 24 48 95 47 24 94 62 23 46 26 3
7 99 91 45 37 77 76 15 14 100 67 8 54 14 62 19 11 41 47 84 20 3
8 53 44 9 11 86 77 42 44 38 69 2 83 51 50 98 79 38 80 38 60 1
9 35 33 78 80 42 34 85 81 58 91 27 15 29 63 96 67 54 8 64 50 2
10 102 99 51 45 79 84 28 30 3 28 2 52 90 63 24 69 64 47 86 49 2
11 80 70 86 81 98 91 12 2 13 58 55 81 73 96 34 7 72 46 48 71 3
12 28 27 77 70 11 20 60 63 20 16 30 66 80 28 38 43 34 91 72 63 1
13 90 83 32 22 59 68 17 15 86 36 81 17 46 98 55 40 29 45 89 52 1
14 79 72 9 6 39 33 77 67 78 14 37 89 65 77 75 39 87 78 43 89 2
