4 15
147 174 139 172 
0 78 83 10 1 21 20 40 38 9 17 38 56 56 21 49 21 70 57 91 49 1
1 76 71 15 6 49 48 88 83 69 57 59 85 26 1 44 93 77 89 48 22 4
2 32 25 88 96 71 66 35 45 66 79 9 6 53 4 14 20 47 53 37 55 1
3 12 18 63 65 20 19 58 66 76 11 72 3 53 94 25 28 42 8 64 50 3
4 32 35 78 78 24 28 70 79 54 41 9 99 32 41 3 80 83 56 28 2 3
5 76 69 31 23 78 70 25 24 35 85 29 78 49 96 3 15 80 100 13 55 4
6 78 68 86 95 28 21 49 48 71 81 22 73 55 19 58 74 13 12 19 51 1
7 16 7 46 45 86 84 32 30 76 4 46 76 71 11 90 81 4 68 2 60 2
8 96 92 52 59 16 25 101 100 49 91 45 57 95 27 75 44 49 44 83 46 1
9 29 37 93 92 36 38 100 93 80 95 27 100 90 48 65 53 92 100 57 34 1
10 31 39 80 85 29 24 78 70 18 4 96 36 98 4 86 1 13 82 13 76 2
11 52 54 66 65 78 75 84 86 55 24 52 8 82 81 55 97 57 83 1 23 3
12 94 91 51 42 77 84 34 35 65 41 82 8 39 86 83 10 77 4 6 11 2
13 32 31 74 70 22 16 51 55 25 17 92 64 94 38 30 34 4 10 13 74 1
14 14 16 44 50 74 77 12 11 96 70 84 57 92 70 23 89 83 60 69 53 3
