4 15
354 422 341 513 
0 81 43 66 61 42 80 19 98 66 51 85 48 43 58 24 91 93 16 49 9 4
1 6 47 22 82 31 24 39 59 22 74 60 63 35 76 46 47 22 53 52 82 3
2 3 57 12 28 12 98 13 69 58 41 90 3 11 76 76 67 99 87 55 48 2
3 55 14 40 69 16 15 93 70 89 76 78 100 57 69 71 91 67 21 14 83 4
4 5 11 81 54 50 4 26 55 68 66 81 76 37 87 21 99 3 53 91 2 2
5 84 41 93 95 1 42 10 96 70 10 63 65 91 22 91 56 38 59 70 97 3
6 97 100 53 27 2 53 50 80 92 66 41 4 29 79 4 74 83 7 42 37 1
7 79 35 11 81 52 20 84 58 25 49 45 69 78 44 51 15 82 54 86 4 3
8 30 44 90 11 43 77 95 52 95 42 77 25 69 98 60 83 81 14 81 42 1
9 38 1 98 48 67 2 27 57 81 19 38 9 84 71 26 20 7 17 43 99 4
10 26 39 19 77 3 24 96 62 3 84 40 57 84 14 28 44 49 19 10 47 4
11 6 42 71 53 43 63 8 74 39 57 65 67 46 48 72 41 95 79 15 51 1
12 26 47 87 90 47 40 8 83 98 66 5 42 100 58 93 16 61 13 1 5 1
13 17 99 58 46 6 92 47 31 39 55 32 17 99 14 44 86 52 60 73 70 1
14 82 88 55 22 27 49 100 83 16 22 49 86 75 3 62 6 2 94 25 61 3
