4 15
691 633 664 607 
0 29 23 40 41 51 60 83 78 72 44 77 80 14 53 3 33 81 60 21 59 2
1 80 87 27 30 74 64 1 7 1 90 18 12 32 44 27 28 77 30 53 97 1
2 86 93 71 64 33 42 18 13 85 93 29 54 21 7 46 88 73 90 96 96 4
3 13 14 72 69 8 15 67 70 22 38 45 17 75 6 45 51 47 45 64 15 1
4 59 59 5 10 51 52 1 3 1 7 7 45 63 78 49 60 93 11 85 6 3
5 89 97 49 43 104 98 51 44 8 1 33 73 66 73 59 73 19 85 73 100 4
6 35 44 64 71 106 97 27 24 67 40 91 96 45 68 33 39 61 90 93 71 3
7 77 79 15 17 47 56 85 94 37 12 63 8 45 100 91 100 4 75 41 36 1
8 35 40 12 7 68 73 40 48 55 100 29 64 74 53 69 67 67 47 62 98 1
9 83 81 18 28 90 82 33 29 37 72 77 10 47 10 22 40 74 22 76 60 3
10 39 47 80 85 37 32 78 70 51 44 72 62 27 23 89 94 6 8 87 80 4
11 62 58 76 69 88 79 94 90 80 96 13 66 90 7 21 20 34 66 17 84 2
12 40 43 97 94 44 36 72 79 49 80 5 10 44 27 97 66 73 15 6 79 4
13 60 55 89 94 37 40 79 79 78 54 94 68 12 53 69 62 23 10 51 43 1
14 39 44 69 70 1 5 29 31 22 6 53 74 8 16 15 11 35 24 13 79 1
