4 15
144 171 161 163 
0 91 25 68 43 44 62 21 80 38 56 41 93 83 91 33 15 38 23 90 71 1
1 72 85 80 20 97 62 5 97 75 35 38 12 39 70 47 11 63 57 9 38 2
2 85 43 86 22 94 92 95 63 43 10 83 97 11 50 1 99 17 55 58 61 4
3 49 16 26 63 2 17 87 64 12 11 38 13 17 24 39 35 77 61 95 92 2
4 7 61 75 12 52 54 20 5 28 88 97 47 92 1 23 81 34 43 40 55 1
5 94 27 95 73 3 28 12 74 9 42 67 44 39 15 80 77 35 44 84 2 1
6 75 50 23 77 80 3 28 30 5 79 86 97 26 55 20 16 47 63 66 47 4
7 33 41 73 79 14 18 46 56 20 81 17 36 2 86 98 23 7 93 11 92 1
8 96 18 48 93 9 59 61 26 7 75 82 37 61 33 38 80 31 20 23 80 3
9 16 71 84 26 45 72 13 27 24 25 46 47 57 6 94 64 2 82 12 89 3
10 56 49 41 87 33 34 18 72 47 15 54 97 50 40 93 96 68 76 34 78 4
11 72 56 37 67 9 77 74 88 88 89 88 87 13 79 31 94 30 98 42 86 2
12 40 53 1 96 61 46 22 89 25 32 49 56 9 89 45 46 28 36 48 95 2
13 27 93 76 40 16 86 57 25 8 95 11 57 73 57 61 36 62 48 8 89 1
14 8 34 81 60 53 95 18 21 97 74 98 33 71 48 38 58 43 39 51 80 1
