4 15
710 572 684 546 
0 83 75 94 93 5 12 37 30 49 92 63 96 2 51 4 72 17 4 92 86 2
1 96 87 22 22 69 64 108 99 76 50 6 25 2 9 91 91 42 14 17 98 4
2 30 21 86 92 69 62 25 33 53 36 9 34 78 68 70 21 52 75 81 69 3
3 15 18 66 65 23 19 61 66 90 91 78 36 32 55 45 48 57 72 60 70 2
4 62 71 29 22 62 72 21 15 36 99 73 89 26 71 7 10 84 94 86 4 4
5 89 93 36 39 91 94 30 40 81 14 78 59 45 88 90 10 11 28 84 92 2
6 30 32 51 59 80 85 22 12 49 59 10 68 73 80 74 61 62 85 3 19 4
7 60 63 1 1 38 40 76 86 25 7 51 30 59 24 12 72 98 32 11 18 3
8 84 92 69 59 25 25 102 92 3 88 54 76 5 10 28 50 70 52 23 14 4
9 60 69 32 24 75 70 18 25 95 17 19 63 28 32 27 82 35 18 42 16 1
10 10 7 38 45 87 92 36 30 67 65 10 49 75 85 99 37 6 46 45 7 2
11 77 82 83 93 1 3 9 14 29 93 11 51 52 87 68 27 48 32 10 24 2
12 66 71 23 22 70 64 6 15 35 45 46 12 37 16 9 48 68 81 36 4 3
13 5 7 55 54 95 92 45 39 95 35 36 79 73 48 12 45 15 2 8 63 4
14 104 100 34 26 64 61 94 87 24 22 86 33 13 73 68 51 77 71 53 48 4
