4 15
127 136 166 175 
0 29 19 47 37 66 56 84 74 11 57 60 97 68 45 61 47 19 52 2 27 1
1 19 9 104 94 80 70 57 47 35 85 80 78 94 4 49 71 25 21 85 27 3
2 105 95 48 38 82 72 25 15 90 81 67 69 65 40 61 43 63 27 67 78 1
3 76 66 84 74 101 91 109 99 13 68 17 26 51 19 41 95 4 37 58 75 1
4 55 45 26 16 96 86 67 57 48 6 78 57 57 97 98 94 63 25 14 84 3
5 21 11 22 12 30 20 31 21 92 89 82 61 50 37 31 49 70 51 39 5 3
6 24 14 79 69 25 15 80 70 74 60 91 73 55 12 84 49 54 76 83 75 3
7 49 39 26 16 110 100 87 77 20 36 6 21 39 29 30 52 59 72 3 56 2
8 37 27 88 78 38 28 81 71 35 80 32 1 41 58 92 46 89 62 85 30 1
9 79 69 47 37 16 6 92 82 55 79 4 100 60 34 5 10 75 46 23 100 3
10 15 5 69 59 16 6 70 60 94 89 13 4 56 2 74 70 74 76 74 1 3
11 74 64 75 65 83 73 92 82 53 24 97 48 85 47 44 70 96 55 47 38 2
12 86 76 13 3 39 29 66 56 85 65 29 4 5 11 69 82 39 81 25 4 4
13 95 85 43 33 100 90 48 38 51 78 48 95 31 13 83 22 85 59 61 13 4
14 21 11 59 49 98 88 36 26 19 77 5 13 87 70 38 19 79 33 85 27 4
