4 15
175 160 128 174 
0 86 87 1 5 16 24 48 42 34 37 83 73 63 45 77 90 47 93 86 80 2
1 66 63 105 98 39 40 78 75 70 17 27 56 4 23 19 67 31 84 90 88 1
2 83 81 47 52 22 22 86 93 63 3 45 72 28 22 73 8 53 12 45 72 2
3 21 18 72 65 29 19 67 66 3 92 72 37 54 33 59 21 55 99 27 59 4
4 67 67 13 10 59 60 5 11 80 73 18 15 93 95 27 44 64 81 40 29 4
5 63 61 10 7 65 62 4 8 2 10 84 28 71 90 9 54 92 26 82 27 3
6 47 44 68 71 89 97 18 24 41 27 17 77 84 55 53 8 28 60 70 95 2
7 77 83 28 21 68 60 98 98 73 48 13 42 71 35 4 85 36 12 40 35 3
8 94 88 66 63 22 29 99 96 75 59 79 61 3 69 82 36 31 71 14 34 2
9 20 21 84 76 27 22 70 77 39 11 62 24 57 30 14 70 93 55 43 12 4
10 52 59 1 5 50 44 99 90 79 96 98 59 29 45 90 99 35 81 35 49 2
11 79 86 93 97 1 7 11 18 62 66 66 3 85 100 89 17 1 61 19 91 3
12 62 55 90 98 45 48 94 91 88 80 20 78 8 27 71 89 60 48 82 35 2
13 27 35 77 82 17 20 75 67 32 83 11 51 96 33 23 100 32 71 80 13 4
14 36 28 45 54 83 89 13 15 3 62 36 83 63 25 30 78 27 30 12 5 2
