4 15
377 395 322 432 
0 1 5 29 23 40 42 59 60 70 24 36 39 87 28 50 74 32 51 50 49 1
1 19 25 66 60 1 2 39 37 97 87 67 71 9 70 91 31 11 20 44 84 4
2 95 87 59 58 34 28 98 99 60 2 55 81 98 64 38 71 7 26 3 22 2
3 13 16 72 63 8 17 59 64 47 24 86 16 75 48 47 1 77 3 77 78 1
4 13 9 59 60 5 10 51 53 39 99 31 82 15 84 15 44 2 61 39 1 2
5 72 75 27 29 66 76 21 30 85 65 81 56 78 42 86 50 70 37 7 73 4
6 91 94 12 21 41 47 83 74 22 43 11 5 28 96 43 84 7 87 7 39 3
7 73 77 24 15 72 62 110 100 90 43 36 41 96 9 8 87 25 67 22 43 1
8 21 14 85 81 49 55 26 22 25 33 66 31 19 69 22 5 59 70 42 41 1
9 58 51 9 6 44 52 16 7 41 37 75 44 26 19 63 23 25 25 39 58 2
10 56 57 105 95 33 42 82 80 12 6 98 55 16 6 17 73 51 23 41 59 2
11 81 72 74 83 99 93 13 4 99 3 85 82 86 66 1 15 81 23 12 3 3
12 47 49 96 92 51 42 79 85 17 62 38 4 67 15 63 53 51 6 37 5 2
13 33 41 83 88 31 34 73 73 71 61 14 67 34 89 21 99 4 27 91 33 2
14 77 82 7 16 37 43 75 77 8 51 12 67 67 55 97 65 99 5 51 71 1
