4 15
466 430 295 421 
0 53 95 38 13 14 32 91 50 29 45 60 37 93 92 31 71 29 45 76 85 1
1 14 47 22 82 31 16 47 59 41 49 38 8 94 8 54 69 34 1 87 99 3
2 67 85 76 56 76 26 85 97 32 21 100 97 10 13 39 43 35 16 54 61 2
3 27 18 4 65 88 19 65 66 99 47 18 51 80 15 66 15 35 87 34 82 2
4 33 23 9 74 78 16 54 67 3 85 20 41 43 5 37 79 52 16 58 29 3
5 32 37 41 91 41 38 50 92 47 11 72 21 43 23 2 76 4 95 69 6 1
6 93 80 41 7 98 41 46 68 2 65 38 98 54 34 12 15 64 44 60 37 2
7 79 27 19 65 52 4 92 42 65 6 54 23 2 28 16 10 72 66 84 57 4
8 94 96 46 63 99 29 59 4 70 3 91 21 49 20 81 70 30 30 43 43 1
9 14 89 82 44 43 90 11 45 64 39 29 65 65 66 25 96 80 8 89 16 3
10 18 99 11 37 95 84 88 22 100 19 26 45 53 59 11 26 50 17 85 43 1
11 50 58 23 69 87 79 60 90 60 11 26 88 60 4 40 31 70 53 85 30 3
12 42 75 3 18 63 68 24 11 97 43 98 96 57 14 73 69 65 4 100 83 1
13 77 59 18 98 66 44 7 91 48 93 45 60 59 93 60 86 79 64 86 69 4
14 18 44 91 78 63 5 28 39 17 95 81 75 99 35 94 22 58 97 1 78 3
