4 15
368 353 278 342 
0 99 89 17 7 36 26 54 44 79 51 85 1 71 79 9 37 77 49 1 75 3
1 89 79 74 64 50 40 27 17 91 17 61 30 94 65 97 63 17 56 76 56 4
2 67 57 110 100 44 34 87 77 54 62 12 47 96 60 23 9 83 53 82 87 4
3 18 8 26 16 43 33 51 41 49 85 69 5 70 13 98 40 86 38 19 33 3
4 89 79 60 50 30 20 101 91 2 39 96 22 98 35 17 88 95 65 8 4 2
5 103 93 12 2 12 2 21 11 73 72 77 23 28 36 85 44 56 5 97 84 2
6 26 16 81 71 27 17 74 64 24 35 66 75 41 27 24 30 98 34 11 12 2
7 27 17 104 94 88 78 65 55 3 44 59 47 67 23 7 32 34 78 45 15 3
8 99 89 50 40 100 90 43 33 23 53 17 80 52 20 38 94 75 82 61 14 2
9 105 95 73 63 50 40 18 8 77 71 50 97 9 17 89 20 41 25 15 82 4
10 25 15 79 69 26 16 80 70 78 2 52 56 10 39 38 81 30 8 15 34 4
11 12 2 21 11 29 19 30 20 14 92 21 87 91 84 14 77 44 82 70 9 3
12 16 6 43 33 69 59 96 86 74 45 34 51 37 79 83 51 5 37 74 42 2
13 13 3 61 51 18 8 66 56 86 45 18 63 42 100 17 100 44 76 12 61 4
14 99 89 45 35 84 74 22 12 6 98 8 75 15 50 3 16 32 60 76 20 1
