4 15
500 529 640 503 
0 51 13 28 31 12 50 89 68 91 57 17 76 61 49 41 8 17 16 83 14 1
1 48 9 56 44 73 86 81 21 34 45 65 83 83 51 86 3 56 94 94 71 4
2 85 91 94 62 94 32 3 3 11 3 33 82 21 66 89 84 53 85 81 39 1
3 41 16 18 63 94 17 79 64 36 29 22 82 100 42 8 5 93 74 65 33 2
4 39 73 7 16 84 66 52 17 3 3 12 24 72 73 84 42 96 90 97 44 4
5 30 59 31 5 39 60 48 6 55 26 8 6 46 46 65 50 27 60 48 94 1
6 15 38 71 65 20 91 68 18 71 3 47 96 40 52 59 58 92 37 16 82 3
7 17 21 57 59 90 6 30 44 87 16 49 82 98 20 36 68 38 68 92 57 4
8 28 14 80 89 41 55 93 22 79 25 43 70 88 24 85 43 17 34 20 92 4
9 36 19 96 74 65 20 25 75 21 32 83 86 4 82 33 11 19 4 40 10 4
10 96 89 81 35 73 74 58 20 74 22 91 9 79 43 52 51 78 16 7 45 1
11 84 44 57 55 21 65 94 76 43 7 35 57 14 77 69 36 80 81 1 38 3
12 28 69 89 20 49 62 10 5 7 17 89 59 47 98 24 76 15 51 85 18 3
13 67 65 8 12 48 50 97 97 91 5 17 76 28 97 29 84 71 41 59 34 1
14 92 6 65 32 37 67 10 93 65 7 71 17 3 20 21 19 12 26 100 30 2
