4 15
507 708 573 602 
0 23 65 100 83 84 2 61 20 49 79 39 98 28 64 5 12 17 10 98 23 4
1 48 1 64 44 73 78 89 21 1 64 22 14 18 60 90 87 53 15 5 47 1
2 57 19 58 90 66 60 67 31 5 9 51 35 15 71 71 3 21 26 75 5 4
3 5 12 82 67 66 13 43 68 72 65 5 10 14 3 99 16 72 25 73 67 2
4 67 85 35 36 12 78 80 29 47 65 59 8 52 46 47 94 14 72 60 89 4
5 70 47 79 1 87 56 96 2 59 83 65 3 25 86 64 2 54 76 40 15 4
6 11 18 59 45 16 71 64 98 91 96 21 76 84 29 56 25 60 43 41 82 3
7 25 13 57 51 98 90 30 28 98 12 24 65 17 77 18 7 47 49 41 20 4
8 92 66 44 33 97 7 57 74 47 81 99 14 52 48 47 11 96 9 66 8 1
9 12 15 80 62 41 16 9 63 39 92 44 27 91 66 88 70 5 84 61 42 2
10 88 49 73 95 65 34 50 80 22 40 74 8 41 93 81 75 68 53 22 91 4
11 28 68 1 79 73 89 38 100 60 92 37 72 54 11 49 16 54 27 89 47 2
12 44 97 5 48 65 90 26 41 33 49 98 83 88 77 1 38 9 73 14 73 1
13 27 17 68 64 16 10 57 49 84 20 14 5 50 90 73 37 76 77 38 45 3
14 28 62 1 88 73 23 46 49 40 18 30 8 57 93 96 35 70 96 10 5 2
