4 15
504 545 656 512 
0 10 1 21 19 32 38 64 56 76 24 26 20 37 30 85 20 63 2 10 94 2
1 29 33 76 68 2 10 49 45 83 70 74 74 17 18 87 17 24 91 53 96 4
2 23 31 8 10 70 80 47 51 60 49 36 12 32 57 24 47 19 21 52 45 2
3 25 16 71 71 20 17 71 64 29 67 11 39 4 27 7 60 33 51 38 50 4
4 70 77 24 28 70 78 24 29 74 35 90 95 19 51 59 72 26 71 66 37 3
5 93 91 40 37 87 92 34 38 91 46 54 83 2 3 57 73 90 76 3 11 2
6 9 18 59 53 80 79 9 6 81 89 87 46 10 38 44 51 79 99 1 20 4
7 1 9 37 47 90 86 28 24 16 39 76 30 95 31 48 98 31 39 23 57 1
8 15 10 79 85 43 51 20 18 20 19 57 62 63 53 35 6 69 29 15 99 1
9 67 67 18 22 74 68 25 23 16 25 89 13 93 99 77 87 53 27 92 100 4
10 35 37 84 75 12 22 61 60 32 1 12 49 13 36 37 23 24 100 93 61 2
11 41 40 47 51 59 61 65 72 9 83 33 79 38 4 99 10 41 93 36 65 3
12 87 85 44 36 83 78 19 29 34 94 33 48 1 88 23 85 39 88 56 17 2
13 38 37 80 76 28 22 70 61 69 22 51 56 39 91 41 91 98 84 59 6 4
14 76 78 6 4 36 39 66 65 79 95 85 82 85 9 25 1 22 34 29 72 2
