4 15
118 167 150 181 
0 5 9 37 27 48 46 67 64 15 27 70 42 28 49 39 9 97 72 71 17 2
1 9 17 56 52 103 94 21 29 78 66 53 11 10 54 66 80 31 36 78 55 3
2 25 35 10 14 93 84 49 55 18 23 97 65 71 85 47 80 63 68 7 45 3
3 9 16 60 63 17 17 68 64 92 58 43 38 5 47 99 31 91 35 82 71 4
4 48 41 94 92 32 34 86 85 59 84 5 26 61 4 12 38 55 70 54 32 3
5 59 67 6 13 74 68 21 14 8 6 18 60 87 28 94 88 13 7 88 31 4
6 65 62 86 89 15 15 36 42 30 54 55 72 82 30 8 87 32 1 18 100 3
7 55 53 85 91 25 30 76 68 62 32 22 1 81 100 30 39 16 78 79 15 4
8 14 18 91 85 47 51 19 26 83 10 89 100 28 62 23 27 36 34 54 28 2
9 28 35 100 90 43 36 86 91 57 58 35 8 65 83 73 62 86 73 19 4 1
10 77 69 5 15 54 54 103 100 27 25 61 99 6 62 83 100 94 2 42 74 1
11 16 12 30 23 34 33 48 44 96 2 78 47 68 71 31 17 26 70 78 51 3
12 15 13 64 56 90 98 47 49 100 19 100 53 84 94 61 64 57 24 97 10 4
13 57 53 107 100 47 38 84 85 96 11 57 37 21 98 24 14 88 68 31 91 2
14 86 94 37 28 46 55 84 89 38 69 92 83 98 11 66 25 77 90 52 96 1
