4 15
347 365 472 352 
0 51 57 83 75 94 94 13 12 40 90 60 91 19 17 28 84 56 77 83 9 2
1 14 17 61 60 87 94 34 37 99 74 62 45 38 72 48 41 51 59 4 46 2
2 18 15 95 86 57 56 34 27 89 26 31 53 91 5 61 19 51 52 4 10 4
3 15 20 66 67 23 13 61 68 72 87 99 95 67 19 7 42 90 13 25 4 2
4 24 29 62 72 29 22 83 73 15 48 53 59 67 75 8 97 15 32 33 51 2
5 72 71 27 25 74 72 29 26 49 86 55 64 51 21 80 83 82 23 98 77 2
6 86 82 7 9 28 35 70 62 67 3 9 58 43 14 22 86 94 97 67 98 4
7 64 69 2 7 55 46 93 84 54 34 90 26 1 46 1 12 10 15 37 84 1
8 57 66 34 33 98 99 83 74 77 15 65 72 88 50 70 95 20 52 10 28 2
9 51 47 86 94 58 48 101 95 49 4 54 4 26 72 9 48 40 29 72 80 3
10 6 9 55 55 96 94 32 40 33 95 43 35 16 91 14 75 75 55 48 62 4
11 96 96 2 7 14 17 12 20 93 93 69 4 12 28 69 22 67 15 58 66 3
12 81 77 38 28 64 70 21 21 6 81 94 75 65 70 19 35 37 60 61 21 3
13 1 1 41 40 89 86 39 33 88 5 33 31 11 88 21 93 78 69 73 98 4
14 42 38 72 72 102 99 40 33 86 71 80 2 21 6 11 52 74 24 56 30 2
