4 15
129 176 123 177 
0 55 45 73 63 92 82 110 100 1 47 52 4 67 73 57 42 74 27 48 62 2
1 13 3 90 80 66 56 43 33 94 72 47 45 31 96 79 28 62 11 86 74 1
2 59 49 94 84 28 18 71 61 79 56 84 53 8 43 65 13 50 71 15 21 1
3 26 16 34 24 51 41 59 49 10 2 26 33 54 29 97 5 21 63 93 98 1
4 65 55 36 26 106 96 85 75 49 5 96 24 34 100 36 57 49 20 75 81 2
5 103 93 104 94 12 2 13 3 12 9 90 54 86 71 78 73 33 16 93 72 1
6 30 20 77 67 23 13 78 68 64 72 56 34 88 87 39 13 61 54 36 41 2
7 35 25 12 2 88 78 73 63 78 47 81 86 37 33 29 48 41 19 93 75 1
8 43 33 94 84 44 34 87 77 94 87 40 93 20 88 27 26 57 48 98 10 1
9 89 79 65 55 34 24 102 92 29 20 31 1 29 43 82 83 45 29 76 28 4
10 13 3 67 57 14 4 68 58 52 72 29 17 32 9 19 40 39 18 3 75 4
11 40 30 49 39 57 47 66 56 3 65 100 89 29 39 92 18 66 31 13 61 2
12 72 62 99 89 25 15 60 50 49 95 8 36 81 99 5 35 78 4 36 27 1
13 93 83 41 31 90 80 46 36 32 56 9 78 65 4 6 83 82 25 50 19 1
14 59 49 97 87 36 26 74 64 57 56 65 6 89 37 27 19 38 74 21 93 2
