4 20
199 246 189 214 
0 91 81 68 99 52 18 29 36 33 35 15 23 21 75 98 79 77 57 63 3 2
1 92 73 100 16 17 50 25 93 73 32 42 61 13 38 48 14 46 26 81 86 1
2 29 75 38 46 38 16 47 87 76 73 65 31 45 76 62 90 49 59 44 82 2
3 45 16 22 71 6 17 83 64 27 90 43 25 42 40 69 41 76 34 7 47 4
4 83 33 51 76 28 26 96 77 10 81 42 9 34 17 69 83 12 48 46 31 3
5 26 39 35 93 43 40 44 94 5 17 23 73 67 47 2 93 71 97 47 65 3
6 35 70 83 97 32 23 80 50 44 95 63 5 74 24 1 98 87 38 71 50 3
7 69 53 9 91 50 30 82 68 7 86 1 80 43 7 25 77 83 28 82 60 3
8 52 6 4 81 57 47 9 14 42 66 49 45 65 83 91 15 74 94 74 12 2
9 48 47 8 94 77 48 37 3 67 7 53 74 35 78 22 35 39 79 92 85 2
10 8 45 93 83 85 30 70 68 26 39 87 62 9 51 90 84 17 45 49 99 4
11 24 56 97 67 61 77 34 88 40 12 71 36 69 63 67 84 82 99 26 80 3
12 24 89 85 32 37 82 98 25 33 39 43 25 52 7 64 45 23 84 36 75 3
13 99 85 40 24 80 70 29 9 98 65 84 52 76 49 12 65 15 18 69 82 3
14 24 26 97 60 69 87 42 21 40 26 65 43 36 82 39 33 97 64 17 79 3
15 57 22 10 44 54 67 7 89 34 30 81 59 60 100 50 34 42 94 13 25 1
16 67 2 12 89 64 75 9 54 56 26 76 5 65 73 73 86 39 10 50 48 4
17 43 33 80 28 16 22 53 17 18 84 13 28 96 67 59 10 67 12 77 29 3
18 76 86 12 9 49 23 93 46 70 77 30 86 40 31 93 1 33 23 22 2 1
19 91 59 87 34 76 100 72 67 71 44 36 21 66 17 67 74 67 34 100 94 2
