4 20
175 199 184 206 
0 33 3 10 21 86 40 71 58 27 11 43 91 88 39 50 12 75 99 50 24 2
1 34 35 50 70 59 4 75 47 81 81 47 36 26 17 46 28 79 77 90 34 2
2 83 37 84 8 92 78 93 49 90 84 5 62 58 88 20 11 44 82 56 16 2
3 95 14 72 69 48 15 33 70 96 15 48 74 94 3 52 34 34 2 69 49 2
4 37 7 13 58 82 8 50 51 89 24 90 1 29 58 29 7 25 3 16 14 1
5 12 45 21 99 21 46 30 100 43 83 35 50 1 7 34 89 17 14 90 13 4
6 41 88 89 15 46 41 94 68 19 46 73 34 11 26 44 29 90 14 29 55 4
7 15 23 55 61 96 100 28 38 18 23 45 63 93 14 13 94 77 95 8 61 2
8 6 36 58 3 19 69 71 36 60 69 82 14 19 62 26 73 77 21 16 92 3
9 22 61 90 8 51 62 19 9 96 21 84 34 27 58 5 13 63 67 52 27 1
10 70 55 55 93 47 40 32 78 93 99 94 26 17 97 63 14 27 29 2 29 2
11 54 82 27 93 91 3 64 14 87 79 26 16 53 23 89 59 6 4 79 18 4
12 42 39 3 90 63 32 24 83 33 20 61 84 66 32 67 31 68 89 12 26 2
13 9 3 50 42 90 88 31 27 37 15 75 72 39 26 62 34 2 5 13 46 2
14 78 92 43 26 15 53 88 87 84 56 50 74 91 6 47 14 60 5 15 61 2
15 55 68 100 90 52 13 5 27 73 50 32 83 41 59 23 99 1 19 81 3 3
16 41 24 94 3 38 89 91 76 59 68 30 89 74 69 39 43 81 31 94 31 4
17 81 51 18 46 54 40 91 35 31 37 52 14 36 62 80 55 75 85 40 90 2
18 22 16 58 39 95 61 31 76 27 49 21 27 1 80 56 80 47 45 60 57 1
19 1 97 97 64 86 38 82 5 8 96 41 41 87 58 85 36 11 36 78 60 2
