4 20
617 734 819 830 
0 15 5 26 23 45 42 56 60 45 92 79 68 91 90 82 43 97 88 41 96 1
1 39 29 73 72 12 6 51 41 76 11 96 94 90 66 7 61 45 45 36 44 4
2 26 35 3 6 86 76 50 55 36 51 24 81 88 78 25 44 74 13 76 16 4
3 16 20 67 67 11 21 62 68 86 45 32 19 57 76 30 5 72 73 88 69 2
4 40 37 94 88 32 30 78 81 36 78 5 48 9 61 91 93 18 90 24 12 3
5 1 7 52 61 12 8 67 62 12 86 65 59 69 57 12 41 74 99 30 66 2
6 65 58 86 85 7 11 28 38 75 69 59 54 42 79 1 49 36 100 9 72 3
7 20 29 79 75 19 14 49 52 93 66 40 70 25 94 36 84 14 50 23 66 4
8 50 54 27 21 91 87 47 54 6 4 12 50 99 67 96 12 46 35 2 55 1
9 49 47 1 2 56 48 7 3 97 5 83 86 84 36 54 58 63 31 79 49 2
10 67 73 16 11 65 58 93 96 22 50 26 26 4 26 47 91 57 36 19 90 1
11 21 24 27 35 39 45 53 56 100 25 36 67 49 67 44 97 17 31 15 25 4
12 103 93 39 44 86 86 43 37 47 61 86 32 29 54 88 73 61 26 27 100 1
13 63 69 5 8 53 54 103 93 70 98 30 62 47 62 13 2 65 41 100 40 1
14 23 14 40 48 70 75 8 9 53 34 59 37 47 22 85 92 10 61 41 15 4
15 51 46 75 68 99 91 7 5 9 97 96 49 5 90 54 55 2 72 91 44 4
16 34 30 11 9 102 95 87 82 74 71 64 57 10 84 80 7 51 37 90 52 1
17 1 1 105 96 95 90 71 77 32 16 81 35 79 60 15 43 34 61 92 74 2
18 96 98 25 21 33 43 54 58 23 73 84 29 81 59 80 38 97 26 78 28 3
19 11 3 71 78 52 44 4 11 86 70 41 95 66 42 26 43 6 33 9 58 1
