4 20
592 936 800 651 
0 61 53 72 71 91 90 2 8 86 61 20 19 97 2 14 4 29 56 95 87 2
1 31 37 70 72 4 14 43 49 95 95 84 15 14 95 25 26 74 80 57 64 2
2 3 7 88 78 50 56 35 27 61 25 36 58 14 48 49 42 76 81 92 89 4
3 14 16 81 71 9 17 68 72 98 6 3 77 2 98 38 57 54 23 54 51 3
4 16 25 75 68 8 18 75 69 26 63 70 1 44 26 81 69 84 21 21 46 3
5 10 11 65 65 12 12 67 66 76 3 57 87 3 30 68 59 100 87 71 8 1
6 70 70 91 97 20 23 41 50 16 3 64 27 71 1 9 30 94 64 72 30 1
7 50 45 88 83 28 22 58 60 40 3 42 18 54 63 72 53 6 23 19 23 3
8 1 2 78 69 34 35 19 10 40 51 59 15 26 65 88 87 83 82 70 55 3
9 51 59 7 6 58 60 14 7 97 9 37 10 9 64 81 37 70 79 56 68 3
10 17 13 45 51 94 98 43 36 46 47 97 17 27 60 83 2 25 64 63 14 3
11 93 100 20 11 11 21 38 32 18 41 91 71 94 25 63 26 50 2 94 71 2
12 56 65 5 8 60 58 9 1 1 2 68 17 3 90 36 26 91 65 74 14 2
13 18 9 47 56 87 94 45 41 37 99 73 64 79 92 11 63 47 53 96 20 2
14 58 58 96 92 26 19 43 53 91 77 87 13 79 87 16 44 67 55 68 40 2
15 3 10 27 32 51 55 59 69 60 4 89 39 17 90 51 63 26 1 7 11 1
16 14 6 86 93 69 79 67 58 68 20 91 20 43 12 2 71 7 60 22 34 2
17 38 41 30 36 20 30 33 25 32 11 46 72 12 17 95 94 60 90 44 52 4
18 62 54 70 77 99 99 20 14 73 51 96 34 26 42 52 81 98 64 25 74 3
19 67 59 27 34 108 100 60 67 31 99 56 99 87 2 35 13 86 19 55 29 1
