4 20
520 531 500 503 
0 83 87 2 5 34 24 45 42 30 19 14 79 76 87 69 72 69 76 13 29 2
1 65 67 4 2 38 44 77 79 39 85 68 47 47 69 30 42 48 96 81 48 1
2 35 29 91 100 74 70 51 41 45 64 56 52 86 96 89 33 31 10 97 7 3
3 16 22 75 69 24 15 62 70 57 93 53 21 33 32 86 20 81 57 43 52 3
4 94 87 40 38 94 88 32 31 80 17 20 81 32 98 63 89 16 22 22 12 1
5 80 85 35 39 90 94 50 40 18 42 91 10 50 34 75 56 60 28 68 46 1
6 13 8 42 35 63 61 84 88 36 3 70 31 63 4 37 60 87 90 73 16 4
7 45 35 75 73 15 12 45 50 40 33 98 55 92 14 60 16 68 11 17 45 4
8 23 28 100 95 64 69 28 36 90 72 2 12 19 14 75 85 64 99 27 49 1
9 19 25 75 72 26 26 82 73 70 63 99 91 51 35 61 19 50 71 53 65 1
10 84 75 12 21 61 60 10 6 55 93 17 85 81 62 49 87 21 13 28 29 1
11 40 38 46 49 58 59 72 70 20 83 54 71 80 8 17 68 63 93 75 10 1
12 97 99 54 50 101 92 37 43 40 28 17 40 31 46 17 8 95 40 85 58 1
13 57 63 1 2 55 48 97 87 95 36 61 87 51 78 47 46 66 46 41 53 2
14 69 60 78 86 16 21 38 47 100 67 29 18 84 61 79 8 55 98 14 26 3
15 73 72 97 94 21 17 37 39 19 84 70 68 45 62 95 35 62 61 42 93 2
16 39 48 32 35 15 21 8 8 61 19 25 53 75 24 6 71 22 6 31 17 2
17 1 3 92 90 82 84 74 79 30 11 57 56 82 16 92 30 37 21 93 33 4
18 61 56 69 79 1 1 19 16 28 100 28 70 45 86 11 5 73 17 43 12 2
19 53 53 21 28 94 94 54 61 81 70 43 83 87 37 74 65 91 66 65 16 3
