4 20
160 224 210 218 
0 77 7 54 25 38 44 15 62 25 22 88 83 40 66 34 44 31 39 98 83 1
1 42 27 58 62 67 96 75 39 5 78 74 90 79 41 25 67 40 80 7 47 1
2 11 85 20 56 20 34 29 5 57 26 85 23 91 71 95 82 24 39 7 5 2
3 31 14 8 69 84 15 69 70 60 58 5 33 87 61 6 68 87 31 30 20 4
4 93 39 69 90 38 32 14 83 92 7 28 100 39 95 4 14 54 39 91 91 3
5 100 37 9 83 9 38 18 92 10 56 88 26 71 37 92 6 46 11 58 52 1
6 25 56 81 91 30 17 78 44 7 93 82 6 90 38 50 34 44 89 71 15 2
7 23 91 63 29 96 68 36 6 13 89 88 83 42 2 49 4 76 52 78 25 2
8 26 32 86 99 39 73 91 40 44 41 10 49 33 10 41 23 8 18 61 28 2
9 82 45 50 92 19 46 79 93 32 42 82 7 86 1 17 55 46 58 54 99 1
10 54 75 47 13 31 60 24 98 49 67 56 6 21 92 27 88 41 4 93 96 2
11 50 14 23 25 87 35 60 46 88 23 33 24 10 70 9 13 60 86 72 2 2
12 82 3 43 46 3 96 64 39 13 31 59 64 32 60 1 59 41 32 62 60 2
13 29 7 70 54 10 100 59 39 97 91 68 34 64 98 24 16 8 88 92 41 1
14 42 4 15 38 87 65 60 99 53 82 74 47 16 37 62 19 21 60 30 84 3
15 63 40 8 62 60 85 13 7 80 43 81 41 41 59 16 10 78 2 93 41 1
16 73 64 26 51 70 29 23 16 20 1 26 29 98 100 61 11 64 53 81 63 2
17 97 63 34 58 70 52 7 47 1 13 66 18 33 41 56 11 67 67 32 41 3
18 30 12 66 27 3 49 39 72 40 9 7 20 81 25 83 3 41 44 1 53 1
19 21 85 9 52 6 18 2 93 2 40 48 81 39 11 42 20 95 23 10 6 2
