4 20
519 425 579 543 
0 29 19 47 37 66 56 84 74 66 46 81 42 31 37 24 36 2 98 10 96 2
1 11 1 88 78 64 54 49 39 45 68 71 79 51 77 26 35 43 47 13 86 4
2 17 7 52 42 86 76 29 19 95 66 75 88 89 12 79 10 23 31 9 6 2
3 88 78 96 86 13 3 21 11 24 15 55 13 2 21 20 97 15 24 28 45 3
4 103 93 74 64 44 34 15 5 9 69 8 53 20 91 14 56 12 13 13 49 2
5 65 55 74 64 74 64 83 73 39 86 8 13 46 99 79 5 20 9 61 83 1
6 28 18 83 73 29 19 76 66 42 70 44 10 32 100 42 52 90 9 28 7 3
7 45 35 22 12 98 88 75 65 29 11 79 29 61 34 84 2 36 64 37 67 2
8 65 55 16 6 58 48 109 99 59 34 43 57 68 73 38 34 91 68 30 16 2
9 63 53 39 29 108 98 76 66 4 28 41 19 70 68 60 90 63 58 64 24 4
10 47 37 93 83 48 38 94 84 36 45 38 11 11 51 50 65 98 88 13 33 2
11 78 68 79 69 87 77 96 86 69 41 57 48 42 1 3 91 32 83 60 45 2
12 42 32 77 67 103 93 30 20 39 35 74 76 29 42 45 69 42 20 90 6 4
13 75 65 23 13 72 62 28 18 13 58 40 87 93 95 19 40 90 77 13 33 3
14 73 63 11 1 50 40 88 78 67 18 9 8 45 14 86 53 45 73 77 97 2
15 77 67 17 7 50 40 90 80 27 9 46 98 9 12 97 83 1 21 37 9 4
16 86 76 53 43 19 9 86 76 34 2 67 48 19 43 68 25 4 4 45 88 3
17 76 66 28 18 89 79 41 31 30 82 77 99 47 3 58 60 5 62 8 25 2
18 103 93 50 40 104 94 59 49 8 40 62 32 3 22 93 98 90 28 27 6 4
19 68 58 28 18 97 87 57 47 50 96 41 57 73 91 83 9 79 95 84 69 2
