4 20
513 519 573 549 
0 103 93 21 11 40 30 58 48 10 98 75 87 90 59 34 85 76 75 53 21 1
1 25 15 102 92 78 68 63 53 61 12 71 28 41 71 69 6 51 30 55 7 4
2 63 53 106 96 40 30 83 73 99 24 97 81 62 34 47 50 57 91 11 92 1
3 30 20 46 36 55 45 71 61 7 87 40 56 79 3 35 78 71 4 23 10 2
4 93 83 64 54 34 24 105 95 58 54 48 70 88 81 5 9 6 95 6 85 1
5 83 73 92 82 92 82 101 91 25 97 18 88 45 36 62 72 81 94 99 73 4
6 30 20 77 67 31 21 78 68 72 34 79 3 70 63 16 70 5 16 71 28 1
7 59 49 36 26 12 2 97 87 54 92 42 50 22 95 39 35 31 60 100 69 1
8 59 49 102 92 52 42 103 93 52 74 45 41 20 30 83 93 97 89 8 96 1
9 53 43 21 11 98 88 66 56 29 91 93 5 62 94 99 33 19 59 64 22 2
10 49 39 95 85 50 40 96 86 26 53 42 63 48 35 27 67 4 14 90 74 4
11 104 94 13 3 13 3 22 12 100 13 53 22 75 27 3 87 61 34 20 80 2
12 56 46 83 73 109 99 36 26 70 11 76 44 7 88 5 33 62 93 10 90 1
13 77 67 25 15 74 64 30 20 18 70 14 77 15 19 13 19 92 84 65 12 1
14 27 17 65 55 104 94 42 32 58 79 67 31 84 58 84 75 100 45 60 70 1
15 31 21 63 53 104 94 36 26 5 4 63 12 23 2 41 89 23 81 5 20 2
16 60 50 27 17 93 83 68 58 74 27 48 99 25 72 21 4 92 5 21 90 1
17 94 84 46 36 107 97 59 49 53 81 91 13 75 45 78 42 78 32 32 90 1
18 105 95 60 50 106 96 61 51 46 84 65 59 67 16 8 76 71 52 20 49 1
19 26 16 94 84 55 45 23 13 43 65 7 89 23 77 57 26 3 48 31 64 2
