4 20
197 184 144 213 
0 37 27 55 45 74 64 92 82 53 1 73 100 5 76 67 53 22 13 33 33 3
1 99 89 76 66 60 50 37 27 85 48 48 44 49 11 57 41 23 15 2 84 1
2 93 83 36 26 70 60 13 3 82 89 18 84 40 28 95 92 8 10 93 78 3
3 96 86 12 2 21 11 37 27 61 8 34 64 48 56 72 22 7 48 95 96 4
4 107 97 78 68 48 38 19 9 42 18 67 51 42 26 49 8 57 7 3 61 4
5 29 19 38 28 38 28 47 37 95 30 85 56 53 43 18 71 15 26 68 96 3
6 28 18 83 73 29 19 76 66 63 66 44 43 49 22 40 28 14 66 47 71 1
7 17 7 94 84 70 60 55 45 6 12 17 94 40 6 11 6 7 34 92 55 2
8 21 11 72 62 22 12 65 55 57 64 2 9 47 98 21 41 60 58 95 12 3
9 83 73 51 41 20 10 96 86 93 47 92 86 7 35 81 25 51 23 57 49 3
10 23 13 77 67 24 14 78 68 20 100 93 62 7 39 96 92 3 16 70 81 2
11 46 36 55 45 63 53 72 62 93 84 40 89 50 39 17 100 95 100 36 82 3
12 86 76 13 3 39 29 66 56 40 65 29 52 85 78 92 95 87 83 45 26 2
13 43 33 91 81 48 38 96 86 9 77 88 79 48 25 51 66 60 61 44 20 1
14 17 7 55 45 94 84 32 22 94 71 6 86 99 18 57 66 67 56 3 23 1
15 93 83 25 15 66 56 98 88 60 65 35 64 6 71 66 84 89 68 80 42 4
16 86 76 53 43 19 9 94 84 97 80 52 6 100 71 80 23 68 16 45 89 1
17 24 14 76 66 29 19 81 71 92 85 63 79 94 11 93 85 73 86 78 32 4
18 71 61 26 16 72 62 27 17 8 41 78 36 2 9 52 5 65 40 36 26 2
19 88 78 56 46 17 7 85 75 9 85 25 33 39 16 63 38 42 3 10 82 4
