4 20
729 680 832 862 
0 45 95 22 13 98 32 75 50 38 70 12 34 85 56 28 81 86 41 80 94 3
1 18 51 34 86 43 28 59 63 99 65 9 84 37 2 100 67 5 14 98 60 2
2 19 33 20 4 28 74 29 45 28 3 62 3 50 75 9 54 26 1 67 85 2
3 23 14 100 69 76 15 53 70 13 14 64 24 24 12 67 67 70 45 62 29 2
4 25 51 93 94 70 44 38 95 59 78 89 7 13 55 100 91 73 55 78 72 1
5 36 69 45 15 45 70 54 16 71 25 27 19 91 72 46 21 45 55 18 12 1
6 73 44 21 71 70 97 26 24 88 7 68 55 46 76 86 22 24 27 2 38 3
7 7 79 47 17 80 56 20 94 88 11 8 50 69 19 72 50 53 20 10 35 4
8 58 28 18 3 71 69 23 36 81 2 70 56 99 94 26 96 88 62 22 9 4
9 2 93 70 40 31 94 99 41 68 54 82 15 99 37 78 87 90 51 74 61 2
10 94 15 87 61 71 100 64 46 90 44 51 79 84 21 81 67 22 79 66 40 3
11 70 10 35 21 7 31 72 42 53 94 68 87 67 9 66 66 88 72 80 37 4
12 62 19 23 70 83 12 44 63 62 22 70 88 22 59 70 26 93 83 80 56 2
13 61 79 10 26 50 64 91 11 75 86 83 62 45 82 95 92 11 20 25 17 2
14 34 76 7 10 71 37 44 71 38 44 13 73 3 47 65 44 1 48 79 46 3
15 39 24 92 46 36 61 89 83 78 66 37 79 21 89 89 89 21 71 86 63 3
16 77 36 30 23 74 9 27 88 4 5 44 2 28 34 85 27 42 82 12 64 4
17 41 27 78 22 14 8 43 3 72 92 6 77 29 3 9 98 43 72 84 26 4
18 90 40 26 63 63 77 99 100 79 24 8 47 36 53 61 23 90 58 45 47 1
19 69 29 57 96 54 62 42 37 100 43 13 40 2 51 100 100 76 67 48 72 1
