4 20
872 968 748 830 
0 25 15 43 33 62 52 80 70 53 15 67 44 64 69 27 14 98 5 13 86 4
1 67 57 44 34 20 10 97 87 26 84 51 66 11 55 88 47 15 29 10 40 2
2 25 15 60 50 94 84 37 27 85 33 72 19 7 77 58 81 55 100 73 3 2
3 80 70 88 78 105 95 13 3 33 42 33 8 75 31 87 44 1 51 43 52 4
4 47 37 26 16 96 86 67 57 35 97 50 38 27 71 90 88 85 49 61 91 1
5 37 27 38 28 46 36 47 37 13 26 26 64 80 75 71 55 83 82 15 1 1
6 28 18 83 73 29 19 76 66 70 72 64 67 58 100 31 95 48 22 51 93 2
7 101 91 86 76 62 52 39 29 4 82 75 89 100 29 49 87 53 56 87 33 3
8 33 23 84 74 34 24 77 67 2 48 20 97 67 58 17 59 6 80 78 41 3
9 107 97 83 73 52 42 20 10 7 5 5 1 58 46 4 89 8 11 23 53 4
10 55 45 109 99 56 46 110 100 29 9 71 61 53 61 49 15 73 82 79 65 3
11 90 80 91 81 99 89 108 98 95 34 54 81 18 71 98 54 19 68 8 26 3
12 74 64 101 91 27 17 54 44 97 71 38 35 88 78 64 12 52 59 7 51 4
13 83 73 39 29 88 78 36 26 68 55 31 11 95 4 18 98 47 61 9 93 2
14 97 87 35 25 74 64 12 2 1 41 27 93 84 30 19 40 34 64 57 53 3
15 77 67 109 99 50 40 82 72 2 53 52 15 99 61 3 10 88 55 38 67 4
16 82 72 49 39 23 13 90 80 79 74 23 41 65 18 37 41 35 55 11 69 4
17 56 46 108 98 61 51 21 11 42 29 57 41 6 69 36 41 73 99 18 7 4
18 19 9 66 56 20 10 75 65 68 30 4 21 2 88 40 57 32 31 98 85 2
19 108 98 68 58 37 27 97 87 40 36 61 30 2 45 46 13 20 71 8 59 2
