4 20
215 221 182 168 
0 26 17 37 35 48 54 80 72 41 20 54 88 51 97 46 57 56 62 34 38 3
1 9 5 48 40 82 82 21 17 13 30 32 51 84 79 52 33 76 52 19 34 2
2 100 95 64 66 39 36 3 7 84 18 31 90 48 45 93 88 37 27 27 23 4
3 22 20 60 67 17 21 68 68 53 100 56 51 43 14 82 87 49 38 71 92 3
4 16 25 70 76 16 26 62 69 23 64 39 11 93 6 13 100 72 87 16 74 4
5 71 75 39 29 86 76 20 30 38 7 37 34 34 35 36 70 80 87 84 43 2
6 74 70 103 97 24 23 45 50 97 10 67 64 11 65 45 26 51 8 79 56 2
7 50 49 88 87 20 26 58 64 46 57 82 54 54 88 63 47 27 54 76 83 4
8 68 58 24 25 88 91 65 58 69 53 72 1 31 31 87 6 56 47 100 97 2
9 109 99 52 54 95 100 59 55 32 27 40 100 31 5 42 96 83 97 30 4 2
10 30 25 66 71 7 10 64 56 77 19 11 29 19 7 79 93 91 42 43 89 2
11 23 28 37 39 49 49 55 60 82 31 40 25 69 90 34 45 24 31 47 7 4
12 78 77 27 20 61 70 10 13 13 66 10 4 10 37 9 89 11 65 73 33 1
13 106 97 43 44 83 82 33 29 96 18 9 100 13 32 45 70 98 39 62 56 4
14 42 42 80 76 2 3 40 37 51 93 24 13 23 24 94 82 49 30 100 23 3
15 63 70 92 84 16 7 19 29 89 30 30 19 57 57 17 18 70 55 86 7 4
16 56 58 33 37 16 23 9 10 78 78 39 5 72 19 96 14 95 49 93 85 2
17 36 37 28 32 18 26 31 21 44 24 47 69 25 73 46 76 93 56 47 61 1
18 63 70 92 93 13 7 21 30 26 92 100 8 77 55 24 15 99 39 45 12 2
19 59 59 40 34 100 100 73 67 49 23 78 90 28 86 79 56 46 87 41 41 3
