4 20
417 573 535 449 
0 55 45 73 63 92 82 110 100 97 7 91 34 94 22 21 78 94 85 96 99 3
1 97 87 74 64 50 40 35 25 37 57 92 17 7 78 48 14 53 41 72 2 1
2 63 53 98 88 40 30 75 65 63 83 48 8 11 49 34 32 20 11 100 37 4
3 38 28 46 36 63 53 71 61 60 81 10 81 62 79 29 98 67 65 48 1 4
4 13 3 84 74 62 52 33 23 80 96 44 87 74 92 86 94 52 68 13 2 2
5 47 37 56 46 56 46 65 55 100 69 50 40 29 53 15 82 80 64 30 18 3
6 26 16 81 71 27 17 82 72 39 34 18 61 86 4 25 22 16 42 77 62 4
7 23 13 108 98 84 74 61 51 80 13 60 68 60 34 20 17 24 92 92 25 4
8 71 61 22 12 64 54 15 5 94 58 77 87 45 9 26 46 19 59 79 66 4
9 81 71 49 39 26 16 94 84 100 73 73 16 6 83 76 84 28 72 35 83 4
10 45 35 91 81 46 36 92 82 20 21 32 16 39 28 79 4 5 67 71 78 3
11 44 34 53 43 61 51 70 60 62 57 40 37 8 34 25 51 71 18 12 1 2
12 36 26 63 53 89 79 16 6 53 19 74 67 15 44 77 36 54 19 74 100 2
13 73 63 21 11 70 60 18 8 52 31 6 15 48 57 48 65 52 7 90 47 2
14 11 1 49 39 88 78 34 24 61 62 2 45 86 30 14 50 45 60 57 60 2
15 31 21 71 61 104 94 44 34 56 62 22 36 77 59 17 16 78 13 21 41 1
16 12 2 79 69 45 35 12 2 5 100 56 41 37 96 96 93 99 82 14 69 2
17 58 48 110 100 63 53 23 13 75 31 20 44 57 55 64 64 68 43 5 61 2
18 101 91 48 38 102 92 49 39 34 24 77 78 95 99 87 90 13 68 64 91 1
19 110 100 70 60 39 29 99 89 10 75 1 38 10 4 5 65 96 85 35 77 4
