4 20
234 198 207 210 
0 85 75 103 93 22 12 40 30 80 35 33 98 89 61 99 52 55 21 51 70 2
1 27 17 104 94 88 78 65 55 2 91 45 96 82 95 61 31 92 35 99 97 2
2 101 91 36 26 78 68 13 3 39 71 60 32 20 67 5 53 60 27 89 80 4
3 96 86 104 94 21 11 29 19 25 35 95 43 68 64 67 93 74 24 39 29 3
4 79 69 50 40 20 10 99 89 56 68 43 87 63 20 49 96 74 12 13 27 3
5 65 55 74 64 74 64 83 73 70 46 69 51 48 45 94 70 77 48 61 70 2
6 32 22 79 69 25 15 80 70 24 56 55 59 6 46 38 88 38 4 85 54 2
7 45 35 22 12 106 96 83 73 70 70 76 75 17 68 39 4 25 48 98 24 4
8 109 99 60 50 102 92 53 43 53 93 52 60 4 94 56 88 24 96 36 54 3
9 55 45 23 13 92 82 68 58 3 51 60 37 41 22 29 17 60 82 97 59 1
10 27 17 81 71 28 18 82 72 61 82 47 16 90 11 94 67 63 85 69 10 4
11 106 96 15 5 23 13 24 14 94 83 37 28 85 92 48 28 93 6 3 60 2
12 106 96 33 23 59 49 86 76 38 73 59 22 69 63 39 32 97 54 81 48 3
13 55 45 103 93 52 42 100 90 97 97 45 89 63 83 50 98 89 33 4 38 1
14 25 15 63 53 110 100 48 38 44 5 12 4 1 45 23 99 84 61 68 3 1
15 85 75 25 15 66 56 98 88 86 26 9 23 51 45 97 44 5 40 67 63 1
16 34 24 101 91 75 65 42 32 6 2 65 19 62 50 25 33 93 61 70 48 4
17 60 50 12 2 73 63 25 15 12 71 34 65 88 18 62 71 48 15 70 45 3
18 75 65 30 20 84 74 31 21 87 75 78 84 48 21 38 78 87 90 65 32 3
19 104 94 72 62 41 31 101 91 38 29 28 78 36 14 62 6 3 43 46 80 4
