4 20
780 897 736 846 
0 21 31 53 49 72 68 83 86 45 69 6 21 9 72 99 54 27 86 17 84 4
1 72 75 27 18 45 52 100 95 39 2 14 74 79 38 64 19 45 70 49 9 3
2 40 45 25 24 87 94 64 65 67 66 4 80 63 22 60 73 93 24 77 93 4
3 13 18 64 65 21 19 59 66 86 78 59 51 49 92 18 48 40 2 98 46 1
4 35 43 102 94 48 44 94 87 48 59 75 99 46 61 77 67 36 28 9 76 3
5 14 5 61 51 16 6 50 60 24 22 69 57 17 53 80 45 93 71 56 37 1
6 44 52 73 79 15 5 36 32 86 64 1 88 8 30 100 76 84 7 47 45 2
7 72 75 10 13 50 52 80 90 59 9 89 82 51 17 78 87 9 22 22 82 4
8 89 80 45 47 22 13 86 80 7 58 57 36 82 62 7 67 21 24 56 26 1
9 35 45 107 100 42 46 1 1 99 80 33 100 21 58 20 8 80 91 11 41 3
10 1 3 41 41 98 88 18 26 14 77 2 43 93 66 54 58 85 70 96 9 4
11 85 82 91 93 3 3 9 14 71 67 55 66 18 45 33 73 55 5 18 58 3
12 3 7 60 58 99 100 56 51 84 33 72 3 97 59 77 85 27 13 93 86 2
13 88 91 38 38 78 76 15 23 87 70 49 76 47 7 69 2 26 57 47 83 2
14 95 92 33 26 63 53 80 87 45 18 59 67 97 52 60 30 92 3 74 44 4
15 58 64 95 86 19 9 14 23 72 41 80 79 5 20 48 10 37 30 44 99 1
16 82 84 67 71 58 57 43 44 92 78 43 31 92 27 40 9 64 66 3 46 3
17 36 31 28 26 10 12 2 7 44 36 3 12 25 29 75 86 2 62 24 67 4
18 17 24 46 47 67 61 75 84 32 94 12 28 61 62 83 44 68 43 99 74 3
19 37 29 89 96 70 62 30 37 88 44 44 42 60 35 55 64 27 20 42 84 4
