4 20
517 489 493 511 
0 107 97 25 15 44 34 62 52 94 94 38 90 77 27 51 52 3 77 84 44 3
1 69 59 46 36 22 12 107 97 34 37 83 50 23 70 42 57 86 50 60 4 4
2 55 45 98 88 32 22 75 65 61 48 15 46 54 26 7 31 14 27 20 23 1
3 38 28 54 44 63 53 79 69 2 86 11 41 48 31 25 83 34 86 94 14 4
4 41 31 12 2 82 72 53 43 36 56 6 74 51 23 91 64 80 28 53 99 4
5 19 9 20 10 28 18 29 19 15 1 75 14 60 29 59 20 92 85 91 42 3
6 30 20 77 67 31 21 78 68 12 55 55 55 47 99 86 56 57 61 73 22 4
7 95 85 72 62 48 38 33 23 36 55 86 1 88 56 11 42 75 96 11 60 3
8 83 73 34 24 84 74 35 25 35 5 96 2 67 95 71 31 94 72 75 20 2
9 109 99 77 67 54 44 22 12 77 65 15 6 42 63 50 18 19 78 81 34 3
10 41 31 87 77 42 32 88 78 9 58 9 75 83 92 22 68 22 53 9 18 4
11 92 82 101 91 101 91 110 100 46 92 97 54 32 66 24 61 78 96 58 77 3
12 24 14 51 41 77 67 104 94 80 4 96 75 29 19 9 67 8 52 36 96 4
13 61 51 109 99 66 56 14 4 94 6 34 100 21 66 74 92 42 74 22 89 2
14 95 85 41 31 80 70 18 8 4 41 89 82 47 17 8 34 6 39 49 41 3
15 31 21 71 61 104 94 44 34 9 7 41 56 60 28 39 92 77 37 85 84 4
16 56 46 31 21 97 87 64 54 36 18 95 85 66 74 30 29 84 30 97 56 2
17 14 4 74 64 27 17 79 69 42 6 1 35 67 61 39 39 25 51 92 18 3
18 89 79 44 34 90 80 45 35 80 40 5 90 20 80 13 61 7 62 63 92 3
19 86 76 54 44 15 5 83 73 75 17 70 36 25 21 7 63 24 33 92 25 3
