4 20
716 888 678 763 
0 48 57 67 75 99 94 10 12 87 84 76 53 7 21 1 17 6 9 23 24 3
1 21 29 60 64 7 6 33 41 90 11 6 70 43 50 31 73 12 91 73 32 2
2 62 63 39 34 1 4 78 75 3 81 70 49 85 33 4 30 65 94 34 44 2
3 10 16 69 71 18 17 77 72 15 100 8 8 48 30 62 68 26 78 12 69 3
4 43 49 97 100 43 50 102 93 13 5 33 67 18 40 67 40 5 81 67 60 2
5 1 3 44 49 1 4 46 50 26 83 86 30 25 27 41 50 61 24 74 44 2
6 44 38 65 65 102 99 23 26 56 52 54 75 16 69 40 39 44 16 46 18 3
7 11 21 49 59 102 98 40 36 86 1 3 24 13 96 54 43 1 46 9 46 2
8 99 98 63 73 40 39 4 6 1 79 20 73 11 76 32 47 31 70 25 56 3
9 42 43 98 90 49 44 92 91 66 2 83 52 81 73 20 75 63 41 70 86 1
10 25 33 66 71 23 18 64 56 10 89 66 84 85 79 93 27 31 38 30 61 2
11 41 40 55 51 59 61 73 72 85 30 28 5 54 22 99 57 3 61 21 33 1
12 24 29 73 72 20 14 56 65 43 32 8 6 54 58 62 13 33 93 66 19 2
13 21 21 71 68 1 6 48 53 12 98 7 39 62 6 26 74 52 88 95 30 2
14 67 70 5 4 35 31 73 65 71 10 12 20 28 23 4 92 91 57 75 48 4
15 78 82 2 4 18 27 34 41 55 36 46 11 57 47 8 84 93 68 98 21 1
16 38 46 31 33 14 19 1 6 92 91 49 37 83 15 21 23 31 63 13 67 1
17 59 61 43 48 33 42 46 37 45 28 50 5 6 27 64 28 25 81 10 27 1
18 59 50 59 65 88 87 9 2 99 81 80 53 30 89 64 59 72 26 32 3 2
19 55 47 7 14 96 88 48 55 71 98 81 28 33 22 46 31 46 33 24 73 4
