4 20
568 475 498 451 
0 89 99 66 17 42 36 27 54 69 2 45 67 89 75 68 64 37 55 36 11 4
1 26 43 42 78 51 20 67 55 74 68 33 64 67 25 24 1 1 30 72 75 3
2 47 81 56 52 56 30 65 1 31 94 48 27 78 56 99 14 44 57 8 90 3
3 59 14 36 69 12 15 97 70 10 38 33 36 88 45 3 82 74 49 39 8 3
4 81 75 57 26 26 76 94 27 96 47 12 33 30 32 94 47 89 23 96 71 3
5 24 61 33 7 33 62 42 8 61 2 90 77 35 80 66 95 28 94 93 99 1
6 57 20 5 47 62 73 10 100 8 99 25 23 33 34 24 22 41 60 17 3 4
7 15 47 47 85 88 24 20 62 38 4 32 67 3 30 14 82 68 98 81 21 1
8 86 32 38 99 91 65 51 40 86 48 19 14 8 58 58 24 60 18 64 48 3
9 62 77 30 24 91 78 59 25 27 5 44 61 84 17 62 75 13 61 55 88 1
10 86 35 71 73 63 20 48 58 83 25 45 11 50 57 48 42 76 30 61 75 4
11 58 42 31 53 3 63 68 74 27 50 64 38 65 76 84 65 28 40 91 46 2
12 2 83 63 26 23 76 84 19 11 80 57 62 44 53 37 64 41 67 99 53 4
13 89 91 30 30 70 76 11 23 59 89 46 69 31 92 32 18 74 56 48 44 3
14 6 88 71 14 43 49 16 75 43 36 93 65 63 73 58 12 72 15 22 91 3
15 47 96 100 18 44 41 97 55 6 96 94 97 40 7 46 29 66 85 67 84 2
16 9 76 62 63 6 49 59 36 47 55 45 76 62 91 25 53 87 84 78 52 3
17 57 39 94 34 30 28 67 15 71 44 48 61 28 45 65 18 21 86 76 33 2
18 6 28 42 51 79 65 15 88 54 29 95 90 41 52 32 28 44 58 93 96 1
19 81 9 77 84 74 50 62 17 24 7 51 100 1 35 91 89 18 57 6 2 2
