4 20
572 595 502 505 
0 61 51 38 69 14 88 99 6 33 47 4 50 57 47 15 14 63 67 79 76 2
1 34 35 42 78 59 12 67 47 95 59 68 52 54 26 83 44 76 22 21 81 1
2 19 9 20 80 20 50 29 21 92 99 40 12 69 49 4 51 100 20 89 41 1
3 23 18 100 65 84 19 61 66 72 85 13 22 24 43 98 7 97 73 57 50 1
4 9 95 85 46 54 88 22 39 17 35 76 69 43 5 67 6 15 80 73 25 4
5 64 49 73 3 81 50 90 4 91 9 10 2 85 9 26 61 87 96 3 77 1
6 53 100 1 27 50 61 98 88 87 50 46 43 88 100 74 76 1 72 72 55 3
7 15 31 55 77 88 16 28 54 3 32 76 86 89 45 10 91 100 75 40 42 3
8 42 84 2 51 55 17 7 92 4 87 71 60 64 45 85 1 10 69 8 66 4
9 46 65 6 20 75 66 35 21 15 50 4 72 62 60 76 56 39 67 36 65 2
10 78 95 63 33 55 80 40 18 42 34 51 33 11 17 28 23 4 20 55 95 2
11 10 58 75 69 47 79 20 90 97 28 61 31 62 22 42 5 99 96 76 67 3
12 26 11 87 62 39 4 100 47 64 72 11 56 25 42 17 61 1 76 48 56 1
13 49 43 90 90 30 28 71 75 56 95 48 5 98 18 68 58 8 68 20 64 2
14 42 44 7 70 79 5 52 31 68 63 82 99 19 60 65 76 65 69 51 88 1
15 51 32 4 54 48 77 1 91 43 53 90 56 20 97 31 1 77 93 98 90 4
16 29 100 74 87 26 73 71 52 4 91 91 64 15 36 17 27 52 21 69 13 2
17 65 99 2 86 38 80 75 75 49 94 75 15 100 76 17 88 94 76 95 53 2
18 14 72 50 95 87 17 23 32 76 49 61 11 59 40 68 72 47 17 15 60 2
19 41 53 37 28 26 94 22 61 46 64 62 56 30 53 77 100 54 34 81 47 2
