4 20
478 451 450 373 
0 47 77 24 95 100 14 85 32 58 29 49 52 47 37 52 69 87 66 1 73 1
1 84 81 92 24 9 58 17 1 57 89 28 24 42 13 3 45 42 85 41 99 3
2 1 19 2 98 10 68 11 39 13 15 24 88 67 54 47 86 33 48 75 70 3
3 9 16 86 71 70 17 47 72 65 11 70 15 64 11 5 32 90 1 41 46 4
4 27 1 95 52 72 94 40 45 40 82 34 3 33 7 31 88 50 86 48 4 1
5 38 47 47 1 55 48 56 2 92 92 100 73 84 46 89 50 33 58 57 50 4
6 43 94 99 21 48 47 96 74 19 86 91 86 37 4 30 62 2 31 98 77 4
7 69 77 1 15 42 54 74 92 70 23 98 84 29 32 59 25 5 66 92 11 4
8 24 10 84 77 37 43 89 10 43 37 67 8 71 1 17 71 68 76 42 13 4
9 88 63 48 10 17 64 77 19 31 60 92 69 78 53 45 69 48 57 60 11 1
10 24 25 9 63 1 10 86 48 95 17 73 89 29 100 3 72 68 58 77 64 1
11 36 24 1 35 73 45 38 56 95 25 13 77 4 93 41 74 64 82 13 4 4
12 84 25 45 76 5 18 66 69 74 89 27 90 92 59 82 20 2 80 13 30 3
13 79 73 20 20 60 58 1 5 97 6 37 95 58 74 67 77 33 2 13 70 4
14 60 14 25 48 97 83 70 9 18 97 70 5 60 7 56 7 73 47 98 70 2
15 49 50 2 72 54 95 99 9 51 88 14 63 32 42 57 95 74 3 7 26 4
16 35 62 80 49 32 27 77 14 2 7 99 60 69 78 42 76 35 4 38 75 2
17 27 21 56 16 92 10 29 5 93 28 73 64 4 59 95 34 59 81 3 66 4
18 68 98 4 13 41 35 77 58 90 70 10 47 12 29 99 51 81 43 78 59 1
19 71 79 67 46 56 12 52 87 8 1 21 47 80 58 19 47 2 7 86 71 1
