4 20
693 875 895 676 
0 73 63 91 81 110 100 28 18 43 7 76 48 39 5 96 93 99 63 98 56 2
1 95 85 72 62 48 38 25 15 20 3 5 22 45 26 28 47 13 96 17 40 2
2 25 15 68 58 102 92 37 27 7 6 54 99 7 53 3 27 76 28 100 27 1
3 72 62 88 78 97 87 13 3 2 49 15 32 22 34 85 11 23 86 58 1 2
4 27 17 98 88 68 58 39 29 38 98 8 14 52 53 40 28 84 58 91 15 2
5 73 63 74 64 74 64 83 73 9 12 72 46 42 31 46 50 89 58 7 74 1
6 32 22 79 69 33 23 80 70 71 83 26 88 55 32 98 2 82 6 12 34 1
7 37 27 14 4 98 88 75 65 54 49 31 17 93 85 3 85 43 56 50 44 1
8 21 11 64 54 14 4 65 55 97 76 60 41 13 35 1 4 45 93 78 7 4
9 79 69 55 45 24 14 92 82 6 56 16 93 93 42 63 58 38 34 3 83 4
10 59 49 13 3 60 50 14 4 32 98 75 99 93 80 21 6 82 85 17 80 2
11 42 32 51 41 59 49 68 58 7 70 77 3 14 76 20 33 81 40 64 96 4
12 86 76 13 3 47 37 74 64 11 28 82 80 64 82 32 87 59 80 92 95 4
13 95 85 43 33 92 82 48 38 16 30 31 33 96 4 59 23 21 6 29 5 3
14 13 3 51 41 90 80 28 18 31 19 80 66 9 7 82 62 100 58 87 47 2
15 69 59 109 99 42 32 82 72 38 27 43 70 54 100 65 60 49 72 44 54 2
16 30 20 97 87 71 61 38 28 62 49 77 53 94 54 53 9 50 97 49 17 3
17 92 82 44 34 105 95 57 47 39 2 25 84 10 98 87 11 86 30 56 66 1
18 23 13 78 68 32 22 79 69 69 51 100 68 2 63 29 63 90 74 1 95 3
19 24 14 92 82 53 43 21 11 81 8 55 55 94 7 73 25 99 32 34 49 3
