4 20
519 533 445 443 
0 81 71 99 89 18 8 36 26 27 60 85 66 97 37 52 49 95 68 2 59 1
1 83 73 60 50 36 26 21 11 85 85 75 97 70 33 92 26 91 92 60 58 1
2 109 99 44 34 86 76 21 11 85 19 79 16 17 65 1 34 54 92 7 5 3
3 88 78 104 94 13 3 21 11 64 27 62 54 94 60 26 59 71 78 60 82 3
4 31 21 102 92 72 62 43 33 83 50 28 17 33 90 97 43 4 22 83 55 3
5 37 27 38 28 46 36 47 37 73 84 49 34 52 92 52 68 22 60 9 31 1
6 32 22 79 69 25 15 80 70 75 2 61 33 19 68 58 84 72 65 60 64 3
7 109 99 86 76 70 60 47 37 45 28 17 86 46 92 34 67 60 5 83 82 1
8 77 67 28 18 78 68 21 11 18 65 46 65 90 34 55 93 12 11 16 3 3
9 91 81 67 57 36 26 104 94 18 34 72 61 84 93 66 53 24 62 61 93 2
10 43 33 89 79 44 34 90 80 38 60 32 37 49 89 12 56 24 16 28 94 4
11 18 8 27 17 35 25 44 34 22 45 68 25 97 10 58 48 49 26 71 53 3
12 30 20 57 47 83 73 110 100 48 81 38 9 12 26 48 48 35 83 15 12 1
13 63 53 19 9 68 58 16 6 26 96 64 73 65 19 2 26 45 40 92 71 1
14 57 47 95 85 34 24 72 62 40 78 65 85 34 4 72 74 87 21 66 6 4
15 85 75 17 7 58 48 90 80 67 51 100 74 67 7 27 25 6 28 25 66 2
16 30 20 105 95 71 61 38 28 16 77 1 65 51 25 100 34 89 58 42 26 4
17 40 30 92 82 45 35 97 87 28 73 80 84 36 70 23 67 7 22 46 8 4
18 91 81 46 36 100 90 47 37 45 42 44 75 53 12 82 21 51 3 9 75 3
19 44 34 12 2 73 63 41 31 42 60 77 60 13 95 45 39 3 57 22 35 1
