4 20
195 195 225 226 
0 59 49 77 67 96 86 14 4 38 38 76 99 77 65 9 100 52 65 6 97 2
1 41 31 18 8 94 84 79 69 4 64 66 76 100 6 77 100 60 9 49 72 2
2 55 45 90 80 32 22 67 57 57 9 37 68 89 55 96 6 83 4 99 43 3
3 46 36 54 44 71 61 79 69 100 49 89 68 14 4 4 66 77 53 36 16 4
4 69 59 40 30 110 100 81 71 15 90 95 16 79 19 24 29 34 18 98 17 3
5 83 73 84 74 92 82 93 83 42 25 74 5 38 75 75 62 47 64 45 92 2
6 26 16 81 71 27 17 82 72 51 32 93 66 22 34 62 21 26 70 38 81 2
7 59 49 44 34 20 10 97 87 22 13 47 11 51 14 23 14 19 49 61 92 4
8 103 93 54 44 96 86 47 37 15 26 33 20 25 60 34 71 79 41 49 88 1
9 37 27 105 95 82 72 50 40 35 45 88 55 84 40 70 88 46 4 68 6 3
10 29 19 83 73 38 28 84 74 45 34 78 33 82 69 40 96 45 5 32 11 2
11 32 22 41 31 49 39 58 48 72 90 41 49 57 68 92 24 44 54 40 59 4
12 12 2 39 29 65 55 92 82 37 98 1 6 24 8 51 19 49 77 96 9 3
13 57 47 105 95 54 44 110 100 26 49 49 61 43 21 86 74 14 19 48 45 4
14 87 77 25 15 64 54 102 92 14 64 38 64 58 99 62 50 94 87 17 42 1
15 39 29 71 61 12 2 44 34 60 57 62 82 62 88 48 76 7 3 80 38 4
16 108 98 75 65 49 39 16 6 33 7 46 8 79 10 94 37 28 47 2 27 3
17 78 68 30 20 91 81 43 33 77 81 58 93 42 60 71 12 93 27 50 87 4
18 85 75 32 22 86 76 33 23 75 95 83 6 61 36 89 45 63 70 91 36 1
19 70 60 30 20 99 89 59 49 59 81 79 17 15 19 68 66 2 57 46 3 1
