4 20
787 990 835 779 
0 59 69 36 87 12 6 89 24 20 3 48 40 48 66 17 18 30 7 88 89 4
1 68 97 84 40 93 74 9 17 35 100 38 41 33 71 28 58 14 16 26 95 4
2 37 15 38 86 46 64 47 35 61 27 46 42 56 88 24 72 91 35 29 25 1
3 37 16 14 71 90 17 75 72 94 43 29 73 76 46 76 21 40 25 22 82 1
4 15 45 83 88 52 38 28 89 58 80 64 46 24 13 3 19 34 87 6 93 1
5 62 71 71 17 79 72 88 26 10 68 24 50 87 42 5 30 77 68 75 9 2
6 75 58 23 85 72 11 28 38 51 30 42 70 26 69 46 81 94 30 20 22 3
7 53 33 93 71 26 10 66 48 34 5 76 23 5 81 12 53 80 73 11 46 1
8 84 2 36 77 89 43 49 10 9 90 35 80 12 1 35 4 98 19 81 57 1
9 60 95 28 42 89 96 57 43 41 49 47 78 53 13 20 60 40 21 48 87 1
10 48 85 41 31 25 70 18 16 87 20 50 24 92 12 58 28 10 82 6 26 2
11 44 52 9 63 81 65 54 76 34 6 1 41 33 45 39 7 67 22 74 51 4
12 4 5 65 56 25 98 86 49 24 66 80 63 26 52 52 31 91 17 60 31 4
13 31 49 80 96 20 42 61 81 69 59 74 50 98 28 94 6 11 93 36 4 4
14 16 98 89 32 53 59 26 93 49 16 53 47 95 51 33 60 82 27 22 61 1
15 41 6 86 28 38 43 91 65 64 77 20 11 44 90 18 16 11 19 42 35 4
16 71 74 24 61 68 47 13 34 87 28 2 52 65 67 46 62 43 79 23 6 2
17 79 97 16 92 52 86 89 73 28 13 58 20 87 23 39 25 95 100 47 16 2
18 36 14 72 37 9 59 45 74 55 21 99 52 66 34 71 11 51 46 66 96 2
19 39 3 27 78 24 44 12 11 42 61 47 4 43 38 68 31 62 54 38 95 1
