4 20
168 194 216 226 
0 37 39 56 57 67 76 99 94 95 77 46 7 2 6 1 44 64 3 40 18 4
1 52 59 7 2 46 36 72 79 27 90 1 24 38 42 47 12 38 91 57 62 1
2 42 49 27 28 89 98 66 69 3 47 46 79 74 32 82 21 42 43 12 87 1
3 10 18 61 65 26 19 56 66 33 85 71 83 55 6 90 65 28 67 7 54 2
4 5 7 43 50 97 100 43 51 13 86 8 20 58 44 4 14 34 55 30 77 2
5 80 81 35 35 82 82 37 36 79 57 30 93 68 60 27 58 36 57 38 78 1
6 79 88 21 15 42 41 71 68 21 100 50 75 8 97 18 62 12 69 81 96 4
7 28 19 58 57 98 96 36 34 90 1 81 4 49 74 16 13 92 41 88 81 3
8 80 80 57 47 13 13 98 88 28 99 45 85 23 31 66 38 61 26 38 31 3
9 17 13 68 68 24 14 75 69 6 64 89 17 93 94 87 46 93 53 48 20 2
10 34 35 83 81 11 20 60 66 39 11 66 12 99 47 51 46 89 72 50 11 3
11 60 54 74 65 78 75 92 86 85 37 55 17 23 84 66 45 100 41 93 67 3
12 23 27 80 78 27 20 63 71 37 91 53 10 53 9 3 26 73 2 87 30 2
13 15 15 44 54 92 100 42 47 82 23 37 93 35 15 96 16 37 41 53 37 1
14 5 8 43 42 73 69 3 3 52 87 22 50 6 72 24 71 3 94 7 66 1
15 8 16 24 30 48 53 85 75 59 65 31 93 51 39 57 50 60 22 16 4 3
16 80 72 65 59 35 45 33 24 41 37 30 4 25 99 44 19 73 99 84 36 2
17 54 55 46 50 36 44 49 39 42 26 82 100 81 99 55 86 86 94 76 23 4
18 3 8 24 23 53 45 53 60 22 6 80 26 17 21 99 51 75 74 54 60 2
19 97 97 57 64 38 38 1 5 19 63 96 56 33 13 11 89 20 57 6 59 1
