4 20
806 817 921 699 
0 31 21 8 39 84 58 61 76 70 28 10 31 79 22 30 24 74 58 89 80 1
1 76 97 84 32 1 74 9 9 70 77 45 28 43 5 14 40 74 57 85 91 2
2 1 43 2 14 10 84 11 63 17 22 6 54 2 56 39 11 78 47 6 93 4
3 1 20 86 67 62 21 39 68 64 69 46 52 67 23 18 38 86 95 5 12 3
4 43 57 11 8 80 50 56 1 44 48 60 19 77 81 64 39 60 85 41 46 3
5 10 67 11 13 19 68 28 14 47 51 10 32 50 37 38 20 70 62 36 69 4
6 71 38 19 65 68 91 16 18 37 51 12 48 33 30 61 90 27 62 53 100 2
7 61 17 93 55 34 2 66 40 23 41 55 14 79 98 17 41 49 51 43 52 3
8 40 54 100 21 53 95 5 62 13 6 9 72 79 29 2 89 43 80 34 53 2
9 44 83 4 38 73 84 33 39 94 93 19 36 91 54 66 65 24 49 68 71 3
10 40 45 33 91 17 30 10 76 3 14 98 43 21 32 71 47 100 82 25 59 2
11 88 68 61 79 25 89 98 100 64 84 26 64 48 26 97 60 39 62 33 44 2
12 28 33 89 84 41 26 2 77 8 100 47 20 53 28 70 50 49 52 79 49 3
13 99 9 40 48 80 94 21 33 14 15 15 28 57 94 99 20 39 96 25 5 1
14 52 54 25 80 89 15 62 41 11 59 14 50 75 23 85 35 77 7 10 97 3
15 45 42 90 64 42 79 95 1 22 5 65 82 58 72 96 72 49 4 23 85 4
16 91 98 36 85 80 63 33 50 83 94 67 18 58 56 65 32 90 72 84 37 4
17 95 57 32 44 68 38 5 33 95 16 7 100 71 34 91 100 30 24 86 31 1
18 44 58 80 81 17 3 53 18 1 80 64 49 95 64 40 2 18 75 65 65 4
19 99 47 87 14 84 88 72 55 61 25 56 77 82 54 82 67 34 27 13 32 4
