4 20
937 888 739 849 
0 73 43 50 61 26 80 3 98 31 8 7 99 18 87 18 87 96 87 20 55 3
1 18 51 26 94 43 28 51 71 12 94 32 56 19 66 89 44 31 30 27 100 2
2 47 5 56 76 56 46 65 17 78 40 56 7 50 27 26 71 72 17 65 70 1
3 51 18 28 65 12 19 89 66 49 2 65 46 89 35 65 23 58 26 73 56 1
4 97 31 65 82 42 32 10 75 95 21 9 89 91 38 43 10 36 58 91 84 2
5 88 73 97 27 5 74 14 28 46 82 16 53 54 38 60 86 15 51 96 72 4
6 77 64 25 91 82 17 30 44 21 17 46 98 83 10 34 99 42 77 15 46 2
7 7 87 39 33 80 72 12 10 88 51 94 59 58 69 39 73 80 6 27 9 1
8 2 76 54 51 7 17 67 84 96 66 32 74 26 75 53 67 90 8 19 25 3
9 18 97 86 52 55 98 15 53 70 87 99 54 78 50 92 35 6 76 52 84 2
10 2 55 95 1 79 40 72 86 43 69 6 72 28 20 61 53 92 78 90 55 1
11 18 86 91 97 55 7 28 18 49 80 100 58 83 38 56 93 88 85 71 81 3
12 46 91 7 34 67 84 28 27 32 9 39 75 90 87 38 71 58 84 88 97 3
13 1 27 50 66 90 12 31 51 87 57 92 1 87 27 9 35 32 53 13 22 4
14 98 20 71 54 35 81 8 15 3 3 12 88 27 18 18 77 42 8 22 12 1
15 35 88 88 2 40 25 85 47 63 1 46 25 79 23 54 89 27 91 72 59 2
16 65 12 10 99 62 85 7 72 78 21 62 14 76 5 20 74 78 15 1 25 2
17 25 67 62 62 98 56 35 51 76 60 64 23 86 63 61 12 50 12 6 51 4
18 82 96 18 11 55 33 91 56 69 55 81 43 11 40 92 16 17 72 65 21 4
19 9 85 97 52 94 18 82 93 100 76 19 17 64 17 82 8 3 48 40 24 4
