4 20
155 223 185 254 
0 11 1 29 19 48 38 66 56 32 98 73 14 95 30 48 23 39 77 48 69 2
1 13 3 90 80 74 64 51 41 99 19 34 90 80 66 93 58 10 9 43 38 3
2 47 37 90 80 24 14 67 57 67 15 69 36 3 19 18 11 68 51 46 29 4
3 46 36 62 52 71 61 87 77 95 58 64 49 95 15 46 30 74 2 69 64 1
4 97 87 68 58 38 28 109 99 57 53 82 67 49 19 19 67 99 35 65 22 1
5 47 37 56 46 56 46 65 55 62 99 95 41 89 84 93 70 65 33 59 21 1
6 30 20 77 67 31 21 78 68 3 76 68 61 24 52 56 60 91 53 70 26 2
7 31 21 108 98 92 82 69 59 16 9 53 61 25 35 41 2 81 84 70 24 1
8 15 5 66 56 16 6 59 49 50 31 29 21 31 20 51 31 39 64 3 73 1
9 65 55 33 23 110 100 78 68 45 55 28 11 17 100 44 78 7 27 73 68 1
10 25 15 79 69 26 16 80 70 14 86 77 55 30 94 5 77 81 67 2 16 1
11 80 70 89 79 89 79 98 88 86 36 47 84 71 26 43 70 90 35 10 10 2
12 92 82 19 9 45 35 80 70 72 2 62 1 7 28 4 39 52 25 12 55 3
13 45 35 101 91 50 40 98 88 92 96 19 20 7 22 71 36 81 53 66 23 1
14 71 61 109 99 48 38 86 76 55 53 23 86 74 23 97 7 99 68 100 87 1
15 39 29 79 69 12 2 52 42 89 14 21 4 14 11 95 99 20 90 84 98 2
16 60 50 27 17 101 91 68 58 35 69 48 39 27 86 59 6 80 62 88 67 2
17 42 32 94 84 47 37 107 97 2 84 9 91 39 11 1 47 81 39 71 88 4
18 73 63 28 18 74 64 29 19 7 33 91 77 59 93 81 49 11 63 35 90 3
19 46 36 14 4 75 65 43 33 35 29 45 48 69 10 71 44 41 87 13 63 3
