4 20
522 567 632 447 
0 56 61 75 79 107 98 18 16 84 44 9 69 8 46 89 26 42 11 38 9 1
1 24 21 50 56 89 90 23 33 26 99 49 46 47 70 41 98 17 22 74 86 4
2 13 11 90 82 52 60 37 31 69 13 48 21 34 61 90 92 65 83 78 4 2
3 19 16 78 71 27 17 73 72 29 75 95 12 21 33 73 98 71 87 47 94 3
4 78 81 32 32 70 74 16 25 8 53 34 25 3 12 29 36 6 88 38 65 3
5 105 95 31 41 86 96 33 42 45 69 22 43 69 87 86 89 84 24 34 73 2
6 5 14 34 41 76 67 97 94 92 6 100 29 57 6 64 28 90 100 66 96 1
7 85 89 36 27 76 66 14 4 59 79 37 20 96 31 51 73 67 4 86 70 4
8 5 2 61 69 33 43 10 10 58 63 13 93 71 65 33 1 37 32 73 75 4
9 33 27 76 74 19 28 83 75 43 64 82 29 59 45 85 45 35 12 49 17 1
10 46 53 87 91 44 38 85 76 80 47 25 28 79 52 96 85 12 88 11 54 3
11 76 80 82 83 86 93 1 4 88 24 76 73 76 98 37 25 10 48 32 79 4
12 84 85 41 36 80 78 29 21 88 92 40 42 96 84 53 67 53 85 67 9 3
13 24 33 66 72 22 18 72 65 36 72 14 55 7 4 17 91 50 88 53 55 4
14 76 82 6 8 44 43 66 69 82 80 67 39 84 58 40 19 37 34 41 44 4
15 53 54 77 76 93 99 17 21 15 24 35 2 26 27 97 57 25 50 16 29 2
16 91 94 76 73 59 59 44 46 89 68 92 40 7 35 80 72 4 22 68 94 1
17 64 73 77 68 59 54 51 49 88 26 22 46 26 31 21 74 77 17 23 32 4
18 48 38 48 53 77 75 106 98 76 35 84 28 71 1 88 6 29 38 6 4 3
19 35 35 1 2 68 68 36 43 88 29 100 45 99 11 24 91 25 13 69 4 2
