4 20
205 153 216 208 
0 10 13 29 31 40 50 72 68 12 20 94 13 6 89 14 88 75 71 56 3 1
1 19 13 58 48 92 90 31 25 73 19 52 12 78 86 10 27 85 5 89 95 2
2 49 39 5 10 88 80 52 59 64 19 30 33 53 99 34 52 26 14 5 20 1
3 13 20 64 67 29 21 59 68 83 21 97 72 57 41 11 27 91 78 47 56 3
4 102 93 35 44 102 94 48 45 97 66 15 84 58 32 44 43 40 68 32 38 4
5 84 83 31 37 78 84 33 38 51 83 25 62 73 25 86 42 1 53 55 54 1
6 92 94 21 29 50 55 92 82 17 7 61 22 64 34 1 65 84 30 83 23 1
7 68 73 6 11 67 58 105 96 18 75 80 88 67 12 80 22 6 72 94 70 3
8 62 54 18 21 95 87 67 62 18 60 99 81 50 8 77 91 8 36 10 46 2
9 18 15 61 70 25 16 68 71 84 11 80 34 83 39 75 66 96 41 86 47 3
10 9 5 58 51 86 90 35 36 75 74 99 100 95 96 7 32 83 64 8 55 2
11 104 96 10 7 22 17 28 28 20 98 70 88 58 73 81 41 9 18 13 95 4
12 10 13 67 64 14 6 50 57 24 61 88 26 42 77 65 74 13 12 78 99 4
13 82 85 32 32 80 70 9 17 53 43 61 24 66 34 43 36 91 32 7 98 4
14 41 38 71 64 109 99 31 25 50 92 78 16 49 91 33 31 85 39 74 29 2
15 88 98 4 12 41 35 65 57 16 42 61 48 10 64 24 17 26 76 78 35 4
16 3 10 88 97 79 83 64 70 92 10 67 72 83 79 77 17 43 82 60 18 4
17 31 25 23 20 13 14 5 9 52 27 42 58 71 98 60 48 64 4 31 11 3
18 82 82 11 5 11 19 40 42 83 96 53 69 3 47 17 76 54 25 18 73 3
19 79 79 39 46 12 12 80 87 82 80 15 76 36 81 76 50 72 70 11 58 1
