4 30
277 305 209 310 
0 89 79 107 97 26 16 44 34 42 2 90 12 25 57 62 65 66 47 27 68 2
1 63 53 40 30 16 6 93 83 81 32 29 75 19 72 38 99 4 23 64 15 1
2 97 87 40 30 74 64 109 99 68 19 96 16 34 63 78 42 22 44 89 55 2
3 16 6 24 14 41 31 49 39 47 54 76 53 87 73 99 79 33 88 45 61 4
4 83 73 54 44 24 14 95 85 35 84 40 81 36 30 55 1 59 5 12 17 3
5 45 35 54 44 54 44 55 45 6 22 53 38 12 72 76 39 85 49 42 79 1
6 28 18 83 73 29 19 84 74 37 34 78 29 40 5 1 59 81 100 73 85 3
7 77 67 54 44 30 20 15 5 79 29 78 38 55 53 8 49 1 53 63 65 2
8 61 51 12 2 62 52 13 3 58 51 78 99 84 97 88 67 99 20 12 71 1
9 95 85 71 61 40 30 108 98 62 53 84 65 78 16 37 44 73 88 38 100 4
10 51 41 97 87 52 42 98 88 3 46 86 49 89 40 21 57 90 45 84 78 2
11 98 88 107 97 15 5 16 6 44 26 69 5 64 10 38 94 88 64 6 42 4
12 38 28 65 55 91 81 18 8 24 45 39 28 31 43 94 23 81 78 2 82 1
13 11 1 67 57 16 6 64 54 20 92 45 43 83 81 15 22 11 84 89 26 3
14 53 43 91 81 30 20 68 58 95 78 28 67 15 68 47 28 12 96 94 90 3
15 21 11 61 51 94 84 34 24 35 35 1 48 4 31 58 3 50 13 94 83 3
16 70 60 45 35 11 1 78 68 39 71 35 20 32 71 94 55 60 43 93 56 2
17 52 42 104 94 57 47 17 7 68 49 15 24 21 77 74 63 60 27 45 18 2
18 63 53 110 100 64 54 11 1 45 6 66 28 19 60 74 2 26 44 16 82 2
19 60 50 20 10 89 79 49 39 23 19 18 76 35 37 25 38 69 66 3 19 3
20 69 59 15 5 54 44 100 90 6 73 64 91 83 25 97 10 77 17 100 55 3
21 44 34 29 19 21 11 106 96 43 16 41 82 39 40 86 48 70 95 63 12 2
22 20 10 31 21 41 31 52 42 63 40 86 44 66 70 25 41 45 88 93 13 3
23 16 6 81 71 53 43 26 16 54 11 29 38 60 4 5 7 18 69 76 2 3
24 33 23 84 74 26 16 77 67 98 5 6 71 27 70 68 5 45 46 72 47 3
25 40 30 101 91 61 51 22 12 77 91 40 38 74 25 79 62 99 35 36 92 4
26 69 59 16 6 54 44 101 91 77 81 10 69 45 8 80 55 54 70 78 85 1
27 75 65 16 6 64 54 105 95 63 49 10 91 20 28 91 81 68 25 56 81 3
28 78 68 104 94 39 29 65 55 78 45 67 67 47 98 50 54 69 94 99 97 3
29 72 62 45 35 17 7 82 72 43 67 85 26 75 84 27 78 58 75 16 51 1
