4 30
605 868 630 747 
0 59 49 77 67 96 86 14 4 4 60 65 27 47 83 98 93 26 3 6 33 3
1 25 15 110 100 86 76 63 53 62 96 80 9 38 75 64 83 54 7 48 40 1
2 59 49 94 84 36 26 71 61 27 76 63 33 39 76 23 71 4 7 64 57 1
3 58 48 66 56 83 73 91 81 50 48 90 76 78 52 56 96 7 30 72 34 3
4 17 7 88 78 58 48 29 19 81 35 75 37 2 41 90 83 64 83 71 82 4
5 27 17 36 26 36 26 45 35 41 92 48 100 98 20 14 87 65 57 91 16 1
6 30 20 85 75 31 21 78 68 56 58 99 5 4 84 26 55 31 11 23 52 3
7 55 45 32 22 16 6 93 83 12 3 71 8 30 32 36 40 92 28 21 21 2
8 31 21 74 64 24 14 75 65 4 3 11 19 30 38 47 73 84 91 76 14 4
9 29 19 97 87 66 56 42 32 34 26 57 42 55 12 32 37 96 46 61 65 1
10 61 51 15 5 62 52 16 6 14 81 16 14 82 10 28 34 89 76 15 22 4
11 36 26 45 35 53 43 62 52 30 42 11 48 90 47 53 49 23 61 21 21 2
12 76 66 103 93 29 19 56 46 10 69 86 75 74 86 58 72 93 52 79 84 3
13 29 19 85 75 34 24 82 72 24 18 86 2 50 63 13 79 40 8 60 7 3
14 39 29 77 67 16 6 54 44 13 51 20 54 38 17 20 69 22 41 95 77 1
15 67 57 99 89 40 30 72 62 39 91 11 94 90 14 35 34 60 74 51 67 3
16 48 38 15 5 81 71 56 46 86 46 21 13 46 17 51 59 67 41 13 90 3
17 50 40 102 92 55 45 15 5 84 9 23 96 53 98 81 95 6 45 41 62 2
18 81 71 28 18 82 72 37 27 55 13 25 80 71 79 24 93 30 65 31 38 1
19 58 48 18 8 87 77 47 37 17 98 50 69 64 34 59 24 19 30 29 50 1
20 19 9 65 55 104 94 50 40 25 11 31 81 29 67 55 3 52 94 56 64 3
21 106 96 99 89 83 73 76 66 40 41 24 90 77 8 43 8 1 67 16 37 4
22 22 12 33 23 43 33 54 44 2 2 92 37 51 34 65 65 24 87 68 67 4
23 94 84 67 57 31 21 104 94 88 25 62 74 52 83 9 78 2 22 27 27 4
24 63 53 106 96 56 46 99 89 25 89 64 88 57 72 48 49 22 28 20 21 2
25 42 32 103 93 63 53 24 14 44 28 54 4 50 13 21 35 55 4 45 23 4
26 35 25 74 64 20 10 59 49 7 65 51 17 14 59 81 85 66 23 86 35 1
27 25 15 66 56 14 4 55 45 27 49 12 85 62 11 47 18 12 64 30 75 3
28 88 78 22 12 49 39 83 73 49 55 24 34 41 34 4 93 56 25 46 58 2
29 82 72 55 45 27 17 92 82 26 23 21 13 61 97 85 52 31 62 76 86 4
