4 30
235 284 265 309 
0 41 31 59 49 78 68 96 86 82 43 56 85 1 3 38 20 88 31 47 74 2
1 35 25 12 2 88 78 65 55 62 54 85 64 4 43 75 30 59 14 3 47 2
2 97 87 32 22 66 56 109 99 62 41 78 5 33 28 70 64 79 80 47 40 3
3 16 6 32 22 41 31 57 47 80 60 33 71 28 34 28 4 26 50 92 83 4
4 11 1 82 72 52 42 23 13 27 58 2 93 50 45 19 79 33 50 91 49 2
5 109 99 18 8 18 8 27 17 42 87 71 49 6 16 89 90 50 55 22 23 3
6 32 22 79 69 33 23 80 70 81 30 2 33 32 63 33 41 86 1 78 5 2
7 41 31 26 16 102 92 79 69 63 18 50 76 8 41 87 17 9 20 96 81 4
8 81 71 32 22 74 64 25 15 60 93 28 88 52 49 79 75 11 2 95 11 3
9 23 13 99 89 68 58 36 26 98 17 76 33 8 16 96 20 87 27 50 6 1
10 47 37 93 83 48 38 94 84 2 99 70 4 44 17 23 57 6 89 80 52 2
11 38 28 47 37 55 45 64 54 9 12 75 7 7 72 10 83 36 14 45 7 2
12 26 16 53 43 79 69 106 96 45 25 15 49 12 56 21 52 51 61 25 5 4
13 107 97 55 45 12 2 60 50 22 57 27 76 82 35 99 31 54 52 74 96 3
14 37 27 75 65 14 4 52 42 54 35 84 61 27 84 24 2 33 35 75 39 4
15 21 11 61 51 102 92 34 24 8 76 70 58 75 42 8 42 22 35 29 12 2
16 22 12 89 79 63 53 30 20 78 8 99 73 59 25 57 74 62 57 29 90 3
17 108 98 68 58 21 11 73 63 31 70 69 35 86 32 95 12 30 61 100 37 4
18 51 41 106 96 52 42 107 97 80 29 61 27 26 35 55 43 57 41 1 31 3
19 36 26 104 94 65 55 33 23 7 79 29 76 58 94 65 38 76 52 27 32 2
20 29 19 75 65 14 4 60 50 34 80 79 43 62 37 52 12 32 9 67 11 4
21 36 26 21 11 13 3 98 88 3 41 90 11 20 96 57 74 67 61 81 7 1
22 36 26 47 37 57 47 68 58 78 85 15 34 20 59 44 94 18 19 93 31 2
23 60 50 33 23 97 87 70 60 44 7 23 89 96 92 94 92 1 23 96 4 1
24 69 59 12 2 62 52 105 95 22 12 57 24 8 18 48 67 54 70 30 30 1
25 64 54 17 7 77 67 38 28 5 19 84 59 65 45 32 74 95 8 65 10 2
26 29 19 68 58 14 4 53 43 26 48 92 52 37 55 5 31 20 20 73 90 3
27 35 25 84 74 24 14 65 55 25 78 13 76 24 41 18 25 31 9 86 89 2
28 34 24 60 50 95 85 21 11 45 57 94 59 50 18 48 79 73 97 26 90 4
29 108 98 81 71 45 35 18 8 57 16 72 93 25 75 4 96 63 27 29 68 3
