4 30
1215 1308 1021 1121 
0 81 71 99 89 18 8 36 26 79 9 8 14 76 24 84 20 17 95 16 51 2
1 67 57 44 34 28 18 105 95 82 50 28 22 90 40 9 95 7 44 6 74 2
2 13 3 56 46 90 80 33 23 56 57 17 79 14 64 38 77 90 9 34 55 4
3 100 90 108 98 25 15 33 23 67 31 7 94 53 60 51 26 29 77 26 84 1
4 79 69 50 40 20 10 91 81 32 65 12 32 36 92 91 100 85 50 57 89 3
5 81 71 82 72 90 80 91 81 12 22 87 28 85 65 39 85 99 17 82 54 1
6 28 18 83 73 29 19 84 74 81 25 47 43 69 71 73 62 37 70 80 78 1
7 105 95 82 72 58 48 43 33 3 21 46 8 65 8 87 55 21 31 68 100 1
8 105 95 56 46 98 88 49 39 42 17 82 29 92 68 37 77 10 88 50 38 2
9 83 73 51 41 28 18 96 86 24 39 97 44 19 38 55 71 20 77 53 57 4
10 67 57 21 11 76 66 22 12 19 18 57 28 84 14 33 6 91 57 47 24 1
11 22 12 31 21 39 29 40 30 78 51 59 51 5 55 49 66 38 7 42 82 4
12 94 84 21 11 47 37 74 64 57 58 15 42 84 21 7 3 14 32 51 15 1
13 43 33 91 81 48 38 96 86 25 24 98 5 77 73 48 5 91 38 27 40 1
14 109 99 47 37 86 76 24 14 32 7 62 17 8 60 77 96 42 22 76 49 3
15 13 3 45 35 86 76 18 8 95 19 36 8 35 45 61 34 26 10 45 30 1
16 70 60 37 27 11 1 78 68 81 51 12 24 29 13 59 58 87 64 66 61 4
17 104 94 56 46 17 7 69 59 79 53 32 47 88 29 96 44 94 93 48 80 3
18 95 85 42 32 96 86 43 33 25 46 49 54 17 72 68 33 70 92 36 29 2
19 32 22 100 90 61 51 29 19 58 70 87 21 60 90 78 39 92 82 64 33 1
20 29 19 75 65 14 4 60 50 6 88 56 11 88 74 49 23 49 38 20 80 3
21 68 58 61 51 45 35 38 28 15 17 6 24 90 78 39 24 14 14 26 73 3
22 48 38 59 49 69 59 80 70 73 73 63 30 32 13 76 30 17 95 9 75 1
23 24 14 97 87 61 51 34 24 87 97 39 50 88 89 41 78 73 61 47 54 2
24 13 3 64 54 106 96 57 47 84 80 45 22 56 48 32 54 68 52 68 29 4
25 68 58 21 11 81 71 42 32 98 74 15 34 63 35 73 66 53 100 29 25 1
26 53 43 92 82 38 28 77 67 33 7 66 78 39 63 99 24 10 81 92 90 1
27 35 25 76 66 16 6 65 55 96 85 70 42 85 51 37 71 6 41 84 38 4
28 62 52 88 78 23 13 49 39 28 61 16 23 38 67 82 39 90 21 28 25 2
29 28 18 101 91 73 63 46 36 76 19 85 94 10 78 52 68 28 1 61 88 1
