4 30
687 792 868 793 
0 3 29 88 47 64 66 41 84 68 40 82 58 20 36 12 34 1 35 35 76 4
1 96 85 12 20 21 62 37 97 23 95 75 99 45 72 65 98 46 87 88 17 1
2 9 95 18 66 18 44 27 15 49 50 4 43 59 4 85 68 60 47 76 20 2
3 69 16 46 71 30 17 7 72 89 25 94 38 61 87 65 54 52 51 22 97 1
4 39 41 15 92 84 34 60 85 28 14 96 20 81 15 42 68 3 15 75 47 3
5 82 75 91 29 99 76 8 30 27 27 63 22 32 34 41 92 83 80 7 24 4
6 19 46 67 73 16 99 64 26 45 74 39 69 88 60 29 56 27 91 8 14 1
7 97 13 37 51 70 98 10 36 3 69 99 5 79 83 80 100 45 24 81 44 4
8 60 94 12 61 65 35 17 2 76 54 79 86 68 100 97 2 71 10 82 10 2
9 52 55 20 2 81 56 49 3 51 10 55 86 60 91 61 81 6 97 60 81 2
10 92 1 77 39 69 86 54 32 89 77 94 11 17 62 14 92 39 46 94 68 2
11 100 84 65 95 37 5 2 16 23 52 89 47 67 7 14 9 88 21 80 55 4
12 20 5 81 48 41 98 2 41 97 100 90 70 9 65 11 45 55 89 26 83 2
13 23 53 64 92 12 38 53 77 100 88 66 74 98 77 23 9 60 60 28 4 4
14 4 2 77 36 49 63 14 97 45 68 80 12 70 10 74 2 27 56 42 31 2
15 69 70 22 92 74 7 19 29 41 94 58 78 43 41 28 42 18 2 73 37 3
16 51 50 4 37 48 23 1 10 55 90 31 64 11 81 62 23 25 77 64 44 4
17 79 69 16 56 52 50 89 45 45 45 99 75 15 59 40 54 24 43 87 76 1
18 100 18 36 33 73 55 9 78 96 20 4 57 100 26 36 50 77 86 49 10 1
19 55 47 51 14 40 88 36 55 74 22 13 9 37 85 7 62 57 95 45 69 4
20 39 66 35 73 32 79 28 86 29 63 42 99 48 2 12 76 1 28 42 14 4
21 12 97 73 55 33 22 86 88 74 85 45 13 46 68 2 41 61 95 15 93 1
22 93 65 46 24 90 74 43 33 14 33 44 71 15 29 89 4 5 49 55 70 3
23 45 8 38 82 22 65 15 39 3 84 83 87 40 78 95 26 65 31 15 49 2
24 66 18 11 36 55 55 100 73 69 28 50 63 52 47 54 51 66 87 22 90 4
25 36 53 8 68 81 82 45 97 100 20 96 72 29 89 80 78 60 17 76 14 2
26 21 67 42 10 70 44 99 87 57 27 85 65 44 99 50 39 82 5 52 29 1
27 13 5 73 43 42 82 2 20 39 71 81 45 19 66 74 79 87 100 46 68 3
28 51 27 64 49 76 72 89 94 38 66 1 3 75 65 50 14 88 27 32 68 1
29 46 20 54 91 63 61 79 40 93 92 74 28 83 2 26 72 49 36 78 64 2
