4 30
872 1127 1216 1349 
0 34 35 45 53 77 72 88 90 73 22 83 78 53 15 74 43 31 10 72 98 1
1 69 79 16 14 55 48 81 91 71 9 58 82 28 8 33 59 92 3 15 35 2
2 43 49 20 20 82 90 67 69 49 13 49 95 9 42 13 5 62 28 4 39 4
3 17 22 76 69 33 23 63 70 41 58 93 13 10 20 7 87 34 98 91 23 2
4 1 3 43 46 89 96 56 47 88 20 10 31 44 80 27 17 79 67 63 25 1
5 18 21 73 75 20 22 75 76 89 56 86 80 25 37 56 38 25 16 88 23 3
6 92 84 21 11 42 37 63 64 27 45 45 6 8 74 25 75 12 50 2 90 1
7 1 3 39 41 71 80 9 18 60 66 87 33 94 90 39 39 13 97 33 92 3
8 16 16 93 83 49 49 21 24 56 90 86 22 48 67 83 72 17 44 67 43 1
9 17 25 89 80 24 26 75 81 88 10 26 75 6 96 77 72 43 24 79 59 4
10 32 39 73 77 30 24 71 62 2 35 99 84 35 100 47 97 85 13 88 82 3
11 65 66 79 77 83 87 97 98 84 57 8 50 69 27 77 81 95 63 42 48 2
12 19 15 76 66 2 8 59 59 41 57 20 10 63 36 68 93 99 97 70 51 2
13 13 23 71 70 11 8 61 55 42 97 29 3 27 97 81 51 85 87 67 42 1
14 29 28 67 62 97 97 27 23 34 84 48 22 57 92 66 78 1 61 85 4 3
15 27 20 43 42 59 57 75 79 95 25 3 53 89 16 45 85 91 86 53 91 1
16 1 4 78 83 69 69 54 56 32 51 99 90 46 76 21 62 65 8 2 45 2
17 37 31 21 18 3 12 16 7 76 10 16 15 78 69 85 100 4 49 51 77 1
18 83 88 12 11 33 25 41 48 14 17 58 4 51 16 97 34 27 93 94 96 3
19 31 41 4 8 72 82 45 49 100 5 19 70 25 74 66 10 98 87 17 74 1
20 17 12 9 19 22 25 35 32 25 6 53 17 60 60 8 57 94 46 81 62 2
21 64 59 13 17 91 84 40 50 23 42 62 17 62 28 92 85 74 27 95 3 3
22 4 7 62 66 10 16 81 75 30 34 18 95 71 43 38 5 19 75 91 24 1
23 17 14 89 88 69 71 62 53 2 27 67 82 73 21 36 85 69 25 29 91 4
24 70 64 87 82 4 1 29 19 82 60 50 31 94 30 73 51 98 18 90 27 1
25 27 19 40 42 53 56 79 71 30 6 26 22 47 18 25 47 35 22 75 79 1
26 92 85 20 20 62 62 98 97 84 37 76 38 36 15 15 67 96 64 34 33 2
27 53 63 1 1 33 32 72 70 35 65 37 13 50 92 80 51 95 60 35 83 4
28 38 45 74 67 89 90 4 12 2 78 54 33 53 43 35 100 81 37 79 76 4
29 32 30 9 1 78 71 34 42 59 77 58 1 74 19 61 65 90 32 65 44 3
