4 30
743 772 876 689 
0 37 27 55 45 74 64 92 82 21 69 3 59 2 35 17 88 72 37 38 52 2
1 83 73 68 58 44 34 21 11 37 62 95 28 46 5 25 74 98 44 90 14 1
2 105 95 40 30 82 72 17 7 11 39 26 87 93 9 90 56 34 83 58 91 2
3 108 98 24 14 33 23 49 39 62 75 22 49 33 68 48 78 40 90 48 68 3
4 55 45 26 16 96 86 67 57 33 95 17 25 87 60 97 72 85 17 38 85 4
5 81 71 82 72 90 80 91 81 67 83 63 98 1 97 65 76 27 56 47 77 2
6 32 22 79 69 33 23 80 70 37 53 97 87 11 94 96 91 15 80 8 70 4
7 105 95 90 80 66 56 43 33 81 6 96 80 67 98 80 26 90 80 5 31 3
8 49 39 100 90 42 32 93 83 98 31 85 5 24 52 93 100 53 90 21 97 2
9 67 57 43 33 12 2 80 70 62 82 17 15 19 98 95 36 3 52 53 23 4
10 55 45 109 99 56 46 110 100 35 2 38 69 77 99 95 4 90 12 90 60 4
11 50 40 59 49 67 57 76 66 89 90 51 55 57 96 67 80 16 63 85 49 4
12 50 40 77 67 103 93 30 20 83 1 41 11 43 41 16 69 71 29 19 58 4
13 23 13 71 61 20 10 76 66 8 14 15 19 91 73 1 17 49 19 60 57 2
14 69 59 107 97 46 36 84 74 29 98 61 39 15 59 40 65 72 87 76 94 1
15 21 11 53 43 94 84 26 16 46 65 44 98 64 11 24 81 48 71 84 93 3
16 26 16 93 83 59 49 26 16 60 53 96 95 2 21 2 28 90 99 63 100 1
17 88 78 40 30 101 91 53 43 56 85 53 88 81 88 16 8 67 20 42 56 3
18 67 57 22 12 68 58 23 13 51 82 35 85 85 63 5 52 18 51 84 28 1
19 76 66 44 34 105 95 73 63 88 96 16 88 52 81 9 46 5 99 35 81 4
20 109 99 55 45 94 84 40 30 56 82 70 37 20 57 12 93 8 21 46 22 4
21 44 34 37 27 21 11 14 4 45 70 59 35 26 13 53 11 87 32 61 58 1
22 104 94 15 5 25 15 36 26 48 53 11 31 37 7 68 26 8 32 89 77 2
23 64 54 37 27 109 99 74 64 88 60 24 71 55 50 39 26 76 90 7 88 4
24 105 95 56 46 98 88 49 39 3 41 74 95 93 16 39 17 40 98 93 64 3
25 24 14 85 75 45 35 106 96 15 86 90 5 43 32 10 93 73 92 15 47 3
26 17 7 56 46 102 92 41 31 58 97 42 15 37 33 9 94 100 36 65 9 2
27 15 5 56 46 104 94 45 35 5 53 26 36 76 14 98 10 59 35 85 3 4
28 22 12 56 46 83 73 17 7 57 55 59 23 12 50 64 66 63 90 35 86 4
29 36 26 109 99 81 71 46 36 44 94 54 37 51 1 33 75 8 70 33 72 2
