4 30
717 842 802 719 
0 89 55 74 73 50 92 27 10 23 5 67 42 64 43 97 75 47 75 28 36 1
1 54 31 62 74 71 8 87 51 1 77 36 92 13 60 1 48 63 75 40 6 2
2 91 13 100 84 100 54 9 25 75 2 97 56 39 10 44 79 63 47 95 91 4
3 55 22 32 69 8 23 93 70 71 76 91 59 47 90 39 54 57 90 73 7 2
4 57 47 25 98 2 48 70 91 2 47 72 72 59 42 38 23 37 39 78 8 3
5 56 73 65 19 73 74 82 20 11 44 44 48 21 88 18 92 46 35 81 84 4
6 9 40 65 67 14 93 62 20 6 11 18 50 30 67 25 38 21 95 29 32 2
7 51 59 83 97 24 36 56 74 91 91 24 83 42 1 61 37 30 47 8 71 4
8 34 20 94 87 47 53 99 28 97 2 24 37 1 65 56 83 73 99 6 84 4
9 94 45 54 100 23 46 83 1 75 39 97 13 56 79 52 76 19 11 56 47 3
10 38 31 31 69 15 16 100 54 28 13 1 32 49 94 55 73 45 81 30 74 4
11 18 42 91 53 55 63 28 74 95 14 77 74 41 6 54 73 44 16 4 13 3
12 78 19 39 62 99 12 60 55 82 88 30 33 48 45 16 68 23 73 2 8 3
13 53 75 94 22 42 60 83 7 30 11 5 94 58 43 79 58 76 15 91 80 3
14 22 80 95 14 67 41 32 75 20 64 51 36 29 1 87 96 99 21 30 57 2
15 75 88 20 10 72 25 25 47 43 74 95 29 28 73 23 65 42 81 16 89 3
16 65 12 10 99 54 85 7 64 86 80 5 16 78 54 20 41 31 64 63 69 2
17 33 91 70 86 6 80 43 75 3 22 95 82 60 96 93 1 67 95 9 77 1
18 54 36 90 59 27 81 63 96 27 70 97 35 49 48 22 8 1 18 60 34 3
19 85 65 81 40 70 6 66 81 2 44 87 51 61 4 47 59 77 53 70 89 1
20 53 40 49 47 46 53 42 60 98 72 99 81 92 52 17 66 49 100 50 70 3
21 78 39 39 5 99 64 52 30 98 18 64 74 17 44 61 19 73 73 17 25 1
22 99 47 44 6 96 56 49 15 27 51 52 80 49 43 4 86 92 38 89 26 4
23 83 86 76 68 68 51 53 25 56 81 14 76 94 100 78 64 50 97 55 68 4
24 88 44 33 62 77 81 22 99 61 100 77 18 29 28 54 2 97 28 76 49 4
25 62 87 34 2 99 16 71 31 63 95 51 70 9 8 4 25 61 36 56 65 4
26 15 13 44 56 64 90 93 33 57 80 82 94 24 85 97 96 1 24 71 27 2
27 47 67 15 97 76 36 44 74 13 35 55 48 58 96 80 40 53 44 66 87 1
28 9 37 14 59 26 82 39 4 8 13 24 95 44 44 98 14 60 72 35 46 4
29 96 30 4 1 21 79 29 50 56 14 20 42 94 4 99 12 71 5 87 15 1
