4 30
1396 1124 1206 1320 
0 59 25 36 43 20 62 97 80 14 55 14 16 71 23 61 19 90 39 10 45 4
1 88 93 4 36 13 70 29 5 43 74 87 63 84 46 19 91 39 46 70 65 2
2 81 47 82 18 90 88 91 59 31 100 17 91 6 40 33 53 54 9 7 93 3
3 33 16 10 71 94 17 71 72 98 57 41 33 38 20 98 12 23 7 77 33 2
4 83 9 59 60 28 10 96 53 69 50 22 84 91 32 46 9 69 90 44 13 2
5 2 83 3 37 11 84 20 38 45 62 72 68 11 95 13 81 23 3 67 1 1
6 27 70 83 5 32 31 80 58 97 9 54 29 63 82 69 90 84 11 74 72 4
7 89 45 29 83 62 22 2 60 75 87 4 12 55 46 92 3 80 34 8 60 4
8 32 90 92 65 45 31 97 98 35 59 15 94 25 93 93 22 10 12 22 93 1
9 92 71 52 18 21 72 89 19 85 73 31 59 79 87 20 22 17 40 85 80 2
10 8 81 93 27 85 66 70 12 68 87 85 95 95 57 29 34 87 86 23 41 2
11 4 52 69 63 41 73 6 84 33 81 58 70 57 92 70 4 29 82 21 10 3
12 80 41 41 92 1 34 62 85 71 12 10 15 99 97 8 36 82 47 81 69 2
13 3 41 44 80 84 26 33 65 88 61 18 54 84 86 14 34 45 39 39 97 1
14 32 90 5 24 77 51 50 85 80 82 20 26 19 76 88 31 5 23 28 92 4
15 61 98 14 12 66 35 11 57 1 26 81 9 39 38 9 95 85 88 82 58 1
16 19 10 72 97 16 83 69 62 72 22 89 55 67 52 83 64 27 88 93 32 3
17 63 49 100 44 28 38 65 33 77 49 27 37 78 6 66 55 29 11 26 91 3
18 84 30 20 45 57 67 93 82 33 83 37 34 24 82 46 99 50 70 89 12 1
19 43 59 31 34 28 100 16 67 47 20 10 26 34 61 55 19 23 62 28 96 2
20 83 62 79 61 76 67 72 74 77 87 48 64 29 7 23 99 8 93 13 71 2
21 40 21 1 79 53 46 14 12 62 72 28 20 50 15 9 69 11 85 47 91 2
22 85 37 38 96 90 46 35 5 71 42 91 11 64 66 38 28 99 95 45 23 1
23 85 72 78 46 70 29 63 11 32 81 52 60 70 49 71 41 32 15 83 61 4
24 86 22 39 40 83 59 28 77 2 12 33 45 95 67 67 29 62 11 57 88 4
25 48 93 12 16 85 30 49 45 21 12 10 21 55 5 72 89 9 55 44 69 1
26 29 83 58 26 86 60 7 3 53 36 83 10 9 72 56 71 72 64 84 13 3
27 53 89 21 27 82 58 50 96 41 64 31 62 45 1 34 37 78 47 94 91 2
28 35 87 48 9 60 32 73 54 19 96 66 19 30 76 63 82 77 37 16 79 1
29 38 80 46 51 63 21 71 100 55 42 85 1 56 10 64 88 47 48 29 7 3
