4 30
293 280 305 372 
0 104 95 15 13 34 32 45 50 38 80 87 72 31 50 31 82 6 17 96 94 4
1 57 55 83 90 30 32 77 67 100 23 30 38 88 26 44 18 78 54 51 20 1
2 81 81 45 52 20 22 84 93 29 55 48 33 64 100 70 43 54 72 48 40 1
3 8 18 67 73 24 19 83 74 76 26 90 85 63 65 91 21 38 92 29 61 2
4 70 71 16 22 62 72 16 23 60 22 9 22 12 16 43 18 42 54 67 68 3
5 1 1 47 47 1 2 41 48 15 45 92 50 34 60 99 97 85 3 31 55 1
6 14 8 43 35 64 61 85 88 3 15 16 87 20 40 8 88 74 34 16 5 2
7 40 31 70 69 10 8 48 46 93 77 94 37 89 72 13 66 53 10 15 45 4
8 77 68 33 35 1 1 82 76 48 43 48 38 17 1 45 66 92 44 41 27 3
9 92 89 35 36 99 90 42 37 33 37 16 43 50 21 98 56 93 80 58 93 3
10 37 31 73 77 14 16 71 62 26 26 47 31 73 51 10 87 26 14 26 41 1
11 47 54 61 65 65 75 79 86 64 77 69 80 11 90 67 82 43 7 31 91 1
12 81 71 9 14 64 64 13 7 46 58 23 5 95 54 44 51 85 78 54 38 1
13 106 99 56 46 75 84 25 31 93 33 100 4 32 68 49 42 57 18 45 18 4
14 4 8 34 34 72 69 102 95 34 92 21 21 53 31 87 36 74 30 50 85 1
15 96 100 20 22 36 45 60 67 42 58 65 88 54 64 28 35 23 98 52 67 4
16 3 8 96 95 71 73 56 60 85 61 32 99 92 83 13 94 62 52 37 34 3
17 22 15 6 2 96 96 88 91 52 53 60 38 80 23 38 6 27 8 99 49 2
18 16 16 37 31 45 53 74 76 45 52 2 10 70 91 42 2 92 53 42 89 2
19 56 53 24 28 97 94 57 61 92 84 90 10 12 41 86 99 100 79 73 98 4
20 73 76 86 83 99 89 91 96 59 62 67 82 42 13 78 60 86 23 86 75 2
21 101 95 58 61 28 28 77 86 57 77 44 84 21 75 3 26 19 63 93 5 1
22 36 27 94 86 34 36 92 95 25 22 53 26 77 70 46 21 69 5 22 58 3
23 60 50 32 32 4 7 84 89 99 66 85 79 33 53 82 70 62 42 91 54 2
24 100 100 25 26 42 45 59 63 98 99 29 98 5 5 39 8 98 60 21 4 2
25 1 7 27 22 40 36 53 51 70 93 38 28 92 10 64 35 32 96 18 55 1
26 60 53 96 88 30 30 66 65 87 29 98 92 90 53 86 99 77 62 21 92 1
27 9 11 48 49 97 88 28 18 70 33 2 26 79 33 48 89 83 95 28 90 1
28 42 45 57 67 93 90 8 12 29 77 53 49 88 2 74 82 84 95 32 83 4
29 32 30 9 1 78 71 55 50 82 21 37 39 49 13 18 67 83 83 10 56 3
