4 30
364 288 264 262 
0 13 11 90 29 66 48 43 66 20 63 29 62 25 68 97 50 65 37 33 42 2
1 62 23 70 58 87 100 95 35 49 59 66 51 4 69 27 64 1 59 43 28 3
2 91 89 100 60 100 30 9 1 100 36 57 97 35 78 17 61 17 12 40 9 1
3 55 18 40 73 16 19 93 66 37 92 50 53 5 53 18 26 40 18 89 53 4
4 41 91 9 42 86 92 54 35 28 40 79 5 57 41 32 65 24 93 15 100 1
5 92 53 93 7 1 62 10 8 29 36 10 30 30 26 62 86 11 16 83 25 1
6 89 96 45 23 94 49 42 76 23 78 73 59 12 64 41 19 26 53 29 43 3
7 59 19 91 57 32 96 72 34 28 32 37 15 79 31 28 74 83 96 25 26 2
8 18 68 78 43 31 9 83 76 43 73 41 25 68 12 85 82 61 21 42 12 4
9 30 25 98 72 67 26 27 81 50 39 80 85 49 51 91 10 23 63 15 58 2
10 14 11 7 49 91 96 84 34 12 58 42 42 10 28 80 6 25 65 3 90 3
11 58 98 31 9 3 19 68 30 92 58 53 9 60 31 96 33 88 58 61 84 4
12 42 11 95 54 55 4 16 47 57 58 88 29 9 18 96 1 100 85 25 76 2
13 33 39 82 86 22 32 63 71 66 46 31 59 13 74 12 18 26 45 42 64 3
14 30 48 3 74 67 9 40 35 15 73 22 11 17 31 3 49 42 97 34 31 4
15 87 96 32 18 84 41 29 55 45 53 9 51 98 60 79 62 80 97 1 13 3
16 9 76 54 63 6 49 51 28 54 28 87 28 56 71 41 55 98 21 6 41 1
17 65 63 2 58 38 52 75 47 78 55 70 91 22 2 18 82 23 15 1 65 4
18 70 76 6 91 43 13 79 36 66 98 42 22 47 21 100 18 4 92 21 59 1
19 65 97 53 64 50 38 46 5 7 47 80 85 83 69 12 9 65 4 35 25 3
20 45 100 41 7 38 13 34 20 86 10 90 36 76 79 35 40 70 61 99 27 4
21 90 7 51 65 3 32 64 98 28 2 47 15 37 90 11 35 54 3 8 40 3
22 3 39 56 98 8 48 53 7 32 58 56 97 65 50 98 82 54 86 92 64 1
23 19 94 12 68 96 51 89 33 19 23 1 14 23 62 98 93 24 61 88 5 3
24 4 84 49 2 93 21 38 39 1 89 25 40 85 31 75 48 24 77 85 90 2
25 10 15 74 30 47 52 11 67 22 33 78 22 36 28 16 26 38 7 81 90 4
26 95 97 24 32 44 74 73 9 30 39 57 33 15 36 95 66 92 71 53 47 2
27 83 91 51 29 20 68 80 98 68 16 11 4 6 57 44 84 73 11 68 48 2
28 33 97 46 19 58 42 63 64 37 82 8 57 79 55 18 35 43 28 59 20 1
29 4 90 12 61 29 39 37 10 30 40 6 77 63 89 73 47 3 86 62 55 3
