4 30
292 321 324 311 
0 41 59 18 77 94 96 71 14 65 31 6 87 35 82 68 34 29 31 11 60 3
1 54 23 70 66 79 100 95 43 46 58 91 54 40 2 46 48 96 17 1 1 1
2 27 61 28 32 36 2 37 81 5 26 56 27 57 57 15 74 55 26 28 39 4
3 91 22 68 69 44 23 29 70 45 27 90 62 7 58 5 66 11 71 64 27 1
4 13 79 81 30 58 72 26 23 31 87 51 4 70 42 24 32 76 62 27 79 2
5 44 65 53 11 61 66 70 12 95 96 15 35 35 11 29 41 41 21 44 20 2
6 1 8 49 35 98 61 54 88 32 47 59 100 94 32 54 30 68 77 64 41 1
7 51 27 91 73 32 12 64 50 37 68 55 34 49 62 49 92 88 83 12 58 1
8 62 24 14 91 67 57 27 24 81 50 19 23 68 55 96 29 14 39 82 62 1
9 54 29 14 84 83 30 51 85 48 94 69 46 48 35 73 7 53 92 56 68 4
10 22 51 15 89 99 36 92 74 88 10 51 6 86 69 21 26 86 62 38 30 1
11 14 82 87 93 51 3 24 14 45 55 9 87 91 60 49 23 85 73 55 31 3
12 18 75 79 26 39 68 100 19 87 11 34 41 69 16 97 38 58 25 32 10 1
13 73 87 14 34 62 72 3 19 43 7 13 49 31 74 51 94 76 63 2 25 1
14 94 92 67 18 39 53 4 79 84 89 51 7 34 43 13 17 7 89 15 51 1
15 83 60 28 82 80 5 33 19 86 35 47 100 20 29 89 98 99 20 87 46 4
16 97 52 42 39 86 25 39 12 100 18 45 63 19 74 29 51 80 39 63 10 3
17 57 11 94 98 30 92 67 87 58 55 12 94 5 23 97 99 72 79 97 73 2
18 62 32 98 47 35 69 71 84 64 35 14 55 27 42 36 46 52 88 87 6 1
19 5 53 1 28 90 94 86 61 35 34 7 61 24 90 2 18 10 49 78 13 2
20 17 44 13 51 10 57 6 64 55 73 16 95 29 27 54 90 35 68 91 51 1
21 50 15 11 81 71 40 24 6 6 69 22 15 68 70 91 90 57 98 15 57 1
22 7 75 52 34 4 84 49 43 66 56 84 74 8 38 27 86 46 80 40 88 3
23 43 22 28 4 20 87 13 61 51 50 91 41 56 20 37 89 39 41 2 41 2
24 68 40 13 58 57 77 2 95 63 85 31 15 14 54 12 1 8 65 43 8 2
25 58 39 30 54 95 68 67 91 14 70 66 9 14 73 18 41 5 67 62 94 3
26 99 5 28 40 56 82 77 17 60 69 83 38 76 44 69 70 7 64 52 9 2
27 7 83 75 21 36 52 4 90 4 79 89 11 21 48 48 18 57 73 30 5 1
28 25 77 38 99 42 22 55 44 68 94 24 85 27 26 71 53 2 97 17 44 1
29 96 70 12 41 21 19 37 90 81 28 9 79 87 49 22 6 71 3 17 21 2
