4 30
755 672 776 747 
0 33 23 51 41 70 60 88 78 36 66 91 9 45 68 73 71 94 63 60 39 3
1 39 29 24 14 100 90 77 67 55 20 59 74 11 72 75 70 79 64 45 56 1
2 13 3 48 38 90 80 25 15 62 53 77 82 80 1 55 2 62 73 56 36 3
3 100 90 16 6 25 15 41 31 31 84 100 99 4 85 95 48 99 91 94 94 4
4 107 97 78 68 48 38 19 9 44 29 45 54 67 73 96 58 69 68 10 80 3
5 45 35 54 44 54 44 63 53 58 64 34 90 100 61 59 2 2 96 9 9 4
6 32 22 79 69 33 23 80 70 11 77 50 18 16 81 27 81 2 37 45 36 4
7 69 59 46 36 30 20 107 97 27 27 94 47 94 84 67 60 4 17 1 14 2
8 17 7 68 58 18 8 61 51 33 82 46 55 8 67 75 82 41 3 33 45 1
9 11 1 79 69 56 46 24 14 48 3 63 76 45 76 8 9 83 20 78 75 2
10 63 53 17 7 64 54 18 8 76 90 80 8 53 20 41 81 5 27 92 86 3
11 70 60 71 61 79 69 88 78 66 96 51 27 27 82 34 56 26 66 55 31 2
12 82 72 109 99 35 25 62 52 25 57 56 98 60 62 13 62 28 73 27 86 4
13 39 29 87 77 36 26 84 74 53 87 39 50 10 65 26 56 75 60 69 32 3
14 93 83 31 21 70 60 108 98 4 82 20 87 63 83 76 51 84 6 37 93 3
15 13 3 53 43 86 76 26 16 48 40 83 59 53 83 45 62 37 85 84 2 3
16 22 12 89 79 55 45 30 20 34 2 11 19 22 50 98 40 17 93 21 98 4
17 68 58 20 10 73 63 33 23 83 28 37 100 68 95 99 6 29 29 37 50 1
18 83 73 38 28 84 74 39 29 29 13 71 35 74 2 55 80 62 94 91 82 1
19 16 6 76 66 45 35 105 95 74 60 25 54 1 98 47 39 70 90 10 11 1
20 89 79 35 25 74 64 20 10 36 36 14 29 8 51 30 32 50 65 89 2 3
21 60 50 53 43 37 27 30 20 67 53 9 100 86 29 34 17 57 50 6 8 3
22 64 54 75 65 85 75 96 86 18 29 17 81 84 40 60 81 19 32 30 87 4
23 76 66 41 31 13 3 78 68 73 33 4 94 85 50 39 59 26 70 89 7 1
24 49 39 92 82 42 32 85 75 63 37 37 11 71 64 65 34 29 1 94 95 1
25 84 74 45 35 105 95 66 56 82 36 28 45 82 68 100 30 90 45 78 79 3
26 105 95 52 42 90 80 37 27 16 21 30 27 100 89 36 28 29 98 71 51 4
27 95 85 36 26 76 66 25 15 27 4 9 28 51 8 5 78 86 95 51 87 2
28 110 100 44 34 71 61 105 95 15 32 21 22 38 82 33 32 18 96 44 78 4
29 64 54 37 27 109 99 74 64 85 57 81 76 91 34 94 79 56 29 33 39 4
