4 30
1276 1254 1076 1387 
0 107 97 25 15 44 34 62 52 48 21 8 91 23 1 56 8 58 33 33 84 4
1 53 43 38 28 14 4 91 81 90 87 8 92 86 65 8 68 25 42 17 3 1
2 59 49 102 92 36 26 79 69 67 59 55 24 97 28 57 75 5 5 83 13 3
3 50 40 66 56 75 65 91 81 20 69 17 48 18 100 25 25 20 25 5 66 1
4 89 79 60 50 30 20 109 99 77 38 33 88 66 98 59 39 26 30 59 36 1
5 63 53 72 62 72 62 81 71 16 35 2 24 82 54 99 84 68 80 83 44 2
6 34 24 81 71 27 17 82 72 35 71 92 20 48 20 20 40 4 24 65 63 1
7 83 73 68 58 44 34 21 11 7 83 50 62 39 89 90 59 1 82 44 47 3
8 11 1 62 52 12 2 55 45 100 19 51 8 36 62 69 27 48 43 77 45 3
9 101 91 69 59 38 28 14 4 29 39 43 9 11 88 22 35 57 27 42 56 4
10 65 55 19 9 66 56 20 10 86 86 63 93 2 11 57 43 64 57 75 88 3
11 96 86 105 95 105 95 14 4 93 27 49 45 45 96 15 2 31 92 68 56 2
12 88 78 15 5 41 31 68 58 52 45 59 9 68 44 91 58 57 46 24 38 3
13 41 31 89 79 38 28 94 84 58 17 27 88 67 13 95 34 33 59 100 42 3
14 55 45 93 83 32 22 70 60 74 93 17 40 6 31 14 45 71 76 30 100 4
15 59 49 99 89 32 22 72 62 58 60 51 37 30 12 39 43 6 11 61 34 3
16 96 86 63 53 37 27 104 94 60 47 73 42 49 12 59 63 45 6 36 99 3
17 86 76 38 28 99 89 51 41 3 53 8 62 63 50 14 4 55 68 17 94 4
18 85 75 40 30 94 84 41 31 52 4 26 50 70 37 15 24 33 14 11 70 3
19 74 64 42 32 103 93 71 61 3 84 16 11 31 100 14 46 68 10 37 11 4
20 59 49 105 95 44 34 90 80 97 69 2 99 23 53 70 54 10 65 45 37 2
21 14 4 107 97 91 81 84 74 11 13 80 61 68 97 85 68 11 4 36 5 2
22 106 96 17 7 27 17 38 28 12 64 25 8 28 17 15 59 21 59 82 28 3
23 50 40 15 5 87 77 60 50 70 21 41 51 16 83 71 53 54 96 92 28 3
24 27 17 78 68 20 10 71 61 49 47 85 63 55 41 3 19 98 89 67 9 1
25 26 16 87 77 47 37 108 98 65 4 45 93 43 70 25 9 93 88 77 21 3
26 75 65 22 12 60 50 107 97 67 15 43 57 85 18 31 19 7 74 82 8 1
27 65 55 106 96 46 36 95 85 39 70 47 68 46 80 27 33 10 72 2 24 2
28 32 22 66 56 93 83 27 17 98 21 50 69 47 2 82 99 33 17 67 86 4
29 46 36 19 9 91 81 64 54 76 75 33 57 58 84 66 12 30 86 77 22 1
