4 30
747 776 868 731 
0 11 1 29 19 48 38 66 56 43 94 46 29 60 27 2 58 97 19 91 100 4
1 97 87 82 72 58 48 35 25 61 44 40 11 85 72 97 47 82 35 41 85 3
2 51 41 94 84 28 18 71 61 76 88 45 23 100 22 26 7 12 42 85 18 3
3 58 48 74 64 83 73 91 81 36 67 27 91 44 67 67 43 10 16 80 15 2
4 45 35 16 6 86 76 57 47 14 43 7 50 83 39 6 98 93 27 18 81 1
5 99 89 100 90 108 98 109 99 52 14 45 66 60 40 96 7 52 29 100 12 4
6 34 24 81 71 27 17 82 72 65 26 13 90 87 71 100 76 78 69 32 11 4
7 19 9 104 94 80 70 57 47 12 47 48 39 95 39 10 44 90 98 37 51 4
8 43 33 94 84 36 26 87 77 58 61 37 23 28 45 64 57 78 25 62 79 3
9 57 47 25 15 94 84 70 60 72 76 2 100 96 77 33 42 39 14 63 19 3
10 57 47 11 1 58 48 12 2 17 18 47 45 76 88 20 95 96 48 34 61 4
11 84 74 93 83 93 83 102 92 14 30 90 71 87 73 68 91 94 100 68 54 3
12 56 46 83 73 109 99 36 26 53 5 78 95 9 24 49 68 1 36 9 90 1
13 25 15 73 63 30 20 78 68 97 92 44 68 99 20 13 34 43 53 76 69 4
14 23 13 61 51 100 90 38 28 75 57 38 86 100 2 22 91 93 67 3 39 4
15 67 57 107 97 40 30 80 70 82 9 52 25 66 61 14 87 99 99 83 38 1
16 100 90 67 57 33 23 100 90 26 73 29 16 55 100 17 38 74 62 52 70 3
17 106 96 66 56 19 9 71 61 39 36 75 86 93 94 94 99 69 72 49 58 4
18 69 59 24 14 78 68 25 15 38 94 35 25 15 21 84 62 77 74 74 20 3
19 34 24 102 92 63 53 31 21 75 65 62 21 66 68 13 95 18 52 39 34 3
20 79 69 25 15 64 54 110 100 28 33 31 50 11 44 51 66 65 22 38 19 4
21 98 88 91 81 75 65 68 58 74 46 60 37 33 30 99 33 55 83 37 87 1
22 46 36 57 47 67 57 70 60 16 98 17 61 79 90 92 34 75 36 72 47 4
23 46 36 11 1 83 73 48 38 93 46 8 37 46 40 44 46 60 25 76 75 4
24 91 81 34 24 84 74 27 17 88 21 17 56 84 39 39 67 3 45 94 29 3
25 66 56 19 9 79 69 40 30 25 2 25 57 60 4 31 32 41 83 44 11 2
26 87 77 34 24 72 62 19 9 28 79 97 70 75 59 81 48 78 73 5 14 1
27 85 75 26 16 74 64 15 5 56 69 85 69 13 3 6 41 76 42 28 15 2
28 44 34 78 68 105 95 39 29 82 7 78 14 89 70 26 76 89 51 2 88 4
29 18 8 91 81 63 53 28 18 68 33 94 34 9 35 2 41 35 70 5 78 1
