4 30
302 264 308 333 
0 47 33 32 51 8 70 85 88 80 99 90 99 98 13 95 49 20 56 79 13 2
1 4 77 20 12 29 54 45 89 59 98 53 99 25 47 72 92 66 83 63 86 4
2 45 51 46 22 54 92 55 63 92 66 56 68 68 92 40 66 18 91 76 93 3
3 5 16 82 71 66 17 43 72 88 32 37 52 44 8 62 44 15 15 83 55 3
4 3 73 71 24 40 66 16 17 60 34 28 38 37 31 46 72 68 71 31 83 1
5 70 67 79 13 87 68 96 14 45 18 68 83 80 40 77 35 7 2 91 47 3
6 3 14 51 41 100 67 56 94 60 50 52 86 89 2 41 64 75 88 45 7 1
7 5 89 37 27 78 66 18 4 31 13 24 2 18 22 23 47 22 70 8 85 3
8 80 98 32 65 85 31 45 98 23 24 7 67 27 21 25 5 68 21 30 6 2
9 12 39 80 86 41 40 9 87 30 31 70 6 39 11 64 12 86 19 11 37 1
10 76 21 69 59 53 6 46 44 19 63 68 44 90 9 97 6 86 25 18 67 2
11 88 24 61 35 25 45 98 56 60 21 65 9 88 85 17 77 29 37 1 30 3
12 60 61 21 12 81 54 42 5 12 64 82 55 7 4 34 68 95 23 43 57 1
13 43 57 84 4 32 42 73 89 20 51 65 46 10 99 52 30 90 67 9 40 3
14 76 14 49 40 21 75 86 1 56 11 50 5 48 36 18 75 61 22 80 22 1
15 77 42 30 64 74 87 27 1 35 55 67 87 82 15 86 4 95 56 81 13 1
16 83 98 36 77 80 63 33 50 54 66 69 78 67 55 44 96 10 2 69 9 2
17 3 81 40 76 76 62 13 57 58 97 81 79 20 72 71 19 56 61 90 17 2
18 8 6 52 29 89 43 25 66 81 71 4 100 38 98 92 95 12 45 62 46 1
19 75 35 71 2 60 68 56 43 39 52 87 21 43 88 11 10 23 3 80 9 1
20 3 70 99 77 96 83 92 90 8 23 49 31 39 77 48 6 28 91 5 26 4
21 84 73 45 31 5 98 58 64 27 82 69 91 47 17 33 74 57 58 93 78 1
22 1 93 54 52 98 2 51 61 44 46 33 75 1 23 14 8 24 39 15 73 1
23 5 44 90 18 82 1 75 75 25 17 35 78 98 33 8 11 5 95 34 81 3
24 46 14 91 32 35 51 80 69 42 24 45 77 2 32 97 28 32 86 55 12 2
25 32 5 4 20 77 34 41 49 91 58 52 64 40 13 9 65 35 8 62 93 4
26 5 59 34 94 54 36 83 71 10 11 17 78 17 31 55 9 82 72 15 13 2
27 65 29 33 67 2 98 62 36 78 68 65 84 95 2 64 79 52 80 75 54 4
28 67 67 80 89 92 12 5 34 58 100 88 7 47 40 71 22 46 48 72 15 1
29 46 60 62 31 71 9 87 80 13 39 39 56 19 82 82 32 55 46 74 47 3
