4 30
709 714 690 749 
0 61 7 46 25 22 44 99 62 9 45 58 15 62 47 75 22 48 65 63 100 2
1 54 31 62 66 79 8 87 43 56 36 58 76 13 52 6 53 80 76 34 24 2
2 63 33 64 12 72 82 73 53 99 59 96 45 71 77 22 2 26 59 7 91 4
3 19 18 4 73 80 19 57 66 95 86 99 71 94 75 69 45 68 89 86 32 4
4 85 67 53 10 30 60 98 11 97 17 33 97 20 42 67 75 32 32 65 13 2
5 4 69 13 15 13 70 22 16 61 94 70 23 12 16 66 11 10 8 74 65 3
6 5 20 53 47 10 73 58 8 81 64 53 5 17 60 38 17 67 34 72 3 1
7 51 43 91 81 24 20 64 58 41 78 30 27 50 32 37 8 13 46 26 39 2
8 98 72 50 39 11 5 63 80 44 61 48 81 89 59 39 35 79 30 48 39 2
9 70 41 38 88 99 42 67 97 56 92 25 58 93 94 30 42 77 27 20 32 3
10 30 91 23 29 7 76 100 14 7 53 21 19 59 55 66 16 50 66 36 94 2
11 70 66 35 77 7 87 72 98 64 8 56 17 35 20 65 73 2 65 11 80 3
12 2 47 63 98 23 40 84 91 73 6 66 68 31 42 44 95 56 40 22 86 2
13 13 35 54 74 2 20 43 59 21 1 51 44 1 88 22 15 52 31 62 23 1
14 58 36 31 62 3 97 68 23 71 97 68 70 49 7 89 81 27 14 45 88 1
15 79 24 24 46 76 69 29 83 3 9 13 64 23 18 72 98 89 26 5 13 2
16 77 36 22 15 74 1 19 88 24 89 77 79 27 87 34 36 57 42 38 84 3
17 41 51 78 46 14 40 51 27 76 81 54 38 5 36 100 72 65 44 83 61 4
18 62 80 98 3 35 25 71 40 57 76 67 21 37 76 64 62 51 83 64 8 1
19 45 9 41 84 30 50 26 17 4 32 10 80 94 21 42 43 92 21 42 28 2
20 89 96 85 3 82 9 78 8 80 38 62 25 64 79 70 8 60 52 8 63 1
21 18 31 79 89 31 56 92 22 52 54 69 79 80 65 20 25 84 97 24 26 2
22 3 11 48 70 100 20 45 79 7 26 75 50 47 47 73 68 78 76 64 47 4
23 59 58 52 40 44 15 37 97 72 98 27 92 43 99 28 89 44 13 46 60 1
24 24 88 69 6 13 25 58 43 74 68 75 31 12 99 80 30 77 36 11 4 1
25 14 63 78 78 51 92 15 15 93 22 83 37 27 21 58 53 74 23 36 8 2
26 11 13 32 48 60 90 89 25 6 45 23 54 57 47 98 86 61 87 77 97 3
27 31 75 91 5 60 44 20 82 34 72 3 40 47 3 55 37 84 71 73 32 3
28 17 57 30 79 34 2 47 24 87 28 78 28 67 39 71 100 98 31 55 95 4
29 96 50 12 21 21 99 29 70 5 83 9 55 98 85 21 42 40 91 27 89 1
