4 30
741 716 764 697 
0 17 3 2 21 78 40 55 58 18 98 33 8 19 57 25 92 88 48 50 18 2
1 46 39 62 74 71 16 79 51 53 9 87 35 80 38 46 9 51 85 72 54 1
2 27 85 36 56 36 26 45 97 18 43 100 50 93 22 37 52 42 48 9 76 2
3 83 18 68 73 44 19 21 74 68 69 68 20 99 63 99 13 32 71 64 26 1
4 29 35 97 86 74 28 42 79 98 90 96 66 20 77 51 93 33 58 2 35 1
5 16 77 25 31 25 78 34 32 58 80 39 36 43 63 59 61 23 54 15 83 4
6 21 52 69 79 18 5 74 32 93 80 31 36 49 13 10 10 15 22 67 49 4
7 43 75 83 13 24 52 56 90 60 5 90 10 69 3 90 89 21 23 67 91 2
8 78 68 30 35 83 9 43 76 78 7 43 17 59 76 56 66 97 98 55 84 4
9 10 57 78 4 39 58 7 13 16 66 43 86 25 76 29 5 16 50 45 22 1
10 46 71 31 17 23 56 8 2 85 83 92 32 84 95 94 29 7 65 44 23 4
11 74 26 39 37 11 47 84 58 17 88 100 88 71 26 33 74 16 82 80 94 2
12 62 91 23 34 83 84 44 27 55 57 95 78 20 18 35 62 19 35 27 2 3
13 93 23 34 62 82 8 23 55 6 76 63 99 39 69 77 60 31 62 50 65 2
14 86 24 59 58 31 85 4 19 74 73 52 61 56 88 60 62 76 39 7 19 3
15 71 52 16 74 68 89 21 11 21 31 83 89 91 30 92 21 88 73 12 33 3
16 45 88 90 75 42 61 87 48 60 75 15 3 78 79 14 82 49 8 85 52 3
17 25 39 62 34 98 20 35 15 42 34 19 15 87 99 28 23 37 56 59 70 4
18 46 92 82 15 19 29 55 52 83 11 77 18 55 10 49 30 54 98 56 25 2
19 25 29 21 96 18 62 6 37 25 26 42 45 92 86 45 59 58 82 5 21 4
20 25 84 21 91 18 97 14 4 19 62 76 20 24 22 12 4 86 55 69 64 4
21 46 47 7 13 59 80 20 38 10 30 63 66 63 92 71 36 11 77 51 95 1
22 95 83 40 42 92 92 45 51 61 84 71 44 40 11 38 23 24 22 37 22 4
23 7 22 100 4 84 79 77 61 7 90 46 61 90 1 56 99 35 23 51 23 3
24 44 92 97 10 41 29 86 47 69 15 19 29 50 9 39 58 97 39 89 81 2
25 18 11 82 26 55 40 19 55 72 87 1 68 38 51 14 49 69 57 62 92 1
26 19 21 48 64 76 98 97 41 7 98 75 98 41 29 1 15 50 42 21 76 4
27 71 51 39 89 100 28 68 58 21 91 8 28 7 67 1 42 24 45 76 86 2
28 1 17 6 39 18 62 31 84 91 73 18 78 24 22 37 42 53 66 74 41 3
29 88 10 4 81 13 51 29 30 67 49 95 87 20 65 90 38 63 90 7 97 2
