4 30
1211 1252 1088 1208 
0 31 77 16 95 92 14 69 32 77 36 57 98 93 34 16 80 16 50 6 50 3
1 96 93 4 28 21 62 29 5 55 3 59 17 16 26 87 95 51 3 49 85 2
2 45 67 54 46 54 16 55 87 93 27 3 67 49 3 94 54 2 70 9 76 4
3 97 20 82 67 58 21 35 68 48 41 71 46 14 62 57 9 77 47 44 24 1
4 11 29 87 72 56 22 24 73 47 89 38 49 2 31 20 74 84 38 14 9 1
5 42 79 51 33 59 80 60 34 67 32 15 73 7 95 83 50 58 67 93 62 1
6 23 58 71 85 28 11 76 38 43 41 94 90 55 21 20 95 89 64 81 92 3
7 97 29 29 67 70 6 2 44 68 45 31 37 43 1 70 63 54 100 22 40 1
8 96 42 48 9 1 83 61 50 55 4 20 38 63 17 71 96 1 97 82 58 2
9 68 59 36 14 5 60 65 15 48 2 17 95 72 37 62 61 45 72 57 100 1
10 100 41 85 87 77 26 62 72 15 78 52 7 69 29 87 28 24 91 6 57 1
11 48 68 21 79 85 89 58 100 23 33 6 40 37 97 54 14 18 92 8 5 2
12 4 77 65 20 25 62 86 13 81 77 32 18 4 45 4 59 23 28 29 13 1
13 63 93 4 40 44 78 93 25 36 24 25 72 1 58 58 15 84 4 27 9 1
14 68 46 41 80 13 7 86 41 6 23 65 33 49 12 86 86 9 79 65 74 1
15 65 34 18 56 70 71 15 93 96 89 96 64 74 18 69 69 59 88 83 66 2
16 39 34 84 13 36 99 81 86 10 83 37 10 63 24 26 88 53 49 99 47 2
17 71 9 8 4 44 98 81 85 55 51 33 30 51 66 66 9 68 41 98 20 2
18 92 74 28 89 65 11 1 26 85 57 89 82 40 80 72 31 63 32 94 54 1
19 3 3 91 78 88 44 76 11 4 56 90 99 34 51 72 93 75 41 17 10 1
20 11 10 7 17 4 23 100 30 73 70 67 35 92 72 16 31 2 40 59 67 4
21 80 5 33 71 93 38 54 96 24 93 51 64 83 8 92 84 67 96 2 26 2
22 89 1 42 60 94 10 39 69 82 25 28 60 52 11 61 40 26 100 30 55 2
23 69 36 54 18 46 93 39 75 65 60 3 56 23 64 36 49 92 65 33 81 2
24 30 74 75 92 19 11 64 29 89 18 25 14 8 12 19 34 78 25 11 97 4
25 92 77 64 92 29 6 1 21 53 65 65 77 23 37 27 54 98 98 98 32 3
26 25 75 54 18 74 52 3 95 49 26 48 94 32 99 37 31 37 16 99 30 3
27 29 97 97 35 58 74 26 4 37 81 50 17 14 1 42 48 45 14 91 27 4
28 43 7 56 29 68 52 81 74 69 65 58 34 95 40 9 19 76 85 22 73 4
29 38 100 54 71 63 41 79 20 9 21 13 13 45 25 23 90 20 38 14 41 1
