4 30
310 232 340 331 
0 31 21 42 39 61 58 72 76 46 93 100 56 89 28 69 61 15 73 19 10 4
1 1 1 45 44 84 78 10 13 47 84 67 65 13 87 7 47 36 46 86 80 3
2 95 91 59 62 42 40 6 11 5 43 8 2 28 31 79 49 77 86 99 14 2
3 26 16 64 71 13 17 80 72 34 24 98 25 72 17 85 46 73 76 7 94 1
4 86 85 32 28 78 78 24 29 15 37 52 65 72 45 51 8 35 52 6 38 2
5 104 99 43 45 98 100 45 46 49 97 26 90 64 14 92 6 11 12 3 34 2
6 1 2 22 29 51 55 72 82 61 69 27 46 45 54 97 9 64 3 57 43 1
7 71 69 9 15 49 54 100 92 7 45 22 99 35 91 65 60 50 70 22 28 3
8 95 94 51 61 28 27 1 2 57 84 93 3 29 97 93 45 7 80 15 43 2
9 78 87 34 34 85 88 41 35 16 86 60 66 59 64 88 41 84 77 75 90 2
10 70 61 1 7 39 46 96 92 17 32 4 55 66 52 15 62 96 49 47 61 3
11 11 12 17 23 29 33 43 44 17 30 88 83 82 16 30 68 95 58 92 46 1
12 81 85 22 28 77 78 26 21 35 34 82 21 36 43 65 98 95 89 29 45 2
13 39 29 68 76 8 14 66 61 42 19 5 51 60 66 94 35 40 3 57 51 2
14 76 86 6 12 44 47 74 73 91 33 41 19 24 37 66 37 99 48 8 56 2
15 32 26 40 40 64 63 88 85 42 33 89 63 13 53 52 80 5 85 72 10 2
16 80 70 44 49 27 35 20 22 19 45 57 77 11 49 62 76 65 70 74 66 3
17 37 37 29 32 19 26 11 21 97 52 53 82 61 83 77 92 24 12 95 40 4
18 29 34 58 57 79 71 87 94 18 8 89 72 16 11 26 36 68 92 26 54 1
19 82 79 55 46 15 12 96 87 10 75 26 20 33 21 85 23 61 34 55 80 2
20 42 50 55 57 68 63 60 70 21 91 57 84 88 39 20 90 22 76 3 78 4
21 55 45 4 3 74 70 31 36 25 59 86 35 22 20 68 19 41 36 13 21 2
22 19 9 69 68 17 18 67 77 64 93 71 3 42 55 62 35 91 81 1 49 3
23 43 36 15 10 87 93 67 75 45 86 89 45 44 66 8 28 25 77 55 57 3
24 32 26 49 44 66 63 83 81 1 77 73 11 63 42 100 45 61 27 2 65 1
25 36 41 62 56 83 78 88 93 41 70 57 99 25 54 98 96 40 34 39 88 2
26 91 99 27 34 69 76 18 11 30 89 2 51 53 16 2 58 67 44 8 13 1
27 75 65 1 3 42 42 81 72 38 37 5 52 35 29 66 86 11 61 20 60 1
28 48 55 84 77 99 100 27 22 43 55 64 34 58 44 41 64 46 100 11 85 3
29 32 40 9 11 78 81 63 60 31 16 38 97 78 76 61 48 21 53 96 39 4
