4 30
262 368 293 260 
0 50 43 61 61 72 80 91 98 82 89 49 70 84 34 39 54 66 84 54 51 4
1 62 55 88 98 35 32 82 75 1 52 46 15 97 50 89 5 62 83 50 50 3
2 45 53 22 24 84 94 69 73 29 20 83 26 59 30 22 76 77 66 12 54 4
3 22 22 73 69 30 23 60 70 31 80 87 78 41 56 63 29 39 53 18 87 3
4 67 59 13 10 51 52 5 3 79 43 13 5 22 13 42 3 7 59 50 91 4
5 13 5 60 51 15 6 62 52 58 44 40 34 96 67 63 71 47 25 56 72 2
6 35 28 56 55 77 81 6 8 6 74 85 78 6 57 8 25 72 19 12 29 4
7 57 47 87 85 27 24 57 62 31 98 74 39 78 18 57 26 46 94 94 81 1
8 20 16 84 83 48 57 25 24 87 44 64 2 61 73 2 48 84 12 76 76 2
9 99 93 50 48 93 94 57 49 96 28 7 1 97 89 90 6 9 22 56 99 2
10 66 71 23 17 64 56 1 2 67 61 47 32 18 24 75 44 62 12 39 52 3
11 48 38 54 49 66 59 72 70 67 14 98 65 84 20 40 32 66 14 74 54 1
12 26 35 83 86 30 28 87 79 12 42 69 67 9 30 54 5 94 63 39 17 3
13 48 47 90 86 38 32 88 79 94 24 100 48 86 70 30 20 74 68 91 86 2
14 47 52 69 78 7 13 37 39 33 2 42 55 91 43 20 61 28 54 1 35 2
15 69 64 93 86 17 9 33 31 45 12 37 20 76 38 78 24 98 96 25 91 3
16 91 84 76 71 59 57 52 44 84 69 62 38 54 44 24 83 75 20 95 54 3
17 55 55 47 50 37 44 21 31 21 99 59 46 44 73 47 91 100 48 89 48 3
18 82 72 82 87 11 9 32 24 46 37 54 64 45 33 93 92 99 80 100 75 4
19 12 9 80 84 53 50 13 17 10 32 34 88 97 81 76 82 4 56 21 30 3
20 27 20 19 27 32 33 45 40 68 51 46 29 81 50 84 8 48 54 85 20 2
21 1 11 71 69 28 36 1 2 14 17 59 52 97 34 45 100 31 57 98 93 4
22 57 63 15 22 76 72 34 31 63 81 53 72 63 42 62 53 36 62 13 83 4
23 94 86 66 60 46 43 18 17 31 74 76 1 63 28 55 34 55 78 80 25 1
24 52 56 69 74 86 93 3 11 30 58 30 23 17 70 80 53 67 16 86 25 3
25 23 31 36 46 70 60 75 75 23 55 93 17 88 45 7 82 42 50 33 2 4
26 69 61 105 96 47 38 75 73 11 38 61 55 26 50 57 6 76 92 52 96 4
27 3 3 50 41 62 72 9 10 73 10 12 50 23 93 31 52 67 98 52 36 2
28 17 25 53 47 68 70 83 92 31 56 48 22 86 89 30 44 10 97 31 88 2
29 11 10 80 81 57 51 26 22 37 17 32 7 26 86 81 71 91 71 38 60 1
