4 30
739 814 630 693 
0 85 75 103 93 22 12 40 30 54 30 43 59 69 76 58 11 52 100 51 45 2
1 11 1 96 86 72 62 49 39 86 58 17 54 40 48 37 45 81 8 75 71 1
2 105 95 48 38 82 72 17 7 42 61 4 56 28 64 79 94 59 82 89 91 1
3 108 98 16 6 33 23 41 31 98 75 99 60 43 81 93 80 54 98 35 14 2
4 27 17 98 88 76 66 47 37 40 76 68 67 63 99 37 51 41 50 44 93 4
5 17 7 18 8 18 8 27 17 80 34 85 63 63 83 81 17 75 28 67 69 3
6 28 18 83 73 29 19 84 74 25 11 53 79 29 73 36 93 38 11 19 68 1
7 41 31 18 8 94 84 79 69 79 19 73 88 70 18 80 58 52 35 98 78 3
8 37 27 80 70 30 20 81 71 62 5 53 24 10 93 5 30 36 79 7 100 1
9 39 29 107 97 84 74 52 42 23 18 28 45 1 52 81 70 32 48 77 72 3
10 59 49 13 3 60 50 14 4 34 23 9 28 11 20 58 27 43 26 28 74 1
11 110 100 19 9 27 17 28 18 77 9 67 3 64 11 61 63 39 70 87 100 1
12 62 52 89 79 23 13 50 40 45 2 27 50 20 39 42 94 32 41 68 88 1
13 27 17 75 65 32 22 80 70 1 99 54 13 31 33 52 86 64 83 65 23 1
14 77 67 23 13 62 52 100 90 99 90 29 45 49 96 5 74 14 96 67 66 4
15 13 3 53 43 86 76 26 16 66 69 14 44 11 10 97 54 31 88 46 32 2
16 74 64 41 31 107 97 82 72 3 93 77 78 90 38 23 90 75 9 8 3 2
17 32 22 84 74 37 27 89 79 7 24 47 51 29 8 61 21 32 28 42 100 3
18 79 69 26 16 80 70 27 17 80 37 51 20 53 17 12 25 61 5 20 6 3
19 92 82 60 50 29 19 89 79 32 59 21 12 49 17 47 58 30 56 20 34 3
20 49 39 95 85 34 24 80 70 11 93 43 63 76 28 31 67 9 79 45 61 1
21 52 42 45 35 29 19 22 12 19 21 3 35 78 43 25 27 23 52 67 47 4
22 80 70 91 81 101 91 12 2 37 17 5 97 79 62 63 20 16 51 59 15 2
23 20 10 93 83 57 47 30 20 16 17 55 87 43 45 95 72 53 39 41 31 3
24 77 67 20 10 70 60 13 3 69 67 45 20 88 93 58 28 26 13 88 49 1
25 100 90 61 51 21 11 82 72 49 85 65 67 83 4 23 77 32 78 27 94 4
26 57 47 104 94 50 40 89 79 14 39 10 76 12 45 53 99 73 62 35 53 1
27 55 45 96 86 44 34 85 75 42 45 85 14 14 73 27 59 93 64 62 46 2
28 66 56 100 90 27 17 61 51 89 76 21 73 33 77 58 22 70 15 19 66 4
29 100 90 73 63 45 35 110 100 39 7 32 89 97 25 70 21 27 72 26 37 2
