4 30
294 324 269 355 
0 63 53 81 71 100 90 18 8 53 70 28 24 54 39 18 43 51 24 7 92 1
1 69 59 54 44 30 20 107 97 82 97 2 19 6 34 39 45 37 17 13 62 2
2 51 41 86 76 28 18 63 53 50 32 25 2 64 18 32 19 69 32 33 2 2
3 66 56 74 64 83 73 99 89 35 100 1 75 63 16 46 32 68 51 82 81 4
4 65 55 44 34 14 4 85 75 89 28 63 72 98 79 60 96 49 25 95 65 2
5 63 53 64 54 72 62 73 63 62 50 6 32 1 71 96 63 91 61 67 56 4
6 30 20 85 75 31 21 78 68 1 34 75 70 20 49 34 81 19 5 12 92 4
7 91 81 68 58 52 42 29 19 78 37 12 32 85 38 99 70 31 94 59 94 4
8 55 45 106 96 56 46 99 89 63 99 28 1 88 99 18 70 67 23 80 46 3
9 85 75 53 43 22 12 98 88 78 4 41 39 75 62 49 15 25 65 46 12 4
10 53 43 99 89 54 44 108 98 10 56 10 22 50 67 28 32 67 16 21 18 4
11 24 14 33 23 41 31 50 40 37 89 7 13 20 73 30 22 11 8 38 82 3
12 44 34 71 61 97 87 24 14 90 38 38 46 22 88 19 6 81 21 21 15 2
13 21 11 69 59 18 8 66 56 14 24 89 16 48 51 87 3 13 75 23 48 4
14 107 97 45 35 84 74 30 20 15 13 16 83 71 100 7 62 60 7 48 43 2
15 67 57 107 97 40 30 80 70 77 26 65 13 55 52 55 9 22 23 60 61 4
16 44 34 19 9 85 75 52 42 34 78 99 84 24 71 97 94 2 79 64 73 1
17 70 60 22 12 83 73 35 25 61 55 35 84 7 7 16 92 24 22 9 31 3
18 65 55 12 2 66 56 21 11 24 17 33 73 60 46 98 10 45 67 32 62 4
19 18 8 78 68 47 37 107 97 51 47 88 71 50 73 16 10 59 12 48 7 3
20 39 29 85 75 24 14 70 60 91 56 44 84 71 22 40 89 42 24 64 80 2
21 90 80 83 73 67 57 60 50 1 44 84 51 35 42 7 71 15 93 23 69 4
22 62 52 73 63 83 73 94 84 59 33 22 75 33 15 69 89 20 75 95 89 1
23 90 80 63 53 27 17 100 90 48 98 97 62 48 62 50 27 23 89 21 63 2
24 19 9 70 60 12 2 63 53 36 64 9 64 30 85 62 85 36 36 27 62 4
25 82 72 43 33 103 93 64 54 51 93 86 16 42 39 73 40 45 30 50 21 1
26 39 29 86 76 32 22 71 61 68 26 63 67 77 14 94 36 38 91 80 84 4
27 45 35 86 76 34 24 75 65 66 38 70 90 12 20 47 3 30 63 1 45 3
28 100 90 34 24 61 51 95 85 52 61 86 48 85 31 70 100 91 45 67 76 3
29 54 44 27 17 99 89 64 54 36 12 84 46 7 80 66 15 52 6 31 75 2
