4 30
723 848 712 879 
0 96 91 7 9 18 28 37 46 73 7 85 65 18 33 67 16 68 99 65 76 1
1 67 63 93 98 40 40 66 75 11 82 31 50 25 68 12 98 59 78 23 68 4
2 30 25 86 96 77 74 54 45 80 95 98 79 50 13 24 55 83 14 89 68 3
3 20 18 79 73 15 19 74 74 26 72 85 88 88 13 37 38 52 34 66 8 1
4 43 47 81 90 48 40 81 91 9 96 48 98 62 56 87 32 33 22 42 91 2
5 13 9 68 63 7 10 62 64 63 27 47 23 67 43 71 4 30 18 49 100 1
6 40 40 61 67 90 93 11 20 54 48 60 23 83 14 63 19 85 91 94 60 3
7 58 55 96 93 36 40 74 78 35 53 35 5 55 86 86 11 15 56 43 60 2
8 71 64 35 39 12 5 76 72 40 76 61 2 37 87 95 36 54 50 58 14 3
9 1 5 57 52 8 6 51 53 10 63 28 58 55 83 39 80 40 19 75 28 3
10 24 19 52 57 1 4 50 42 92 35 86 30 19 1 80 47 8 49 25 92 1
11 20 22 34 33 30 35 44 46 76 45 67 14 20 25 99 58 57 25 2 67 3
12 1 7 49 58 96 100 45 43 7 77 14 33 98 26 58 33 11 44 67 7 2
13 82 87 32 34 80 80 22 19 56 54 85 45 37 13 40 69 48 63 100 72 3
14 103 96 33 30 63 57 101 91 92 63 32 9 35 26 43 56 32 23 74 65 1
15 21 28 45 50 69 73 85 95 92 77 59 17 57 44 75 78 87 65 91 65 3
16 58 68 43 47 26 33 11 20 38 82 6 59 79 26 4 41 5 64 33 58 1
17 101 95 93 90 83 84 75 79 97 16 10 24 35 33 88 78 15 23 40 100 3
18 27 20 35 43 64 65 85 80 83 8 85 9 88 69 55 24 2 35 89 10 1
19 68 65 36 40 9 6 77 81 43 17 47 96 45 23 8 14 82 48 7 36 4
20 68 72 81 79 94 85 86 92 22 60 33 30 27 93 100 94 28 27 7 61 4
21 22 19 92 85 49 52 19 10 7 36 30 30 40 13 59 92 37 71 83 14 4
22 99 99 57 58 18 8 76 67 74 94 58 6 73 62 15 49 69 89 26 81 1
23 7 14 87 96 80 71 52 53 39 1 11 31 69 99 77 41 89 95 41 32 3
24 17 12 34 30 59 49 76 67 75 44 73 95 30 85 25 83 44 67 63 5 1
25 53 55 66 70 92 84 105 99 6 35 1 20 46 93 8 58 74 83 27 47 1
26 57 61 14 4 48 38 71 81 64 72 82 64 56 23 94 61 66 48 90 31 1
27 105 95 15 25 64 64 11 2 21 20 98 41 79 58 50 1 95 5 12 70 3
28 13 5 28 27 43 50 79 72 82 2 5 25 40 45 16 55 18 57 46 58 2
29 82 90 59 61 28 31 5 2 67 45 73 93 87 90 18 14 31 66 46 16 2
