4 30
1355 1309 1152 1032 
0 87 73 64 91 48 10 25 28 31 80 86 25 18 26 30 4 52 1 45 23 4
1 88 1 96 36 13 70 21 13 23 66 46 21 86 22 37 94 52 84 70 60 1
2 17 19 18 90 18 60 27 31 63 52 54 19 56 30 93 35 88 58 36 93 2
3 61 20 46 67 22 21 99 68 57 23 73 29 28 8 70 87 41 68 77 10 1
4 55 97 31 48 100 90 68 41 8 12 98 59 71 28 46 76 65 35 79 99 2
5 54 87 63 41 71 88 72 42 30 23 59 18 1 87 78 72 39 4 69 80 2
6 39 90 87 17 36 43 92 70 61 84 61 33 40 48 87 80 3 52 19 87 1
7 89 61 29 99 62 38 2 76 58 8 13 70 21 71 7 39 51 66 59 27 3
8 76 46 28 13 81 79 33 46 12 76 61 82 49 67 58 21 57 55 29 50 2
9 8 75 76 30 37 76 5 31 5 46 2 37 5 97 74 75 40 24 1 63 3
10 16 21 1 67 93 6 78 52 83 76 33 86 29 66 39 56 96 3 53 7 3
11 52 28 25 39 89 49 62 60 68 99 99 63 1 52 42 92 89 78 36 77 2
12 64 13 25 56 85 6 46 49 13 13 50 84 19 59 45 36 24 89 94 64 1
13 43 81 84 28 24 74 73 13 19 69 24 65 99 86 33 6 62 81 13 41 4
14 96 42 69 68 41 3 14 29 43 77 36 72 57 8 25 51 37 90 48 71 3
15 65 62 10 76 62 99 7 21 40 58 58 99 26 60 89 80 60 40 3 92 2
16 7 86 52 73 4 59 49 46 50 18 42 38 11 52 79 66 40 19 55 10 3
17 47 97 84 92 20 78 57 73 10 28 49 85 80 72 81 24 30 57 72 68 3
18 76 78 12 1 49 23 85 38 74 39 24 7 14 72 83 33 3 84 26 49 1
19 83 15 71 90 68 56 56 31 35 95 69 25 50 76 40 6 77 33 1 49 1
20 55 6 51 13 48 19 44 26 36 77 97 73 87 56 31 96 32 95 4 2 1
21 8 29 61 95 21 54 82 20 69 44 47 39 1 56 26 37 75 2 81 89 3
22 81 73 34 32 86 82 31 41 19 9 11 42 85 26 15 82 11 30 69 82 4
23 9 100 2 82 94 57 79 39 20 27 31 100 1 24 90 66 68 45 1 95 3
24 50 78 95 96 39 15 84 33 44 69 59 38 25 33 3 90 18 37 42 94 3
25 96 17 68 40 33 54 5 69 31 60 16 97 75 58 39 30 97 8 33 96 2
26 41 91 62 26 90 68 19 3 88 62 86 9 12 20 98 8 14 99 51 2 1
27 77 81 37 11 6 50 66 88 29 23 13 60 49 100 89 89 38 60 59 73 1
28 27 67 40 89 52 12 65 34 29 97 3 31 7 65 71 71 70 79 42 98 1
29 38 60 46 31 55 1 71 80 4 31 50 54 32 66 73 62 28 27 26 51 2
