4 40
407 433 343 409 
0 77 77 88 95 20 14 31 32 86 70 14 1 92 5 41 38 8 83 64 20 1
1 103 97 42 32 76 74 15 9 44 67 78 52 51 10 71 98 9 50 100 13 1
2 21 23 98 94 73 64 37 35 19 32 33 81 31 67 94 14 21 39 73 77 2
3 32 24 62 71 27 25 78 72 3 7 34 38 74 14 91 97 29 68 97 51 2
4 51 49 97 100 51 50 1 1 100 96 30 7 19 97 60 88 87 83 79 64 1
5 8 11 55 57 10 12 49 58 46 1 1 10 11 11 62 89 24 50 86 91 3
6 23 22 44 49 65 75 7 2 78 4 13 42 35 100 3 65 25 83 99 90 3
7 83 81 13 19 53 58 104 96 66 69 56 11 8 15 3 18 14 12 100 88 3
8 92 82 56 49 12 15 97 90 80 20 63 28 14 72 86 68 69 93 79 78 2
9 58 55 9 10 52 56 16 11 84 40 69 68 20 8 32 6 84 1 6 71 2
10 52 57 1 3 50 42 78 88 6 25 90 62 20 99 3 98 73 76 88 34 1
11 19 12 25 23 37 33 43 44 72 69 57 18 23 49 62 69 71 95 89 85 1
12 31 21 59 64 14 14 63 57 1 39 88 79 56 32 71 14 36 59 27 9 4
13 22 13 59 60 99 98 49 45 33 41 47 97 93 57 91 56 33 87 94 6 1
14 75 78 5 4 35 39 65 65 19 92 42 10 52 27 71 68 72 37 28 84 1
15 12 10 36 32 60 55 76 77 100 38 95 59 61 38 57 29 60 1 78 22 2
16 103 98 88 85 71 71 64 58 52 67 98 69 55 72 32 84 76 43 12 20 1
17 105 97 97 92 79 78 71 73 65 84 66 20 17 79 9 38 93 84 23 71 4
18 50 42 58 65 87 87 8 2 72 64 37 86 96 44 22 23 12 71 67 49 4
19 41 35 1 2 82 76 34 43 34 47 77 57 63 63 42 7 17 1 67 54 4
20 97 90 89 97 2 3 15 10 54 5 53 64 76 34 25 9 66 71 42 94 1
21 91 93 61 59 18 26 96 92 44 28 21 62 93 9 50 71 86 56 88 82 4
22 4 1 62 60 2 10 60 69 100 28 11 63 24 64 72 93 51 40 46 61 3
23 55 48 19 22 1 5 71 79 39 13 4 94 20 8 7 83 7 48 32 6 1
24 79 78 96 96 13 15 30 33 37 31 95 2 82 11 91 5 26 5 69 34 1
25 58 61 71 76 84 90 10 5 31 82 32 28 40 24 62 14 6 41 21 63 2
26 45 51 81 86 23 28 72 63 25 85 50 65 60 78 73 45 89 62 15 74 4
27 39 41 86 79 27 18 53 56 74 49 34 36 79 94 48 53 27 33 98 48 1
28 32 31 60 53 75 76 90 98 91 20 49 66 65 41 92 27 49 3 68 14 2
29 90 92 59 63 36 33 5 4 80 6 95 9 73 3 3 68 55 3 68 33 4
30 36 27 60 57 92 88 16 18 56 11 51 23 37 79 71 93 16 56 90 74 1
31 91 93 74 79 57 66 45 44 8 54 78 9 50 23 37 94 38 1 45 14 2
32 84 81 13 11 34 42 63 72 81 5 58 17 12 98 22 65 30 83 36 59 4
33 26 30 31 21 13 11 89 94 91 96 70 32 57 18 73 23 64 43 36 43 3
34 61 61 68 60 54 58 53 57 94 32 52 91 58 51 31 14 68 48 92 63 3
35 49 50 88 85 4 11 43 46 41 14 33 2 86 42 8 27 81 33 32 35 1
36 55 45 25 20 1 2 92 85 24 90 17 25 2 1 13 100 78 95 45 49 1
37 61 70 39 36 9 3 79 69 74 63 18 54 38 31 2 47 82 20 29 46 2
38 3 5 50 48 89 82 28 25 7 6 89 99 55 47 28 39 8 67 83 65 3
39 9 4 48 54 18 13 65 71 55 85 94 39 16 20 28 93 76 33 85 85 2
