4 40
1449 1456 1801 1747 
0 95 29 72 47 48 66 25 84 42 18 23 28 49 82 51 4 22 78 78 51 1
1 8 89 24 32 33 66 49 9 95 33 64 32 99 72 15 55 75 52 75 51 1
2 61 43 62 14 70 92 71 63 63 17 14 88 48 77 22 69 65 10 20 18 1
3 65 20 42 75 18 21 95 76 49 81 19 23 69 34 36 100 39 98 46 18 2
4 31 69 99 20 76 62 44 13 100 88 99 39 40 9 99 28 20 31 14 67 1
5 86 7 95 53 3 8 12 54 85 37 93 49 33 9 35 20 72 4 89 63 4
6 91 10 47 37 96 63 44 90 67 70 49 19 57 79 79 97 84 95 72 73 2
7 25 65 65 11 98 50 38 88 39 1 8 56 92 26 77 44 11 93 91 61 3
8 24 34 76 1 37 67 89 34 96 33 77 70 55 69 52 54 97 78 52 86 2
9 40 51 8 98 69 52 37 99 70 73 67 75 7 6 3 91 89 85 18 60 4
10 68 17 61 63 45 2 38 48 96 66 36 62 86 54 100 41 92 51 95 37 2
11 12 36 85 47 49 57 22 68 18 12 68 43 70 52 21 55 99 53 98 11 1
12 40 49 1 100 61 42 22 85 33 74 36 14 57 52 47 28 19 55 60 83 4
13 7 73 56 12 96 58 37 97 47 74 68 91 31 20 11 15 18 73 9 80 1
14 20 34 93 60 57 95 30 21 65 74 56 76 69 11 1 14 45 42 39 93 4
15 85 54 38 68 90 91 35 13 15 10 92 84 18 43 21 100 16 8 95 81 3
16 55 22 100 9 52 95 97 74 7 28 14 44 36 52 92 78 65 23 41 4 4
17 23 49 60 44 96 38 33 33 8 66 14 22 43 43 27 7 60 47 33 94 3
18 24 94 60 9 97 31 33 46 15 14 47 100 64 98 89 58 13 8 10 98 4
19 87 79 75 46 72 12 60 87 43 35 71 20 39 56 85 60 3 45 94 15 1
20 23 46 19 53 16 59 12 66 61 30 88 25 100 42 74 12 43 5 96 61 2
21 8 85 69 51 29 10 82 76 97 48 99 30 43 11 17 32 49 93 100 10 2
22 9 65 62 24 6 74 59 33 64 32 73 34 56 67 15 31 29 4 55 69 3
23 89 12 82 94 66 69 59 51 52 78 46 85 98 97 33 93 43 38 79 78 2
24 94 30 39 48 91 67 36 85 19 94 71 56 73 65 51 94 56 17 20 68 3
25 48 37 12 52 85 66 57 81 74 61 32 19 8 82 47 66 8 61 79 62 3
26 93 43 22 78 42 20 71 55 18 67 59 13 4 70 63 9 37 41 1 2 3
27 41 57 1 87 70 26 30 64 31 74 77 64 77 12 27 35 43 45 48 87 2
28 43 51 56 73 60 96 73 18 44 40 90 7 76 76 86 23 53 90 7 48 2
29 74 12 90 83 99 53 15 24 42 82 76 56 48 14 50 60 12 87 51 94 2
30 98 91 71 21 43 52 8 82 12 43 5 11 72 65 4 85 75 53 7 41 4
31 85 25 18 3 42 90 75 76 99 91 4 52 54 7 46 1 59 13 100 41 3
32 25 37 54 67 90 98 19 28 50 6 36 62 39 15 46 16 89 23 55 47 2
33 52 38 97 21 33 11 78 2 22 57 65 80 75 12 74 48 81 43 92 77 4
34 13 65 69 64 26 62 82 61 19 76 11 76 82 37 17 50 74 20 60 48 4
35 90 6 51 33 11 67 80 94 42 1 71 93 100 44 24 97 39 88 20 26 3
36 38 9 75 84 3 66 40 49 25 18 37 26 13 47 31 11 47 1 12 27 3
37 52 38 13 4 65 71 26 37 36 48 63 47 76 24 20 37 33 55 8 26 1
38 56 97 100 32 53 74 97 9 12 44 54 59 34 51 62 74 8 41 98 32 1
39 5 44 69 2 34 53 98 11 53 85 88 86 41 98 14 75 67 40 36 34 4
