4 40
1111 996 887 1026 
0 63 53 81 71 100 90 18 8 71 31 98 98 6 33 75 3 76 31 100 54 3
1 61 51 38 28 14 4 99 89 100 40 16 34 62 4 29 81 52 63 2 82 2
2 55 45 90 80 32 22 67 57 38 49 60 57 1 13 36 47 33 64 36 53 4
3 70 60 86 76 95 85 11 1 53 43 3 19 7 11 75 39 74 67 76 40 2
4 21 11 92 82 62 52 33 23 11 18 40 35 28 93 90 62 86 38 71 96 3
5 107 97 16 6 16 6 25 15 34 50 38 26 12 75 81 13 65 66 61 42 1
6 34 24 81 71 35 25 82 72 34 24 27 51 1 70 51 8 63 81 69 62 3
7 87 77 64 54 40 30 25 15 56 50 92 5 17 68 71 74 36 69 14 46 1
8 83 73 34 24 76 66 27 17 46 63 76 64 91 5 34 84 56 86 92 6 1
9 69 59 45 35 14 4 82 72 30 80 79 46 98 87 8 84 37 73 79 95 4
10 85 75 31 21 86 76 32 22 90 50 62 91 96 44 54 10 39 75 61 94 2
11 28 18 37 27 45 35 54 44 39 50 53 75 81 5 29 38 71 81 23 47 1
12 108 98 35 25 61 51 88 78 55 87 1 78 37 5 32 25 17 62 39 34 2
13 93 83 49 39 98 88 46 36 66 91 95 42 7 64 16 99 7 67 5 9 2
14 59 49 97 87 44 34 82 72 68 53 65 4 94 91 89 40 20 6 94 79 2
15 95 85 35 25 68 58 108 98 60 38 14 48 71 55 27 20 33 1 11 39 2
16 84 74 51 41 25 15 92 82 97 24 89 74 21 55 91 23 92 95 91 8 2
17 42 32 94 84 47 37 99 89 75 79 39 44 78 23 53 93 65 56 59 73 1
18 61 51 16 6 62 52 17 7 67 76 53 63 41 13 40 78 48 1 44 16 2
19 106 96 66 56 35 25 95 85 94 5 32 67 86 10 48 85 83 58 68 47 4
20 55 45 101 91 40 30 86 76 72 46 82 5 28 57 84 38 92 4 43 7 2
21 74 64 59 49 51 41 36 26 33 85 31 48 2 37 74 18 81 49 75 82 2
22 106 96 17 7 27 17 38 28 38 39 69 53 32 26 96 2 6 95 36 20 2
23 110 100 75 65 47 37 12 2 38 56 11 9 25 32 64 17 56 29 2 76 4
24 71 61 14 4 64 54 107 97 85 23 16 24 29 25 71 58 96 89 59 69 3
25 102 92 63 53 23 13 84 74 49 82 53 15 76 96 90 84 67 68 60 79 2
26 67 57 106 96 52 42 91 81 62 31 28 69 50 68 22 26 89 58 6 69 2
27 29 19 78 68 18 8 59 49 51 5 7 75 45 45 13 78 81 65 13 79 3
28 32 22 58 48 93 83 19 9 41 71 34 97 7 38 77 70 59 90 65 74 4
29 70 60 35 25 107 97 80 70 93 64 91 61 25 75 77 17 43 57 22 42 1
30 80 70 102 92 25 15 47 37 24 88 36 70 30 55 11 52 33 3 26 84 1
31 51 41 104 94 56 46 101 91 5 72 72 79 77 56 3 77 50 10 74 10 2
32 60 50 39 29 25 15 12 2 87 9 62 15 29 39 83 72 3 91 21 97 3
33 61 51 106 96 58 48 103 93 7 47 17 92 90 64 88 35 20 62 1 99 4
34 27 17 22 12 108 98 103 93 70 83 40 24 13 92 96 5 29 37 89 9 4
35 105 95 42 32 78 68 15 5 85 31 73 100 79 19 91 47 64 5 8 20 1
36 16 6 31 21 53 43 76 66 89 44 3 95 47 20 57 68 89 35 66 25 1
37 46 36 82 72 19 9 55 45 17 46 8 15 73 64 46 33 66 55 82 37 2
38 25 15 100 90 66 56 41 31 23 38 30 11 21 22 78 61 87 33 71 1 2
39 25 15 21 11 110 100 106 96 56 30 46 48 81 47 36 89 3 6 28 75 1
