4 40
1846 1552 1164 1763 
0 67 81 44 99 20 18 97 36 87 4 56 20 57 97 21 36 88 30 63 77 3
1 16 89 24 24 41 66 49 1 28 39 23 71 53 38 80 59 21 99 85 36 1
2 25 71 34 42 34 12 35 91 59 31 100 35 17 11 7 85 40 31 22 28 1
3 29 24 6 71 90 25 67 72 88 1 40 74 50 11 62 7 47 95 71 77 1
4 59 81 27 32 4 82 72 25 13 68 54 55 41 40 14 35 46 60 30 62 2
5 34 3 43 49 51 4 52 50 97 90 45 87 41 21 49 37 31 32 18 6 4
6 87 90 35 25 84 51 40 78 63 97 38 26 4 57 38 16 40 19 49 5 1
7 25 57 65 95 6 34 38 72 65 51 44 83 89 61 25 6 63 13 29 80 2
8 88 78 40 53 93 19 53 86 21 28 16 97 26 87 61 24 28 94 87 9 4
9 24 39 84 94 53 40 13 95 86 25 75 60 12 73 7 82 44 54 58 37 2
10 60 77 53 23 37 62 30 8 35 64 79 23 31 30 14 2 79 15 88 52 4
11 56 52 29 63 1 73 66 84 42 91 69 71 54 34 1 33 37 92 38 36 3
12 64 77 17 28 77 70 38 21 64 50 99 61 88 3 74 40 74 27 69 9 1
13 67 25 16 72 56 10 97 57 15 89 100 71 13 52 13 53 32 6 15 31 3
14 56 90 29 16 93 51 66 77 6 53 19 81 19 44 60 66 66 82 74 61 2
15 89 90 42 4 94 27 39 49 60 49 8 72 5 37 57 67 2 96 57 78 1
16 75 46 20 25 64 11 17 98 56 12 57 92 83 40 39 4 69 1 76 78 4
17 39 9 76 4 12 90 49 85 93 28 7 1 65 80 30 28 75 5 40 59 1
18 32 38 68 53 5 75 41 90 88 48 87 61 13 6 92 88 50 36 33 45 3
19 47 15 35 90 32 56 20 31 56 33 11 48 72 69 71 94 83 44 38 3 1
20 51 2 47 1 44 7 40 14 30 19 74 20 46 52 14 59 84 32 52 42 3
21 48 77 1 35 61 2 22 68 60 61 17 1 16 5 45 12 69 83 43 79 1
22 13 29 66 88 10 38 63 97 29 76 18 35 76 44 81 85 60 70 22 99 3
23 65 84 58 58 50 41 35 15 79 43 58 89 99 56 6 97 12 31 27 14 4
24 38 74 83 92 27 11 72 29 30 48 11 92 31 74 37 8 77 61 61 39 1
25 92 13 64 28 29 42 1 57 49 59 11 36 55 78 55 16 43 21 56 96 3
26 81 35 10 70 38 12 59 47 8 14 74 72 98 60 8 55 99 99 8 23 2
27 17 65 85 3 46 34 14 72 64 58 2 63 98 76 77 36 26 28 64 62 4
28 51 71 64 93 68 16 81 38 23 98 49 43 11 40 51 80 14 86 99 46 3
29 82 32 90 3 99 73 15 52 9 53 34 100 10 63 52 50 59 83 94 83 3
30 50 55 23 85 87 16 60 46 71 82 52 20 81 60 35 16 70 85 25 86 3
31 49 49 82 35 6 22 39 100 97 42 12 71 82 76 70 60 81 26 60 81 2
32 73 85 2 15 38 46 67 76 65 22 40 27 68 3 38 92 65 56 29 2 3
33 12 38 57 29 1 11 38 2 82 100 82 70 8 53 97 98 13 55 59 80 3
34 77 77 25 76 82 74 38 73 39 30 81 77 99 84 8 86 21 20 20 40 2
35 74 54 43 89 3 15 64 50 1 30 40 50 86 38 37 92 88 58 92 47 1
36 78 73 15 48 43 30 80 13 12 37 5 80 57 87 31 100 94 5 42 54 2
37 8 98 61 64 21 31 74 97 85 53 15 91 72 85 29 76 30 27 70 17 2
38 60 81 12 24 57 58 9 1 86 27 12 67 66 47 7 78 61 40 7 67 2
39 97 84 61 42 18 1 82 51 87 35 64 58 65 56 20 29 10 85 89 60 2
