4 40
460 396 364 385 
0 93 83 11 1 30 20 48 38 28 4 13 71 35 5 76 81 49 78 46 34 3
1 91 81 68 58 44 34 29 19 55 5 9 41 9 25 68 20 87 39 15 9 1
2 93 83 36 26 70 60 13 3 96 3 37 83 61 28 33 63 76 80 32 83 2
3 36 26 44 34 53 43 69 59 100 73 83 1 22 55 20 78 12 13 9 78 3
4 79 69 58 48 28 18 99 89 10 27 47 85 27 20 61 87 67 80 31 43 4
5 25 15 26 16 34 24 35 25 76 83 43 11 70 65 88 43 36 31 46 6 1
6 32 22 87 77 33 23 80 70 14 30 9 97 19 13 61 15 88 91 90 99 4
7 101 91 86 76 62 52 39 29 15 8 50 7 61 18 94 65 61 15 59 13 2
8 21 11 72 62 14 4 65 55 6 42 64 63 94 42 77 11 2 94 47 58 1
9 43 33 11 1 88 78 56 46 37 53 78 39 73 42 57 87 54 32 66 49 1
10 67 57 21 11 68 58 22 12 81 32 81 71 96 76 78 62 34 88 96 94 4
11 90 80 99 89 107 97 108 98 46 87 37 28 88 36 26 29 5 73 34 60 3
12 70 60 97 87 23 13 50 40 54 82 92 52 70 97 64 13 19 33 66 43 1
13 75 65 31 21 80 70 28 18 90 33 64 79 70 70 40 85 96 15 78 52 3
14 73 63 19 9 58 48 96 86 73 94 90 85 6 48 3 97 34 45 57 82 4
15 57 47 89 79 30 20 62 52 71 69 24 4 16 17 69 37 77 87 39 80 4
16 14 4 81 71 47 37 14 4 13 34 53 20 12 87 56 97 43 44 82 21 3
17 44 34 96 86 49 39 109 99 22 49 12 33 19 47 44 90 7 94 96 32 4
18 43 33 90 80 44 34 99 89 23 6 6 50 81 93 4 18 69 59 90 78 4
19 108 98 68 58 37 27 97 87 38 95 58 43 71 17 57 75 55 16 73 95 2
20 105 95 51 41 90 80 36 26 16 27 89 84 94 12 10 52 16 16 12 90 2
21 104 94 89 79 81 71 66 56 96 72 27 12 21 52 95 29 97 62 37 76 4
22 104 94 15 5 25 15 36 26 33 25 9 99 72 21 52 92 61 21 69 41 2
23 24 14 97 87 61 51 34 24 24 67 93 47 2 43 70 83 45 64 36 18 4
24 41 31 92 82 34 24 85 75 39 91 87 68 87 48 18 37 42 67 32 26 1
25 100 90 61 51 21 11 82 72 29 61 7 15 42 16 51 57 78 100 70 16 2
26 101 91 48 38 86 76 33 23 52 73 93 83 14 27 27 13 26 31 13 97 3
27 87 77 28 18 68 58 109 99 57 46 41 70 98 45 21 56 67 52 58 45 2
28 14 4 48 38 75 65 109 99 20 68 46 68 99 78 79 11 85 35 68 34 3
29 60 50 25 15 97 87 70 60 25 6 92 60 41 100 48 68 59 12 35 58 2
30 78 68 92 82 15 5 37 27 34 73 19 77 76 93 54 77 62 6 51 21 2
31 65 55 110 100 62 52 15 5 75 68 90 40 39 65 70 24 90 96 12 57 1
32 62 52 41 31 27 17 14 4 1 52 67 91 38 88 66 75 33 23 84 78 2
33 99 89 44 34 96 86 41 31 61 27 85 64 36 90 26 44 16 63 99 13 3
34 69 59 64 54 50 40 45 35 54 66 75 58 4 28 23 13 52 32 17 44 4
35 83 73 20 10 56 46 85 75 92 94 87 57 18 21 16 64 61 57 17 13 1
36 30 20 45 35 67 57 90 80 50 97 59 72 53 34 93 42 73 72 47 77 4
37 108 98 44 34 81 71 17 7 42 53 57 99 22 31 70 15 28 21 98 86 3
38 39 29 106 96 72 62 47 37 82 25 76 95 41 29 36 93 38 65 32 54 2
39 75 65 71 61 60 50 56 46 80 49 33 24 53 21 20 92 5 50 95 88 4
