4 40
1468 1556 1503 1818 
0 33 23 51 41 70 60 88 78 61 11 16 87 60 72 72 79 98 55 9 79 4
1 31 21 108 98 84 74 61 51 13 50 28 50 7 87 14 44 49 5 90 42 1
2 17 7 52 42 94 84 29 19 46 18 88 39 24 23 60 9 90 45 91 30 2
3 12 2 28 18 37 27 53 43 75 4 39 11 95 51 82 19 63 78 57 26 2
4 55 45 26 16 96 86 67 57 50 21 18 51 69 92 78 84 3 52 62 75 1
5 97 87 98 88 106 96 107 97 46 76 10 40 99 41 44 11 20 71 5 13 3
6 36 26 83 73 29 19 84 74 98 79 8 72 84 17 19 51 20 2 88 82 1
7 65 55 42 32 18 8 103 93 77 44 79 2 25 21 84 23 89 72 24 30 3
8 45 35 96 86 38 28 89 79 8 20 34 44 42 94 33 2 94 38 67 77 3
9 103 93 71 61 40 30 16 6 66 58 91 38 71 50 88 49 46 91 55 47 2
10 95 85 49 39 96 86 50 40 6 70 1 63 9 61 8 20 24 14 9 7 4
11 66 56 75 65 83 73 92 82 73 83 2 35 58 67 5 33 19 93 13 96 4
12 46 36 73 63 99 89 26 16 52 28 19 73 97 43 6 92 79 86 57 38 3
13 11 1 59 49 16 6 64 54 39 2 22 47 59 37 95 25 98 15 35 47 1
14 45 35 83 73 22 12 68 58 77 3 42 97 9 5 57 2 33 40 38 8 4
15 41 31 73 63 14 4 54 44 95 100 70 88 48 55 12 97 95 66 9 64 3
16 54 44 29 19 95 85 62 52 56 97 48 80 71 91 83 67 45 78 10 51 4
17 32 22 92 82 45 35 97 87 63 73 43 97 72 15 3 2 20 59 33 74 2
18 79 69 34 24 80 70 35 25 93 33 63 69 15 9 91 87 21 40 22 92 3
19 104 94 64 54 33 23 93 83 27 98 72 62 4 31 36 74 69 69 12 46 1
20 13 3 51 41 98 88 36 26 17 55 41 11 19 40 33 33 40 15 78 6 1
21 36 26 29 19 13 3 106 96 69 27 23 72 53 97 56 90 72 73 22 19 4
22 16 6 27 17 37 27 40 30 70 31 50 90 77 45 26 95 63 68 7 27 1
23 88 78 61 51 25 15 98 88 41 69 3 32 23 3 5 89 87 58 73 13 1
24 93 83 36 26 86 76 29 19 14 98 5 69 71 63 54 98 40 4 64 51 4
25 104 94 65 55 25 15 86 76 8 44 56 25 58 62 38 9 88 63 29 11 2
26 25 15 72 62 110 100 57 47 77 99 4 80 38 32 32 91 54 26 6 72 2
27 79 69 28 18 68 58 109 99 76 61 29 22 86 3 28 45 56 77 16 57 2
28 42 32 76 66 103 93 37 27 70 53 61 36 54 69 99 36 94 2 55 78 4
29 80 70 53 43 17 7 90 80 32 79 58 96 67 25 71 71 67 46 23 42 4
30 90 80 12 2 35 25 49 39 55 47 12 27 77 43 91 4 99 91 89 71 3
31 45 35 98 88 42 32 95 85 96 15 90 66 100 95 30 11 88 97 61 92 3
32 50 40 37 27 23 13 110 100 18 37 20 14 90 23 1 89 34 67 81 50 4
33 15 5 68 58 12 2 65 55 20 77 41 11 73 97 15 45 23 93 90 22 1
34 85 75 80 70 74 64 61 51 74 90 38 13 41 67 53 50 20 58 93 85 4
35 27 17 64 54 100 90 37 27 79 49 81 28 18 76 44 87 80 8 7 13 1
36 102 92 25 15 39 29 62 52 86 77 31 89 49 13 31 70 70 18 32 70 3
37 76 66 12 2 49 39 85 75 90 52 91 73 70 50 37 49 15 89 60 85 4
38 19 9 94 84 60 50 27 17 18 22 95 27 5 3 44 48 2 45 62 91 3
39 83 73 71 61 68 58 56 46 78 5 26 96 1 69 37 18 24 75 59 66 1
