4 40
1392 1564 1657 1382 
0 9 3 86 21 62 40 39 58 33 39 66 59 10 22 26 23 29 68 25 13 4
1 58 43 66 78 83 20 91 55 71 89 48 24 61 2 24 67 29 49 7 91 1
2 79 33 80 4 88 74 89 45 24 88 70 74 98 3 92 91 6 90 52 33 2
3 79 22 56 69 32 23 17 70 93 3 51 87 72 80 60 84 27 79 18 65 2
4 13 63 89 6 58 56 34 7 60 41 27 72 30 98 64 24 78 64 11 89 2
5 20 9 29 55 29 10 38 56 37 36 39 29 30 58 67 7 83 70 10 38 1
6 93 16 49 43 98 69 46 96 65 39 90 47 63 2 37 13 41 99 4 48 3
7 71 27 11 65 44 4 84 42 27 29 77 96 38 55 40 68 12 39 26 21 1
8 42 8 2 75 55 41 7 16 21 16 34 89 42 28 1 97 47 66 44 78 2
9 98 53 66 8 27 54 95 9 74 24 42 66 82 45 46 57 39 74 78 32 2
10 22 87 15 33 99 72 84 18 68 56 80 58 40 6 82 34 61 94 97 8 4
11 86 78 59 89 31 91 96 2 33 78 20 80 16 18 11 58 79 6 97 14 2
12 82 35 43 78 3 28 64 71 32 2 59 33 89 16 39 1 21 96 87 18 4
13 77 43 26 90 66 28 7 75 54 46 62 35 27 39 97 60 57 81 17 35 3
14 2 56 75 82 39 17 12 43 56 57 2 66 98 20 23 75 80 97 80 97 2
15 87 36 40 50 84 73 37 95 34 93 89 63 79 49 53 42 38 85 50 6 1
16 49 60 94 47 46 33 91 20 72 57 79 20 77 11 87 30 50 22 100 61 3
17 69 27 6 14 42 8 79 3 13 36 8 21 72 100 27 69 70 69 38 38 2
18 70 68 6 91 43 5 79 28 41 8 75 27 12 41 39 21 66 41 56 81 4
19 57 53 45 28 42 94 30 61 27 82 51 7 29 75 37 66 74 18 29 10 3
20 9 72 5 79 2 77 98 84 68 49 6 51 87 14 75 48 8 49 74 6 4
21 42 43 3 1 55 68 16 34 99 33 36 8 18 29 87 58 17 57 32 3 4
22 11 83 56 42 8 92 61 51 18 64 37 26 50 69 65 48 17 70 79 41 4
23 51 26 36 8 28 83 21 65 77 69 34 93 36 95 86 96 28 39 59 57 4
24 80 4 25 22 69 41 14 59 90 24 90 83 1 45 94 71 55 73 55 89 1
25 22 95 94 18 59 32 31 47 43 9 34 2 15 23 25 23 96 21 92 90 2
26 99 97 20 32 48 74 77 9 32 80 43 3 34 99 62 61 77 26 13 89 2
27 99 3 67 33 28 72 96 10 10 45 78 13 7 22 64 39 97 38 34 26 4
28 85 41 98 63 10 86 23 8 69 85 85 65 85 85 33 77 17 75 74 33 4
29 24 2 32 73 49 43 57 14 44 11 18 5 91 13 98 14 82 55 92 61 2
30 80 13 45 43 17 74 82 96 94 30 66 31 93 99 71 40 81 16 92 35 1
31 7 55 32 41 64 28 97 14 51 80 98 45 1 16 30 27 90 22 48 66 3
32 55 59 84 89 20 20 49 50 86 50 14 25 78 17 46 43 90 76 70 44 2
33 22 84 59 75 3 57 48 48 74 78 34 94 70 52 14 80 85 68 8 55 2
34 39 67 87 66 44 64 100 63 7 67 58 88 52 4 94 73 55 24 33 61 4
35 40 28 9 55 69 89 38 24 48 61 66 32 5 18 48 97 29 64 53 52 3
36 68 23 5 6 33 80 70 63 82 92 98 6 7 4 95 11 89 53 31 17 3
37 78 4 39 70 91 37 52 3 76 54 42 4 72 10 71 74 28 93 68 50 2
38 50 51 2 86 47 28 99 71 5 22 78 77 36 94 67 6 56 71 95 75 3
39 63 70 27 28 84 87 48 45 89 17 41 61 92 85 35 55 21 3 1 18 4
