4 40
1564 1756 1628 1580 
0 53 7 30 25 6 44 91 62 48 97 78 64 48 57 74 48 89 43 65 45 1
1 66 35 74 70 91 12 99 47 69 66 59 70 71 42 14 29 22 84 48 14 3
2 7 81 16 60 16 30 25 1 25 48 84 73 43 69 41 24 83 96 90 37 2
3 15 22 92 69 68 23 53 70 49 95 4 30 32 35 97 53 32 61 2 42 4
4 77 87 45 38 14 88 90 31 37 90 77 32 43 44 98 65 12 32 92 52 2
5 8 1 9 47 17 2 26 48 71 94 10 70 29 28 42 44 8 3 16 16 3
6 85 84 33 11 82 37 38 64 58 61 3 69 58 73 26 88 35 79 18 17 2
7 79 95 19 33 52 72 92 18 39 28 32 60 57 74 20 17 18 69 77 28 2
8 70 4 22 79 75 45 27 12 8 55 90 74 1 4 69 13 37 26 87 43 1
9 58 37 26 92 87 38 55 93 6 67 41 34 61 95 92 29 73 17 10 14 1
10 6 7 99 53 83 92 76 38 18 66 38 95 25 94 13 54 73 96 5 78 3
11 82 10 55 21 19 31 92 42 47 87 55 51 46 64 54 20 53 92 88 77 1
12 22 91 83 42 43 84 4 35 5 63 2 44 19 59 75 60 76 5 36 18 4
13 97 55 46 94 86 40 27 87 41 12 48 64 100 42 9 8 28 93 96 72 4
14 74 68 47 94 11 29 84 55 44 48 37 51 31 36 40 5 93 34 79 15 3
15 95 8 40 22 92 45 45 67 72 70 83 94 100 64 4 98 36 38 82 30 1
16 81 100 26 87 78 73 23 60 81 28 95 22 20 73 63 75 23 53 60 99 4
17 93 39 30 26 66 20 3 15 84 18 75 94 79 82 50 95 91 69 80 27 1
18 86 56 22 79 59 93 95 16 67 78 81 19 5 82 67 63 55 48 57 65 1
19 69 41 65 8 62 82 50 49 8 35 47 74 38 42 55 6 36 91 74 75 3
20 65 76 61 83 58 89 54 96 48 52 64 69 32 18 79 19 89 56 21 31 1
21 14 19 75 85 27 44 88 10 37 98 50 14 35 64 51 24 8 85 12 18 4
22 11 11 64 70 16 20 61 79 91 2 13 30 30 34 3 50 19 14 69 53 4
23 3 62 96 44 88 19 73 1 92 94 24 88 94 85 31 58 26 31 13 1 4
24 52 100 5 18 49 37 94 55 39 37 23 81 44 15 58 50 82 2 47 79 4
25 18 55 90 70 55 84 27 99 28 9 92 16 37 66 50 53 31 69 84 60 3
26 83 81 4 24 32 58 61 93 10 41 71 32 10 86 37 67 6 98 88 71 2
27 59 19 19 57 88 96 48 26 56 76 41 4 56 16 11 16 100 97 9 50 3
28 1 81 14 3 26 26 39 48 30 94 70 37 74 20 1 82 14 75 56 7 4
29 32 42 40 13 57 83 65 62 10 1 4 18 48 58 8 88 20 40 98 32 3
30 76 41 41 71 13 2 86 32 8 49 55 12 68 41 43 67 90 66 5 4 3
31 27 11 60 97 92 84 17 70 72 85 4 29 81 75 83 69 13 96 90 67 4
32 43 63 72 93 8 24 37 54 73 76 57 44 10 57 43 24 14 13 3 35 1
33 42 92 87 75 31 65 76 56 37 67 51 29 49 50 61 54 71 18 85 48 4
34 51 83 7 82 64 80 20 79 12 58 39 13 29 45 39 11 20 18 39 46 3
35 16 32 85 59 45 93 14 20 34 85 99 27 97 33 72 13 24 48 7 81 2
36 48 51 85 34 13 16 50 91 78 46 40 45 28 43 3 1 91 8 4 68 2
37 82 32 43 98 95 65 48 31 100 1 15 30 31 98 60 12 58 30 52 76 1
38 66 27 10 62 63 4 7 39 92 31 9 45 68 23 59 64 40 80 27 84 4
39 39 50 3 8 68 67 32 25 61 40 9 17 37 22 24 71 79 38 18 33 2
