4 40
1600 1392 1344 1843 
0 66 65 77 83 1 2 28 20 57 52 57 73 7 80 78 99 55 72 52 7 1
1 12 21 59 56 106 98 24 33 82 34 31 97 77 35 52 61 55 81 21 3 1
2 60 63 37 34 1 4 84 83 1 76 4 10 26 52 50 17 32 50 15 56 2
3 26 24 77 71 34 25 72 72 1 76 76 51 69 21 43 27 46 45 28 24 2
4 54 61 21 12 67 62 13 5 83 26 39 60 15 15 8 51 23 16 91 42 3
5 34 43 81 89 36 44 83 90 8 76 67 57 60 75 37 10 60 60 99 50 4
6 6 10 27 37 69 63 98 90 56 64 51 97 7 72 48 82 8 44 78 40 2
7 74 69 12 7 52 46 82 84 47 30 94 56 65 89 73 93 77 51 6 47 3
8 82 78 38 45 15 11 79 86 28 56 8 61 44 40 27 20 93 17 35 89 4
9 6 3 57 58 13 4 64 59 98 70 81 86 76 99 10 8 30 60 40 61 4
10 10 5 38 43 87 90 36 28 100 27 32 57 1 5 59 37 28 91 63 12 1
11 9 8 23 19 27 29 41 40 56 60 18 88 97 33 13 88 40 50 43 32 4
12 35 37 92 88 39 30 75 81 86 60 93 23 58 10 67 90 56 52 45 99 4
13 79 85 29 32 69 70 27 17 41 12 68 74 61 79 50 84 34 59 41 26 2
14 56 50 86 76 3 11 33 37 17 95 94 46 72 93 95 91 37 35 8 69 4
15 95 94 19 16 27 31 51 53 7 2 21 13 29 52 70 80 98 76 68 19 2
16 60 70 66 57 49 43 21 30 26 10 84 39 25 11 29 27 79 25 11 96 4
17 53 53 58 48 48 42 40 37 76 56 65 10 80 27 89 99 71 16 61 53 2
18 70 78 91 93 20 15 20 30 21 35 21 50 92 70 65 77 43 62 29 87 3
19 72 79 45 46 5 12 86 87 81 85 42 89 77 46 10 86 50 51 88 78 4
20 74 78 87 85 100 91 92 98 61 84 20 88 86 98 39 44 87 11 31 40 2
21 75 65 24 31 102 98 51 56 45 39 80 44 73 94 18 8 26 23 80 83 3
22 22 17 72 76 20 26 78 85 62 76 91 77 95 3 57 27 67 6 83 79 2
23 46 40 18 14 90 97 70 79 54 69 55 86 20 63 65 76 51 4 94 19 1
24 93 90 10 8 27 27 52 53 73 37 49 64 66 35 50 71 93 82 28 79 2
25 1 5 27 20 40 34 45 49 66 43 2 8 78 63 38 92 72 2 55 46 4
26 86 91 22 26 64 68 13 3 86 20 11 12 68 87 35 72 98 72 80 8 2
27 85 85 32 23 44 54 91 92 69 95 19 22 77 18 14 60 49 67 47 20 4
28 16 11 31 33 46 56 82 78 34 68 5 48 26 61 36 77 77 19 9 48 1
29 61 64 38 43 15 13 84 84 6 48 89 17 67 90 78 38 15 58 59 88 4
30 53 43 77 73 9 4 33 34 99 8 24 14 6 75 80 28 10 35 21 18 1
31 21 25 4 11 108 98 75 76 19 4 14 11 49 47 18 45 18 75 95 49 1
32 62 53 83 83 12 14 54 44 50 65 42 56 77 94 95 53 44 9 1 83 4
33 21 14 5 5 100 95 76 78 92 70 10 11 63 13 62 17 71 87 56 76 2
34 13 5 1 4 6 2 5 1 46 43 46 73 78 30 64 19 93 57 89 55 2
35 37 46 84 81 13 7 39 42 94 60 40 59 86 59 56 56 84 35 42 10 3
36 48 53 39 36 15 18 98 93 48 46 60 21 97 26 28 91 56 32 13 41 1
37 77 78 47 44 4 11 74 77 58 66 6 59 70 54 77 56 67 39 31 87 3
38 84 85 15 20 62 62 93 97 28 51 73 28 17 32 77 43 43 58 2 47 1
39 50 56 18 14 67 73 27 23 33 8 20 89 85 98 6 21 80 6 59 57 1
