4 40
1024 1140 952 1080 
0 11 85 88 3 64 22 49 40 78 38 67 96 83 18 9 80 51 82 68 93 3
1 24 81 32 16 41 50 57 93 34 73 5 59 84 78 41 73 3 66 73 60 1
2 61 27 62 98 62 68 71 39 74 13 58 61 39 6 9 13 47 5 91 86 2
3 65 24 42 71 26 25 3 72 11 50 54 54 56 37 87 20 58 94 6 60 1
4 15 13 91 64 60 6 28 57 74 10 77 53 100 59 4 62 71 67 81 93 2
5 22 87 31 41 39 88 40 42 45 26 46 27 14 69 74 69 66 19 86 58 2
6 71 66 19 93 76 19 24 46 28 27 33 68 36 41 25 93 41 67 71 53 1
7 33 25 73 63 6 2 46 40 73 91 37 18 77 26 50 5 32 45 1 59 3
8 8 82 60 49 21 23 73 90 22 9 19 99 79 68 33 51 46 26 1 68 1
9 84 23 44 78 13 24 73 79 94 20 11 26 51 70 84 70 22 17 74 74 1
10 44 97 37 35 21 82 14 28 32 49 1 26 98 52 86 79 53 71 7 41 4
11 52 84 25 95 89 5 62 16 50 82 73 44 57 87 36 71 77 63 72 13 2
12 96 41 57 84 17 34 78 77 54 56 37 73 17 26 38 79 42 75 29 55 2
13 95 37 36 76 76 22 17 69 64 66 87 78 22 33 37 66 61 12 22 12 2
14 28 94 93 28 65 55 38 89 17 91 96 67 26 33 46 21 74 71 88 93 3
15 97 62 50 84 94 99 47 21 93 36 73 25 5 98 16 95 42 63 58 78 1
16 7 86 52 73 96 59 49 38 91 15 52 93 72 33 81 71 86 73 77 48 4
17 55 21 92 16 28 10 65 97 23 87 42 34 42 9 74 20 90 25 21 1 2
18 48 26 84 49 21 63 57 86 11 9 2 11 40 39 57 52 93 83 98 53 1
19 59 3 55 78 44 44 40 11 81 54 21 30 65 90 54 88 14 3 14 27 1
20 7 6 3 13 100 19 96 18 92 37 22 100 43 39 75 73 44 76 85 33 3
21 20 53 73 11 33 78 94 44 92 39 3 3 86 47 79 8 14 16 99 57 2
22 21 57 74 16 18 66 71 25 16 92 10 90 10 15 7 98 45 80 25 85 3
23 25 12 10 94 2 77 95 51 53 55 28 67 88 36 48 34 10 86 37 58 2
24 10 70 63 88 7 7 52 25 91 23 70 99 54 14 60 79 30 98 7 97 4
25 88 65 60 80 25 94 97 17 38 68 57 83 30 18 33 46 76 90 22 55 4
26 73 19 94 62 22 96 51 39 62 58 72 80 74 89 26 78 99 19 94 31 3
27 77 89 37 19 6 58 66 96 13 32 10 64 7 82 11 3 18 19 70 3 3
28 67 3 80 25 92 48 97 70 7 94 70 24 69 74 53 59 22 19 53 53 1
29 82 72 98 43 7 13 23 92 8 75 24 63 99 90 97 12 9 71 7 66 2
30 46 91 19 13 83 44 56 74 81 18 12 4 50 32 10 38 33 49 82 2 3
31 69 5 2 91 34 78 59 56 2 61 50 42 52 69 6 68 40 34 49 53 4
32 61 97 90 27 26 58 55 88 56 76 94 41 93 79 19 75 37 90 80 77 2
33 40 46 85 29 29 19 66 10 66 80 100 55 11 66 63 22 22 26 65 13 1
34 89 93 45 92 2 90 58 89 45 22 23 43 62 71 24 82 52 83 62 20 4
35 50 58 19 85 79 19 48 46 14 59 42 56 44 100 6 66 49 79 51 41 3
36 58 1 95 84 23 58 60 41 71 21 99 73 76 73 33 44 27 85 70 86 2
37 12 26 65 100 25 67 78 33 42 85 82 13 39 32 31 6 81 67 40 55 4
38 76 57 20 92 73 34 17 77 51 43 75 95 63 52 1 58 40 22 58 59 1
39 73 64 37 22 2 81 66 39 21 51 1 20 77 50 22 6 3 74 80 65 3
