4 40
1455 1543 1589 1725 
0 85 75 103 93 22 12 40 30 100 57 59 14 72 92 74 22 1 67 14 66 4
1 103 93 80 70 56 46 33 23 29 8 18 9 42 87 76 34 74 15 45 11 3
2 109 99 52 42 86 76 29 19 7 39 85 44 43 79 52 82 79 34 1 99 1
3 20 10 28 18 45 35 53 43 40 47 7 100 38 62 11 67 25 19 71 79 4
4 75 65 54 44 24 14 95 85 3 18 60 97 29 26 89 31 58 84 53 68 4
5 61 51 62 52 70 60 71 61 78 22 22 4 68 26 35 23 56 23 35 62 1
6 32 22 87 77 33 23 80 70 11 67 57 62 90 95 72 86 9 90 86 79 2
7 29 19 14 4 90 80 67 57 67 46 12 74 43 78 6 86 3 45 56 22 1
8 57 47 108 98 58 48 109 99 96 37 29 6 86 20 28 54 16 7 89 35 1
9 31 21 99 89 68 58 44 34 11 74 88 88 30 100 16 86 11 95 66 59 3
10 91 81 45 35 92 82 46 36 5 73 97 26 43 23 12 59 32 100 32 72 1
11 14 4 23 13 31 21 32 22 64 53 4 18 51 64 65 86 65 17 46 17 4
12 26 16 53 43 79 69 106 96 81 12 94 56 46 58 38 38 98 27 32 17 4
13 107 97 55 45 104 94 60 50 17 51 40 87 98 47 69 48 64 25 2 87 4
14 29 19 75 65 14 4 52 42 75 5 58 100 94 75 93 36 47 56 85 91 1
15 41 31 81 71 14 4 54 44 86 83 79 25 49 42 3 70 69 23 8 25 4
16 106 96 81 71 47 37 14 4 7 45 97 50 10 84 58 93 54 36 49 63 3
17 96 86 48 38 109 99 61 51 15 12 42 96 36 78 18 50 39 14 45 18 2
18 75 65 22 12 76 66 31 21 79 59 30 73 41 64 72 78 44 88 52 6 1
19 80 70 48 38 109 99 77 67 59 70 3 45 81 93 87 45 29 74 98 71 1
20 73 63 11 1 58 48 96 86 46 74 27 96 6 87 97 8 40 32 97 55 1
21 28 18 21 11 105 95 98 88 42 89 32 18 75 37 80 72 25 56 66 100 2
22 32 22 43 33 53 43 64 54 46 21 43 33 83 34 44 62 14 72 92 83 2
23 40 30 105 95 77 67 42 32 39 37 45 90 69 31 93 30 61 40 69 84 2
24 21 11 72 62 14 4 65 55 31 63 49 88 68 24 57 74 49 79 24 69 2
25 20 10 81 71 41 31 102 92 88 48 83 62 92 24 55 28 70 69 98 76 2
26 85 75 24 14 70 60 109 99 18 54 28 55 94 34 23 38 15 46 33 24 4
27 39 29 88 78 28 18 69 59 15 21 91 90 89 21 28 55 64 8 99 68 2
28 98 88 24 14 59 49 93 83 8 99 49 68 14 13 18 27 93 25 38 71 1
29 16 6 89 79 53 43 26 16 38 57 70 83 10 93 61 65 89 82 63 69 2
30 26 16 48 38 71 61 85 75 92 2 96 75 5 51 41 14 97 52 94 17 1
31 49 39 102 92 46 36 99 89 19 96 84 61 22 77 80 93 20 6 49 82 4
32 74 64 61 51 47 37 26 16 2 93 57 49 6 59 57 89 33 58 72 74 4
33 35 25 80 70 32 22 77 67 44 83 45 34 47 27 70 81 14 40 12 42 1
34 45 35 32 22 26 16 21 11 40 13 8 65 34 46 83 89 40 24 90 17 4
35 35 25 72 62 108 98 45 35 40 100 7 40 47 38 31 43 67 92 10 14 4
36 46 36 69 59 83 73 106 96 23 18 13 64 53 83 52 17 4 19 55 98 1
37 84 74 20 10 57 47 93 83 2 84 33 49 43 23 18 44 11 94 62 96 1
38 63 53 38 28 104 94 71 61 92 91 31 69 62 88 34 61 89 61 38 85 4
39 43 33 31 21 28 18 16 6 92 80 39 81 96 97 26 73 53 84 19 47 1
