4 40
382 447 375 381 
0 82 73 101 91 12 10 23 28 3 38 7 30 8 20 51 59 33 99 61 18 1
1 13 5 31 40 86 82 25 17 4 37 27 9 3 98 36 35 74 4 79 24 2
2 62 67 39 38 1 8 86 87 94 14 20 55 66 65 41 26 8 58 28 62 1
3 23 24 74 71 18 25 69 72 82 74 58 81 66 80 60 66 92 30 5 60 3
4 24 25 62 68 16 18 62 69 16 37 96 79 55 77 53 8 6 47 15 59 3
5 21 19 76 73 23 20 70 74 13 90 84 44 45 75 8 46 27 77 19 11 1
6 62 54 91 81 12 7 33 34 44 2 56 67 66 36 45 9 78 46 86 17 1
7 9 13 60 51 100 90 38 28 55 63 77 21 95 77 50 96 100 5 79 32 3
8 86 78 42 45 14 19 91 86 46 86 61 92 59 70 56 30 78 35 14 55 4
9 67 71 18 26 74 72 25 27 68 14 69 37 86 32 18 21 6 17 11 74 4
10 39 45 80 83 37 30 78 68 31 69 6 75 15 92 61 71 65 60 9 86 4
11 71 80 98 91 10 1 3 12 89 72 43 94 23 94 46 6 51 77 65 64 1
12 63 57 1 8 46 50 3 1 16 18 8 43 77 59 19 46 28 52 74 44 4
13 6 9 48 48 104 94 25 33 87 99 33 59 10 24 26 6 94 65 55 48 4
14 66 66 104 100 34 27 64 61 96 66 21 39 88 78 69 10 53 24 2 15 4
15 45 38 61 60 85 83 1 5 91 30 11 67 32 74 74 69 98 82 30 33 1
16 58 58 43 45 26 31 11 10 75 74 64 41 98 39 53 13 6 44 75 18 4
17 79 85 63 72 74 66 58 61 82 28 27 28 70 85 30 15 2 61 31 49 2
18 61 54 69 77 90 91 19 14 58 25 64 4 13 95 81 70 31 44 66 14 3
19 53 47 13 14 94 88 54 55 70 44 78 26 49 80 58 40 51 98 82 24 2
20 92 86 84 93 97 99 10 6 39 26 98 9 75 94 15 52 74 23 41 84 4
21 12 17 82 83 60 50 9 8 96 15 69 100 21 17 31 49 79 8 70 48 3
22 67 73 25 32 73 82 44 41 38 82 86 93 63 45 81 68 77 24 73 73 3
23 2 12 95 86 67 69 39 43 97 20 37 51 74 54 9 93 34 67 38 28 3
24 88 82 105 100 9 19 47 37 82 16 2 27 12 94 2 14 95 66 13 81 1
25 10 9 23 24 36 38 62 53 2 58 32 56 30 77 54 39 63 80 47 10 3
26 63 59 7 2 33 36 77 79 64 84 57 30 22 74 51 91 76 65 42 37 4
27 22 25 61 63 102 94 41 32 28 66 36 20 49 95 9 20 90 34 2 67 3
28 82 91 10 13 46 36 61 58 54 23 60 5 5 59 10 52 11 82 97 32 3
29 61 52 17 23 86 93 63 64 17 93 55 51 82 59 92 61 2 95 95 66 4
30 89 99 21 29 53 60 98 90 46 83 80 31 90 34 94 76 6 70 69 6 3
31 44 37 27 23 2 10 98 88 43 78 94 24 90 6 67 6 54 6 77 27 3
32 60 69 89 99 31 30 60 60 64 68 27 92 82 20 98 87 21 53 100 100 1
33 21 30 10 13 13 3 97 94 1 64 99 89 85 93 26 47 66 78 18 89 3
34 52 45 38 44 45 42 31 41 37 45 14 42 63 56 59 48 79 5 35 1 1
35 60 54 91 81 15 15 46 42 39 99 71 87 70 85 5 53 17 85 15 99 3
36 22 17 84 92 81 74 43 49 22 62 55 63 51 6 67 55 60 46 31 41 4
37 40 42 18 8 67 75 45 41 78 89 20 88 71 7 94 63 79 82 64 94 2
38 30 29 69 72 8 6 55 49 65 94 94 82 27 11 83 24 83 49 46 91 1
39 13 16 81 74 30 33 98 91 76 63 38 92 77 44 46 67 43 32 92 37 3
