4 40
433 370 363 385 
0 71 61 89 79 108 98 26 16 54 31 81 12 79 94 62 43 27 20 14 44 2
1 49 39 26 16 110 100 87 77 50 100 49 98 7 86 29 30 74 37 36 100 2
2 39 29 74 64 16 6 51 41 97 22 5 43 11 67 16 33 68 38 97 79 4
3 86 76 102 92 11 1 27 17 46 73 31 33 20 34 90 10 100 84 44 3 4
4 25 15 96 86 66 56 37 27 40 39 98 60 5 14 91 43 78 50 16 7 2
5 71 61 80 70 80 70 89 79 13 76 90 50 34 67 39 81 19 68 41 65 4
6 34 24 81 71 35 25 82 72 73 36 42 23 85 27 23 20 20 43 91 82 4
7 59 49 36 26 12 2 97 87 100 27 100 90 57 22 94 27 15 50 55 88 4
8 39 29 90 80 40 30 91 81 75 37 86 6 54 49 89 12 99 87 25 82 2
9 89 79 57 47 26 16 102 92 89 78 44 27 49 44 9 90 15 10 28 84 1
10 61 51 15 5 62 52 16 6 5 31 26 41 13 22 10 51 9 83 100 98 1
11 104 94 13 3 21 11 30 20 38 80 77 86 10 28 36 31 38 79 36 85 4
12 52 42 79 69 105 95 32 22 38 28 50 71 53 90 9 46 23 78 74 81 3
13 69 59 17 7 66 56 22 12 42 73 23 37 37 9 77 88 32 9 57 25 1
14 103 93 41 31 80 70 26 16 73 65 61 22 96 65 28 30 74 11 58 40 2
15 11 1 43 33 84 74 16 6 22 77 36 88 45 99 6 20 7 70 25 32 3
16 84 74 59 49 25 15 92 82 11 1 23 54 67 35 76 42 26 34 19 22 1
17 82 72 34 24 95 85 47 37 4 52 50 32 8 43 95 88 4 67 68 28 2
18 29 19 84 74 30 20 85 75 4 26 86 54 66 96 9 28 16 54 54 5 4
19 26 16 94 84 55 45 23 13 41 14 63 54 92 44 60 36 57 35 15 84 1
20 95 85 41 31 80 70 26 16 36 71 46 97 32 56 74 97 59 19 50 83 3
21 42 32 35 25 19 9 104 94 61 8 25 70 17 18 34 85 89 68 28 19 1
22 78 68 89 79 99 89 110 100 38 45 53 49 39 22 72 93 86 4 57 44 3
23 94 84 67 57 31 21 104 94 87 87 77 38 75 58 46 21 25 84 65 52 3
24 91 81 34 24 84 74 27 17 61 11 93 47 97 5 29 1 54 60 28 9 2
25 82 72 35 25 95 85 56 46 21 32 22 11 84 50 54 58 74 51 97 85 2
26 83 73 30 20 68 58 15 5 9 95 22 61 89 68 60 33 15 34 82 3 1
27 77 67 18 8 58 48 99 89 83 98 74 95 72 28 86 79 54 55 48 22 2
28 48 38 82 72 109 99 43 33 32 53 51 37 25 93 89 39 82 35 1 27 3
29 106 96 79 69 51 41 24 14 69 93 65 32 30 84 56 98 69 91 87 41 1
30 32 22 46 36 69 59 91 81 32 80 87 28 26 68 12 71 66 26 57 90 1
31 67 57 20 10 64 54 17 7 29 41 94 35 95 36 70 5 50 9 76 69 1
32 40 30 27 17 13 3 100 90 53 30 90 4 95 75 10 28 94 79 79 26 3
33 25 15 70 60 22 12 67 57 57 68 28 25 33 1 48 25 67 22 15 90 1
34 51 41 46 36 40 30 35 25 86 29 38 82 79 97 72 53 67 25 74 69 4
35 45 35 82 72 18 8 55 45 78 1 22 39 89 32 26 6 24 85 77 65 4
36 92 82 15 5 37 27 52 42 99 61 68 88 50 72 99 18 8 21 10 46 4
37 70 60 106 96 43 33 79 69 73 44 17 7 96 44 65 55 86 75 17 45 3
38 101 91 68 58 42 32 109 99 46 27 70 34 33 20 19 95 24 96 3 45 4
39 65 55 53 43 50 40 38 28 96 96 14 26 16 50 52 51 22 22 45 84 1
