4 40
364 411 396 359 
0 27 41 4 59 88 78 65 96 11 40 89 59 99 90 42 42 5 11 6 59 1
1 32 65 40 100 57 42 65 77 89 66 50 92 33 13 34 11 95 99 17 91 1
2 53 3 62 74 62 44 71 15 5 13 93 39 77 91 41 49 75 54 78 11 3
3 73 20 50 75 26 21 11 68 25 83 13 52 11 19 72 69 76 72 37 98 2
4 99 57 75 8 44 50 12 1 91 76 26 16 51 24 75 87 96 70 58 46 2
5 50 75 59 21 67 76 76 22 98 97 52 38 94 53 11 82 77 49 33 43 2
6 51 22 99 49 48 75 4 2 91 16 61 93 93 10 26 22 59 50 11 55 3
7 41 85 81 23 14 62 54 100 12 60 92 13 36 9 14 20 29 41 72 67 3
8 92 38 44 5 5 71 57 38 100 76 57 41 28 29 82 100 52 53 10 96 2
9 20 3 88 50 49 4 17 59 58 80 73 6 22 71 45 75 75 45 50 45 2
10 28 77 13 15 5 62 90 100 6 91 13 52 80 21 46 17 69 28 12 2 1
11 100 40 65 51 37 61 2 72 46 31 30 94 71 6 50 50 79 86 11 70 3
12 60 33 13 76 73 26 34 69 47 35 42 6 62 82 96 43 28 76 16 48 1
13 75 1 16 48 56 86 97 33 39 59 24 96 65 44 71 66 48 39 87 36 2
14 28 62 1 88 73 23 46 49 3 2 52 67 80 95 46 40 35 36 8 45 4
15 9 70 54 92 6 15 59 29 28 51 48 90 69 40 93 2 16 33 57 77 4
16 51 50 96 37 48 15 93 2 80 41 16 95 61 84 69 27 90 75 58 87 2
17 87 93 24 88 60 74 97 69 92 4 27 56 74 19 80 92 9 81 99 58 4
18 64 58 100 81 37 3 73 18 83 4 2 16 14 46 8 25 60 100 3 19 3
19 39 35 27 2 24 68 12 43 39 61 34 44 71 68 11 69 34 95 100 68 4
20 99 58 95 65 92 71 88 78 64 18 76 14 75 47 38 66 2 39 27 32 3
21 24 13 85 79 45 46 98 4 28 15 58 35 68 70 6 16 52 93 12 42 1
22 33 49 78 8 30 58 83 17 57 62 44 40 73 83 36 11 46 62 39 9 2
23 61 20 46 94 38 77 31 59 50 52 2 73 20 47 15 81 11 61 77 96 1
24 26 10 79 28 23 47 68 65 74 7 55 16 86 78 63 78 3 96 64 3 1
25 36 93 100 16 73 30 37 45 77 34 5 62 28 46 97 22 4 92 97 11 2
26 53 3 74 38 2 80 31 15 76 65 45 1 74 6 64 91 83 68 23 69 2
27 13 13 73 51 42 90 10 20 43 56 49 84 29 31 53 70 26 55 4 19 4
28 91 63 4 85 16 8 29 30 70 39 52 55 44 96 13 29 51 64 3 21 2
29 90 32 6 3 15 81 31 52 23 29 64 100 39 67 72 39 71 35 49 20 1
30 94 83 67 13 31 36 4 66 8 44 34 19 4 41 58 76 37 54 40 98 3
31 53 93 86 71 18 58 43 44 35 71 48 18 38 8 59 33 4 85 32 9 2
32 97 65 26 95 54 26 91 56 92 79 61 87 29 32 62 21 66 78 45 48 1
33 28 54 73 45 17 27 54 18 35 29 65 21 1 51 7 35 99 87 6 76 1
34 65 21 21 20 78 18 34 17 89 54 71 67 69 37 70 49 28 82 53 40 4
35 18 10 87 37 47 71 8 98 43 30 56 96 30 16 24 97 50 36 45 88 2
36 78 93 15 76 43 50 80 33 48 5 21 41 83 89 27 61 92 99 12 62 2
37 64 22 17 88 77 55 30 21 92 100 76 98 18 17 61 13 13 19 18 17 2
38 96 17 40 60 93 94 37 37 92 69 66 29 72 12 87 78 41 37 34 71 1
39 41 84 5 42 70 1 34 59 43 91 47 24 24 2 89 49 31 9 68 20 3
