4 40
356 385 413 440 
0 50 51 61 69 93 88 4 6 33 27 50 78 96 52 59 13 63 98 87 23 3
1 41 43 88 86 27 20 61 63 8 92 15 74 61 8 10 15 67 2 80 24 2
2 12 5 76 76 59 54 23 25 90 26 69 98 35 4 62 97 24 65 8 50 1
3 27 18 73 73 22 19 81 74 27 93 78 79 25 51 80 100 76 61 21 77 4
4 35 43 89 94 35 44 81 87 38 93 55 12 7 99 36 89 37 84 94 82 4
5 4 13 59 67 6 14 61 68 59 66 78 76 53 43 56 4 28 9 86 35 4
6 36 28 57 55 78 81 7 8 22 69 30 99 92 92 60 49 28 96 17 53 3
7 52 43 90 81 22 20 60 58 98 94 35 89 21 26 67 36 8 35 15 57 1
8 61 56 17 23 94 89 66 64 92 44 31 83 90 23 29 13 54 38 77 51 1
9 67 65 2 12 74 66 9 13 9 71 13 4 89 99 37 14 2 84 75 51 3
10 27 27 76 73 4 12 53 58 14 56 39 57 18 94 93 72 14 54 24 38 2
11 55 54 69 65 73 75 87 86 63 63 82 8 92 54 55 34 29 28 25 17 1
12 1 7 59 50 93 100 42 43 77 4 60 15 41 41 21 95 77 51 42 76 3
13 97 91 39 30 74 76 16 15 97 30 52 71 19 65 96 74 76 100 2 48 4
14 103 100 41 34 63 61 101 95 74 67 44 73 83 23 24 61 17 28 37 41 1
15 92 92 16 14 32 37 56 59 29 78 61 23 10 28 60 69 20 9 97 26 1
16 47 44 32 23 15 9 87 96 6 99 29 65 60 19 39 28 68 44 45 43 3
17 61 67 53 62 64 56 48 43 88 49 74 57 49 39 66 94 55 48 79 9 1
18 16 24 37 39 66 61 74 84 74 40 70 34 31 80 26 74 67 4 16 85 3
19 15 9 75 84 56 50 8 17 4 1 40 56 86 68 31 10 80 6 51 12 3
20 7 16 20 23 33 29 46 36 16 14 95 6 42 86 32 54 3 57 4 87 3
21 58 51 15 17 93 84 34 42 7 29 9 99 49 29 46 60 88 94 31 12 4
22 29 19 79 78 27 28 85 87 40 57 64 53 16 69 74 81 82 62 33 5 1
23 64 62 36 36 16 19 1 1 99 54 94 93 38 40 2 28 8 89 84 6 4
24 47 52 64 70 89 89 14 15 50 79 12 9 62 22 78 51 20 36 12 94 2
25 23 19 36 42 49 56 75 71 45 59 41 31 36 31 46 62 88 29 20 90 3
26 14 5 50 40 84 82 20 17 5 17 92 58 100 91 17 100 67 6 15 34 1
27 94 87 33 25 61 64 92 94 86 4 40 28 8 91 36 66 12 100 14 12 1
28 26 21 41 43 56 66 92 88 59 77 79 19 42 73 90 43 38 9 70 80 3
29 90 82 59 53 15 23 84 94 28 32 79 98 49 58 56 73 99 45 75 30 2
30 48 49 72 79 4 10 28 32 20 99 45 66 55 100 87 5 53 8 31 34 2
31 28 31 11 17 99 96 82 82 66 57 73 3 5 100 41 50 12 95 76 64 1
32 5 3 34 33 55 64 97 94 75 97 29 83 57 67 29 75 44 58 89 97 3
33 84 84 60 67 63 57 39 48 38 47 34 51 1 56 62 76 24 62 77 80 2
34 60 55 46 54 53 52 60 51 83 97 13 90 9 69 21 5 26 19 65 91 4
35 88 80 1 7 43 41 74 68 47 93 23 63 92 4 93 2 88 12 45 63 2
36 52 59 51 42 11 16 89 99 87 50 39 94 1 56 80 18 87 53 50 29 2
37 36 36 6 2 63 69 33 35 78 35 42 36 29 63 99 53 4 87 2 95 3
38 67 59 6 2 53 44 71 79 69 45 70 78 47 56 62 42 46 50 10 64 2
39 35 30 82 88 52 47 1 5 48 25 53 50 96 57 99 49 19 29 6 90 2
