4 40
1490 1792 1852 1802 
0 59 49 77 67 96 86 14 4 99 44 37 75 7 15 11 72 86 11 33 85 3
1 17 7 94 84 70 60 47 37 74 42 44 93 83 93 59 73 13 66 32 64 1
2 63 53 106 96 40 30 75 65 32 51 81 75 25 19 99 49 100 81 89 84 4
3 70 60 78 68 87 77 103 93 72 85 58 67 77 21 96 73 49 84 49 68 4
4 65 55 36 26 106 96 77 67 54 23 96 43 3 73 36 38 85 95 11 12 1
5 79 69 80 70 88 78 89 79 4 9 97 35 72 67 74 35 43 90 11 48 4
6 34 24 81 71 35 25 82 72 88 22 95 20 9 55 38 85 74 26 55 93 3
7 51 41 28 18 104 94 81 71 76 27 74 27 73 64 25 32 91 8 39 53 3
8 51 41 102 92 52 42 95 85 93 78 20 75 4 96 33 48 78 61 85 63 4
9 13 3 89 79 58 48 26 16 24 87 48 64 29 82 78 80 76 54 99 2 3
10 93 83 47 37 94 84 48 38 11 37 43 7 56 40 22 42 47 82 61 86 1
11 40 30 49 39 57 47 66 56 100 10 84 21 48 74 59 1 72 19 26 70 1
12 40 30 67 57 93 83 20 10 43 93 34 66 75 51 23 99 72 82 6 58 2
13 109 99 57 47 14 4 62 52 75 65 70 84 93 79 75 46 44 65 89 6 3
14 91 81 29 19 68 58 106 96 32 70 93 56 88 82 23 33 33 32 36 69 4
15 95 85 27 17 68 58 100 90 79 73 53 28 74 53 59 7 19 96 25 31 2
16 80 70 55 45 21 11 88 78 76 61 74 46 93 61 1 96 3 43 2 86 1
17 14 4 74 64 27 17 79 69 22 36 53 100 71 85 26 72 34 87 61 76 2
18 77 67 32 22 78 68 33 23 95 80 30 15 98 88 68 5 33 91 73 60 2
19 46 36 106 96 75 65 35 25 66 3 68 11 61 69 46 82 13 53 26 58 3
20 43 33 81 71 28 18 66 56 66 66 5 44 20 24 21 3 54 54 60 18 1
21 82 72 75 65 59 49 52 42 8 17 66 35 92 23 19 13 6 92 78 95 1
22 74 64 85 75 95 85 106 96 44 59 59 8 57 49 42 36 5 13 59 53 1
23 14 4 79 69 51 41 24 14 29 33 75 10 92 42 13 10 2 70 23 41 2
24 107 97 58 48 100 90 43 33 99 16 44 89 47 81 8 84 87 27 6 28 1
25 62 52 23 13 83 73 44 34 91 95 16 70 26 54 92 42 93 47 53 52 3
26 55 45 94 84 40 30 87 77 95 70 28 74 71 46 10 95 40 78 95 53 4
27 109 99 58 48 98 88 39 29 21 43 16 35 23 69 64 20 12 15 33 65 3
28 20 10 54 44 81 71 15 5 73 89 95 19 37 66 98 40 16 90 24 38 3
29 98 88 71 61 35 25 108 98 54 55 50 59 99 78 30 85 49 1 76 63 3
30 108 98 30 20 53 43 67 57 21 72 67 27 42 97 94 57 4 11 82 74 1
31 51 41 96 86 48 38 93 83 25 79 83 2 28 89 100 27 16 28 25 51 1
32 12 2 99 89 85 75 72 62 43 74 93 24 88 97 5 21 51 75 37 9 3
33 29 19 74 64 26 16 71 61 1 3 25 73 97 89 61 85 12 27 6 83 4
34 15 5 110 100 96 86 91 81 75 1 40 66 37 87 63 93 95 19 84 41 4
35 81 71 18 8 54 44 91 81 18 43 86 46 6 65 49 36 37 47 31 93 3
36 28 18 43 33 65 55 80 70 85 89 55 99 32 35 93 46 31 98 8 40 3
37 30 20 66 56 103 93 39 29 65 9 49 96 66 57 84 9 2 3 74 72 2
38 45 35 12 2 86 76 53 43 80 81 38 16 36 46 95 58 41 67 63 95 1
39 13 3 101 91 98 88 86 76 26 86 44 33 46 44 62 40 77 56 63 71 2
