4 40
1695 1524 1724 1504 
0 37 27 55 45 74 64 92 82 5 85 37 87 20 5 37 26 32 90 90 71 1
1 75 65 52 42 28 18 13 3 56 61 71 37 66 24 77 73 58 1 71 48 2
2 109 99 44 34 86 76 21 11 24 61 90 70 1 87 16 16 58 93 19 6 1
3 20 10 36 26 45 35 61 51 98 95 87 19 89 8 5 37 32 16 40 22 1
4 103 93 74 64 44 34 23 13 18 94 54 69 40 92 80 87 15 21 7 64 1
5 25 15 34 24 34 24 43 33 48 66 95 81 89 88 86 83 35 48 66 35 1
6 36 26 83 73 29 19 84 74 81 74 4 81 8 61 63 27 12 92 1 73 2
7 101 91 78 68 54 44 39 29 43 88 55 33 10 53 34 47 69 44 4 92 3
8 77 67 20 10 70 60 21 11 77 7 80 8 93 41 90 58 44 97 59 56 4
9 59 49 27 17 96 86 72 62 52 77 2 83 36 12 20 80 64 74 38 83 4
10 87 77 33 23 88 78 34 24 31 33 38 20 22 31 54 68 41 36 79 72 1
11 54 44 63 53 71 61 80 70 67 40 98 25 11 48 37 45 14 6 79 95 2
12 14 4 41 31 67 57 94 84 90 63 59 100 80 49 95 12 29 5 71 13 3
13 95 85 51 41 100 90 48 38 79 13 5 38 50 37 4 68 65 10 38 4 4
14 21 11 59 49 98 88 36 26 65 30 50 45 18 28 35 47 4 84 58 63 3
15 49 39 81 71 22 12 54 44 71 77 15 89 50 17 49 32 38 47 5 28 4
16 58 48 25 15 99 89 66 56 17 57 89 76 30 76 35 94 64 82 48 80 3
17 60 50 12 2 65 55 25 15 72 52 28 36 62 85 98 79 11 6 91 36 4
18 63 53 18 8 72 62 19 9 78 80 86 40 21 77 19 21 20 49 40 46 4
19 64 54 24 14 93 83 61 51 58 31 14 81 4 65 62 92 100 56 65 83 1
20 25 15 71 61 110 100 56 46 11 61 99 44 23 86 25 45 67 90 100 61 1
21 28 18 13 3 97 87 90 80 48 79 38 27 99 48 17 34 63 62 57 39 4
22 48 38 59 49 69 59 80 70 97 68 53 74 98 28 30 80 27 8 13 61 2
23 84 74 57 47 21 11 94 84 7 98 65 22 35 77 58 83 94 72 75 98 1
24 49 39 100 90 42 32 93 83 63 15 94 10 32 47 75 70 41 75 58 8 2
25 44 34 105 95 65 55 26 16 12 85 23 38 20 96 30 70 24 37 4 64 4
26 37 27 84 74 22 12 69 59 79 53 31 6 47 78 67 5 70 17 37 12 4
27 99 89 48 38 88 78 29 19 19 24 82 81 82 91 31 54 100 48 94 54 2
28 54 44 80 70 15 5 41 31 46 1 61 66 74 12 93 72 72 83 95 45 3
29 52 42 17 7 89 79 62 52 83 10 91 94 54 15 12 33 63 29 50 10 3
30 62 52 84 74 107 97 29 19 97 20 51 58 49 89 63 9 60 63 92 61 4
31 53 43 106 96 50 40 103 93 47 67 82 96 75 40 82 78 93 76 5 18 3
32 98 88 85 75 63 53 50 40 84 64 49 43 1 37 96 7 72 14 12 82 1
33 47 37 100 90 44 34 97 87 88 70 99 22 22 24 22 17 6 27 83 56 4
34 97 87 92 82 86 76 73 63 52 33 13 51 32 7 68 43 75 76 9 13 4
35 51 41 88 78 24 14 61 51 98 44 49 97 21 26 60 72 45 83 98 17 1
36 90 80 13 3 35 25 50 40 20 74 1 92 26 72 83 38 1 47 66 5 1
37 92 82 28 18 65 55 101 91 50 92 24 69 58 5 4 20 54 10 13 99 1
38 107 97 74 64 48 38 15 5 32 37 76 60 75 78 56 12 26 15 96 45 3
39 95 85 91 81 80 70 76 66 44 72 86 23 69 83 27 76 10 60 76 46 4
