4 40
1635 1654 1593 1779 
0 39 39 50 57 69 76 101 94 77 32 9 76 22 63 40 20 90 15 37 28 2
1 79 75 18 10 52 52 91 87 25 60 94 20 65 56 29 46 98 33 9 69 4
2 46 53 23 24 85 94 62 65 63 90 47 46 76 74 13 38 64 92 14 5 1
3 29 26 80 73 16 19 75 74 37 90 33 70 77 61 52 57 31 23 60 22 1
4 59 55 5 6 51 48 97 99 90 4 77 51 70 45 89 31 24 20 60 19 1
5 51 45 98 91 53 46 100 92 54 58 12 39 2 64 73 37 33 63 16 19 2
6 19 16 40 43 69 69 90 96 36 11 76 53 21 10 50 48 49 3 54 37 1
7 22 23 52 61 92 100 30 38 3 27 68 81 66 91 31 82 39 75 93 39 3
8 43 52 20 19 84 93 69 60 34 95 44 35 70 90 84 45 85 62 94 68 3
9 1 5 50 60 14 14 57 61 75 2 7 98 63 32 71 78 83 93 93 17 3
10 85 75 13 13 62 60 90 98 12 31 91 45 90 54 43 17 3 75 60 53 3
11 45 50 59 61 71 71 77 82 20 55 50 7 61 18 84 97 48 54 92 13 1
12 22 23 79 74 26 16 54 59 65 69 91 14 59 45 82 9 37 22 35 26 1
13 46 55 1 2 36 40 94 87 63 5 81 40 28 21 45 12 45 27 9 85 2
14 63 72 93 98 31 33 61 59 96 46 36 100 30 91 27 1 75 100 81 96 2
15 67 76 91 98 7 13 44 35 72 99 45 96 68 44 2 73 64 18 95 12 2
16 25 16 89 95 72 81 65 68 35 86 55 59 73 64 86 74 63 36 97 17 4
17 30 31 14 18 4 12 17 7 63 88 82 69 53 29 86 56 96 24 71 9 4
18 49 52 78 75 99 89 7 12 82 73 28 11 39 51 24 91 40 14 85 2 3
19 46 53 27 28 87 94 60 61 25 99 82 100 88 65 60 13 17 33 77 47 3
20 97 96 10 3 2 9 15 16 84 11 64 84 32 6 43 55 85 49 4 6 2
21 21 23 99 89 48 48 18 14 74 30 70 89 91 66 97 39 82 53 57 49 3
22 39 35 97 94 37 44 1 3 75 47 38 58 56 76 44 72 42 17 31 83 3
23 63 54 35 36 7 11 87 93 17 9 94 2 47 4 33 68 54 42 57 44 1
24 69 72 86 90 3 9 28 27 49 4 39 75 47 33 77 94 6 27 56 24 1
25 58 63 84 78 97 92 10 7 84 27 37 65 94 53 4 47 30 22 25 18 4
26 55 45 70 80 25 22 61 57 28 14 74 8 53 25 19 32 55 85 12 14 1
27 32 31 71 61 99 100 38 38 83 76 13 23 73 29 33 17 10 1 87 37 2
28 1 1 33 23 40 46 76 68 16 57 85 4 83 19 28 92 100 62 100 21 4
29 61 54 38 33 1 3 84 74 95 33 35 6 34 7 20 52 64 63 32 49 4
30 57 57 89 87 13 18 45 48 28 68 45 70 69 90 88 94 18 61 33 52 3
31 58 63 41 49 29 28 12 14 91 93 75 27 57 32 73 42 8 66 37 61 1
32 83 75 4 5 46 36 75 66 12 67 73 92 14 40 54 85 31 66 54 91 3
33 58 68 55 51 50 41 26 24 49 36 81 20 68 86 47 17 98 1 47 99 3
34 91 99 98 98 105 96 91 95 94 84 37 23 42 84 100 46 43 44 25 6 2
35 76 76 1 3 31 37 62 64 32 68 15 7 58 78 57 1 89 67 47 30 3
36 74 75 57 50 33 32 24 15 20 47 28 59 17 30 86 19 20 36 83 41 4
37 52 44 9 18 87 85 57 51 93 81 55 83 39 54 40 51 88 49 36 79 2
38 40 39 79 74 18 16 65 59 5 48 11 63 94 36 49 30 80 37 49 78 1
39 76 82 44 40 93 99 61 57 41 43 96 82 99 21 100 49 83 57 11 61 2
