4 40
357 420 393 416 
0 13 67 90 85 74 4 51 22 17 80 81 13 45 5 6 16 67 48 12 62 2
1 82 11 98 54 7 88 15 31 47 39 58 74 92 99 6 70 24 89 58 67 2
2 35 13 44 84 44 62 53 33 79 48 94 62 85 95 18 37 35 51 29 50 3
3 59 18 36 73 12 19 89 74 6 58 78 11 62 38 9 6 52 74 5 53 2
4 17 63 85 14 62 64 30 7 58 49 13 58 14 33 93 24 87 83 74 75 2
5 24 73 33 19 41 74 50 20 56 2 92 66 41 87 69 51 70 3 68 94 1
6 49 16 97 43 46 69 2 96 94 90 64 9 98 51 24 7 69 99 41 81 4
7 95 23 27 69 68 8 8 46 48 34 14 55 34 75 79 27 2 57 69 72 3
8 74 56 26 31 79 97 39 64 54 6 20 89 95 89 54 49 18 27 59 78 4
9 62 1 30 48 91 2 59 49 39 92 29 52 89 29 98 48 68 68 23 60 4
10 74 7 59 45 51 92 36 30 51 61 8 14 1 73 46 5 83 48 70 23 1
11 18 98 91 9 55 19 28 30 31 7 98 18 27 16 64 11 4 10 10 80 1
12 18 47 79 90 39 40 100 83 88 37 98 68 88 100 88 80 93 76 13 60 2
13 5 31 46 70 86 16 35 63 34 42 55 63 98 14 74 89 50 25 86 64 1
14 46 40 19 66 91 1 64 27 63 99 3 52 7 79 77 81 25 29 21 37 3
15 7 88 60 10 12 33 57 47 75 54 56 84 73 19 15 2 76 56 23 57 3
16 57 12 10 99 54 77 7 64 18 99 46 70 33 16 85 77 34 49 73 97 4
17 41 23 78 10 14 4 51 99 33 99 31 72 39 1 53 56 60 29 29 66 3
18 18 84 54 99 91 21 27 44 46 52 36 47 27 48 54 61 60 52 8 24 1
19 69 53 57 28 54 94 42 61 65 90 80 35 78 36 23 10 8 82 75 99 4
20 13 40 9 47 6 53 2 60 93 92 40 63 43 37 90 7 12 41 74 68 4
21 98 63 51 21 11 88 72 54 53 75 98 87 12 63 24 22 74 63 83 30 1
22 31 31 84 90 28 40 81 99 50 62 34 55 80 2 28 9 54 95 10 42 4
23 99 6 84 80 76 63 69 37 47 47 75 54 42 99 20 35 94 54 87 79 3
24 48 36 93 54 37 73 82 91 53 9 25 19 93 57 69 11 26 70 15 99 3
25 54 35 26 50 99 64 63 79 56 35 30 97 28 81 93 26 27 58 22 73 2
26 47 49 76 84 96 26 25 61 63 52 28 16 49 13 20 10 56 14 71 46 1
27 47 67 15 5 84 44 44 82 8 85 78 83 20 51 53 14 63 11 51 26 4
28 49 73 54 95 66 18 79 40 39 82 29 84 18 77 64 19 23 28 55 33 1
29 40 42 56 13 65 91 81 62 26 99 71 31 5 7 24 41 84 51 36 59 1
30 20 61 93 91 57 22 30 52 5 91 62 66 19 49 83 82 42 49 76 33 3
31 39 55 64 41 96 20 29 6 96 95 36 54 58 61 46 5 63 69 90 67 2
32 67 35 96 65 32 96 61 26 93 45 50 68 12 92 20 32 24 50 84 77 2
33 66 8 3 91 47 81 92 64 26 43 96 69 17 33 25 3 58 91 90 15 2
34 47 27 3 26 60 24 8 23 52 96 57 19 36 77 18 23 20 21 11 81 3
35 60 80 29 15 89 41 58 76 76 3 43 76 32 56 95 68 45 72 68 3 3
36 48 79 85 54 13 36 50 11 5 65 47 56 99 4 22 87 6 44 82 25 2
37 38 56 91 22 51 89 4 55 85 73 83 69 82 75 29 92 71 41 44 27 2
38 94 63 46 98 91 40 43 83 62 63 64 71 17 93 91 55 89 19 71 81 1
39 83 58 47 16 12 75 76 33 43 40 62 100 99 49 65 30 81 3 73 68 1
