4 40
1144 1064 888 996 
0 101 95 20 13 31 32 42 50 18 26 66 7 2 57 41 61 64 65 72 96 3
1 56 59 11 2 29 36 76 71 57 66 99 98 86 66 94 31 77 37 50 59 4
2 33 29 110 100 72 70 49 41 65 45 62 43 93 97 76 15 50 52 47 39 2
3 32 22 62 69 19 23 78 70 6 90 26 8 64 41 14 28 11 85 59 84 3
4 97 99 51 50 97 100 35 43 35 24 43 18 88 83 81 37 51 57 93 18 1
5 17 25 72 79 40 34 87 80 30 18 1 78 99 81 96 85 54 53 37 53 1
6 67 72 109 99 17 25 59 52 68 60 83 81 2 13 53 35 47 60 74 83 2
7 87 83 17 21 57 60 95 98 57 10 96 31 77 63 84 90 60 70 95 41 3
8 98 100 83 75 39 41 3 8 76 38 62 5 8 79 35 27 2 21 71 45 4
9 83 85 34 40 90 86 41 41 21 99 53 32 10 46 55 83 39 58 9 44 4
10 64 55 84 93 41 40 82 78 1 16 30 3 68 47 33 23 99 31 25 15 4
11 100 98 6 9 18 19 24 30 18 72 47 60 18 84 96 16 81 78 14 64 4
12 16 15 65 58 1 8 48 51 16 88 44 77 12 77 24 43 95 36 17 63 3
13 28 19 57 66 13 12 55 51 77 94 33 74 71 92 73 56 23 75 2 73 3
14 29 32 67 66 97 93 27 27 2 80 8 14 40 31 35 89 11 10 58 66 2
15 90 84 14 6 30 29 46 43 97 9 25 48 17 29 86 84 95 79 62 54 4
16 90 80 67 59 37 45 22 32 49 77 37 81 50 30 91 88 30 32 73 80 3
17 102 95 94 90 84 84 76 79 31 85 46 93 80 58 37 23 19 66 43 74 3
18 85 84 14 7 30 29 51 44 78 12 36 55 84 65 96 57 97 7 15 96 1
19 91 85 51 52 32 26 92 93 39 85 34 34 15 27 49 63 79 3 24 5 4
20 56 56 69 63 61 69 74 76 43 37 49 79 18 46 87 96 53 46 7 81 4
21 87 91 57 49 6 16 84 82 72 54 73 77 29 15 38 43 21 61 84 94 2
22 34 27 92 86 32 36 90 95 71 69 60 61 5 26 18 67 63 76 72 63 3
23 53 54 46 36 26 19 98 93 14 46 5 89 30 48 65 39 71 38 46 64 1
24 8 12 25 30 42 49 67 67 98 99 84 80 96 87 39 74 59 11 7 73 4
25 97 91 10 6 15 20 36 43 6 95 93 11 43 4 49 11 94 28 85 34 2
26 20 21 64 64 90 98 34 41 82 43 21 39 23 53 96 53 33 81 16 7 3
27 63 63 102 93 30 32 69 70 18 25 57 21 16 84 77 89 55 60 34 1 1
28 51 61 87 83 2 6 38 28 16 54 20 78 22 19 47 36 64 86 40 67 3
29 11 14 88 93 65 63 34 34 51 44 4 95 7 33 43 36 26 81 94 90 2
30 67 57 70 79 15 10 47 40 84 86 40 73 85 2 74 23 21 37 40 48 4
31 39 43 22 29 18 16 1 2 84 10 45 70 62 82 26 12 16 70 52 32 1
32 36 35 65 65 86 96 36 26 8 80 14 85 74 87 98 81 82 63 27 55 1
33 71 76 68 59 42 49 39 32 20 93 11 62 62 68 13 45 72 77 65 100 1
34 36 27 22 26 29 24 15 23 24 42 9 10 41 63 83 83 45 40 27 58 3
35 32 28 63 55 87 89 18 16 60 99 4 96 51 58 93 84 7 64 54 42 1
36 63 67 54 50 22 24 13 7 4 81 98 51 42 32 38 31 59 98 86 10 2
37 44 40 14 6 71 73 41 39 24 50 23 3 14 99 70 7 99 4 98 43 4
38 93 99 32 42 71 76 18 19 32 65 76 38 91 21 76 5 86 56 83 34 3
39 20 10 59 60 29 19 76 77 3 67 20 56 37 27 39 47 22 22 15 27 1
