4 40
1596 1462 1708 1680 
0 12 13 23 31 42 50 74 68 39 24 7 15 15 11 55 8 40 68 80 63 2
1 17 21 64 64 90 98 37 41 42 24 15 15 79 91 86 40 77 3 27 9 1
2 45 35 1 6 92 84 48 55 9 53 60 32 66 10 39 9 90 34 61 43 4
3 24 20 70 75 19 21 78 76 21 94 74 84 34 19 26 89 62 89 73 46 4
4 51 49 97 100 35 42 89 93 55 4 89 54 13 66 65 30 62 38 26 39 3
5 55 47 2 1 49 48 4 2 84 8 84 49 39 3 50 89 70 11 52 20 4
6 32 22 40 49 82 75 3 2 66 26 38 14 85 87 85 77 51 4 82 84 4
7 91 85 29 23 61 62 99 100 91 11 37 26 40 3 83 59 10 30 80 92 2
8 25 26 102 93 66 67 30 34 16 52 60 50 80 100 86 89 92 5 100 23 4
9 8 15 64 62 15 16 71 63 63 67 51 40 5 23 96 58 71 52 77 92 4
10 39 45 88 83 37 30 73 76 49 5 74 11 71 37 61 12 30 88 97 71 3
11 89 92 1 3 1 5 26 16 56 99 50 21 38 67 53 49 69 3 99 98 2
12 9 9 58 52 1 2 41 45 22 59 2 11 69 84 29 40 30 11 32 10 1
13 42 33 63 72 11 18 61 57 81 31 47 72 52 17 18 65 70 54 20 34 3
14 91 94 29 28 59 55 97 89 6 85 50 91 58 29 31 81 51 99 58 11 2
15 68 58 71 80 100 95 24 17 94 21 9 56 6 67 45 30 39 38 20 63 2
16 48 54 41 41 16 19 1 6 77 86 34 10 72 4 14 67 67 9 24 44 3
17 7 1 99 96 81 82 73 77 15 29 96 96 97 43 64 1 26 92 5 75 4
18 36 34 57 49 65 71 86 86 3 96 47 98 98 75 25 86 14 84 9 26 3
19 28 35 1 2 69 76 42 43 62 58 65 49 89 31 16 33 23 58 61 55 1
20 28 22 20 29 33 35 46 42 64 59 22 71 99 1 87 93 87 49 100 51 2
21 75 81 45 39 15 6 72 72 38 66 72 59 71 38 68 45 87 20 2 49 1
22 43 53 14 12 62 62 20 21 39 87 30 77 82 59 89 25 26 69 13 32 2
23 59 68 52 50 24 25 4 7 40 68 12 60 53 62 70 42 42 30 18 51 2
24 45 46 62 64 79 83 1 1 38 25 48 76 95 19 39 25 22 64 16 60 3
25 23 29 36 44 62 58 75 73 39 19 20 56 2 77 89 69 4 74 5 32 1
26 103 99 31 34 73 76 9 11 48 47 58 75 11 48 79 34 70 88 14 7 3
27 87 77 1 7 46 46 85 84 33 13 38 78 6 44 46 97 70 31 5 11 1
28 91 91 6 13 42 36 57 58 29 15 33 72 56 93 23 22 7 58 40 72 3
29 53 44 17 23 86 93 63 64 27 29 91 98 4 33 88 89 91 83 97 84 2
30 69 79 1 9 46 40 78 70 92 92 1 28 27 32 10 27 35 37 46 83 4
31 1 1 83 79 66 66 62 52 65 29 66 81 85 2 48 95 80 87 17 37 4
32 96 97 25 27 67 58 96 88 36 19 52 70 62 35 35 83 56 87 37 1 2
33 8 14 5 5 79 87 84 78 17 58 71 28 73 40 60 4 50 18 66 18 3
34 98 93 97 92 91 98 98 97 28 47 96 90 1 34 54 42 74 21 81 33 3
35 107 98 17 25 62 59 101 94 27 86 14 60 56 36 75 82 42 32 7 38 1
36 92 89 62 72 51 46 21 29 47 85 12 36 30 46 78 12 27 63 94 3 3
37 27 18 84 84 54 51 11 17 4 17 25 83 59 4 99 9 23 21 77 59 3
38 96 93 43 36 74 70 21 13 41 45 39 78 31 59 20 31 96 84 34 99 2
39 10 16 70 74 32 25 79 83 73 72 19 70 80 14 26 18 37 55 68 95 2
