4 40
392 368 304 465 
0 45 35 63 53 82 72 100 90 54 19 72 40 77 6 19 44 63 33 60 86 1
1 63 53 40 30 24 14 101 91 56 92 1 9 47 69 45 85 79 78 93 65 2
2 93 83 28 18 70 60 105 95 64 13 33 30 98 89 98 86 9 92 21 55 2
3 36 26 44 34 61 51 69 59 56 73 26 1 97 47 5 18 80 38 36 20 3
4 107 97 78 68 48 38 27 17 81 67 34 11 67 48 33 50 64 90 39 38 3
5 89 79 98 88 98 88 107 97 64 55 53 23 63 15 44 68 8 1 15 35 2
6 36 26 83 73 29 19 84 74 47 31 87 87 55 25 49 31 64 40 88 9 3
7 73 63 50 40 34 24 11 1 38 57 85 2 7 37 75 31 96 33 35 36 2
8 33 23 84 74 34 24 77 67 87 24 81 55 72 15 74 62 74 16 9 78 4
9 71 61 39 29 16 6 84 74 79 41 8 21 42 52 38 29 43 30 32 55 2
10 63 53 17 7 64 54 18 8 78 46 26 51 81 28 71 100 87 78 16 14 1
11 30 20 39 29 47 37 56 46 50 1 70 57 42 27 85 44 23 63 93 6 2
12 58 48 85 75 11 1 38 28 2 16 82 25 71 76 64 93 61 27 37 27 2
13 71 61 19 9 68 58 24 14 87 24 6 66 71 25 72 50 78 33 26 14 3
14 65 55 103 93 42 32 80 70 64 4 72 12 33 91 4 34 27 5 15 53 1
15 57 47 97 87 30 20 70 60 97 19 78 12 8 6 67 77 47 42 67 67 3
16 58 48 33 23 99 89 66 56 1 65 8 26 94 12 26 25 77 29 58 55 4
17 100 90 60 50 13 3 65 55 87 2 16 3 95 71 89 99 59 37 90 41 2
18 31 21 86 76 40 30 87 77 72 88 91 39 1 94 84 25 20 25 58 1 1
19 84 74 52 42 13 3 81 71 52 18 83 5 21 35 9 62 1 54 87 32 2
20 65 55 11 1 50 40 96 86 11 48 29 9 71 16 52 33 100 8 64 99 3
21 96 86 81 71 73 63 58 48 37 49 81 36 27 9 90 69 43 21 78 44 2
22 20 10 31 21 41 31 52 42 6 2 97 14 4 79 12 32 88 79 5 80 3
23 76 66 41 31 13 3 78 68 39 88 72 90 21 2 24 56 37 5 89 5 2
24 77 67 20 10 62 52 13 3 44 51 75 14 32 86 1 59 22 18 93 71 1
25 16 6 77 67 37 27 98 88 15 100 45 56 43 93 80 77 98 22 87 90 3
26 61 51 100 90 46 36 85 75 44 100 61 13 21 38 26 3 74 41 67 47 3
27 47 37 88 78 28 18 69 59 51 39 14 77 75 32 54 43 25 95 3 89 2
28 70 60 104 94 31 21 65 55 66 62 53 47 13 84 12 27 49 87 79 98 1
29 88 78 61 51 33 23 106 96 9 65 71 40 70 4 83 35 10 87 33 36 3
30 14 4 28 18 51 41 73 63 91 76 70 75 78 75 83 38 94 71 40 99 4
31 69 59 14 4 66 56 19 9 19 64 70 42 65 53 82 27 63 21 13 28 1
32 78 68 65 55 51 41 38 28 52 69 71 50 31 8 77 91 46 64 91 84 4
33 11 1 64 54 108 98 61 51 100 7 11 80 20 28 16 14 1 43 95 73 1
34 21 11 16 6 110 100 105 95 71 2 13 33 85 60 4 67 11 99 64 17 4
35 91 81 28 18 64 54 101 91 97 68 12 19 92 54 25 46 88 70 86 3 2
36 74 64 89 79 11 1 34 24 41 11 64 11 5 74 74 23 42 11 26 21 2
37 16 6 52 42 89 79 25 15 53 61 54 49 33 100 47 28 84 57 72 24 2
38 75 65 50 40 16 6 91 81 66 78 15 32 79 65 23 91 62 97 10 2 4
39 35 25 23 13 20 10 108 98 18 86 31 16 18 34 23 25 97 94 48 86 1
