4 40
941 1038 1013 856 
0 67 57 85 75 104 94 22 12 94 23 62 85 74 97 89 56 95 34 49 68 3
1 105 95 82 72 58 48 43 33 5 16 87 62 21 5 76 84 29 69 100 63 4
2 47 37 82 72 24 14 59 49 71 59 82 89 72 2 76 18 75 74 65 68 1
3 78 68 94 84 103 93 19 9 21 79 68 35 94 8 52 74 16 10 78 68 1
4 69 59 40 30 110 100 81 71 99 70 73 50 21 25 18 5 75 13 79 76 3
5 43 33 44 34 52 42 53 43 60 6 22 52 80 68 96 61 50 36 28 56 1
6 34 24 81 71 35 25 82 72 9 75 68 85 66 65 82 99 64 54 75 35 3
7 23 13 100 90 76 66 61 51 68 50 21 9 84 14 42 8 14 43 58 93 3
8 15 5 58 48 108 98 59 49 87 92 62 9 3 14 56 36 24 92 51 60 2
9 25 15 101 91 70 60 38 28 89 90 70 39 30 11 18 46 77 10 39 60 3
10 69 59 23 13 70 60 24 14 70 83 44 58 15 36 37 35 84 74 24 9 1
11 16 6 25 15 33 23 42 32 31 40 11 6 28 56 31 10 67 41 92 60 2
12 76 66 103 93 29 19 56 46 18 62 69 62 17 80 60 37 37 55 66 24 3
13 77 67 33 23 82 72 30 20 99 83 99 63 51 25 86 89 62 23 27 2 4
14 35 25 73 63 12 2 50 40 18 33 68 22 53 45 1 58 66 90 91 32 4
15 103 93 43 33 76 66 16 6 90 92 25 46 4 76 76 53 26 65 26 59 1
16 88 78 55 45 21 11 88 78 63 52 99 65 88 94 25 35 77 21 31 86 2
17 62 52 14 4 67 57 27 17 82 20 100 29 49 77 41 76 84 7 73 43 1
18 45 35 100 90 46 36 101 91 3 58 43 94 9 79 54 84 71 51 17 93 4
19 66 56 26 16 95 85 55 45 64 99 32 59 48 61 30 1 17 11 26 83 3
20 75 65 21 11 60 50 106 96 85 68 67 69 57 27 58 37 3 22 52 7 1
21 58 48 43 33 35 25 20 10 80 51 58 57 15 54 41 20 12 30 92 98 2
22 46 36 57 47 67 57 78 68 90 68 19 12 76 22 59 31 48 41 47 15 1
23 98 88 71 61 43 33 108 98 10 18 53 43 39 25 95 16 88 65 69 41 1
24 27 17 78 68 20 10 71 61 60 87 85 20 12 77 56 69 46 18 10 31 4
25 42 32 103 93 63 53 24 14 27 29 76 64 58 32 22 96 50 1 27 8 2
26 71 61 18 8 64 54 103 93 3 43 80 40 74 71 99 20 84 11 99 38 2
27 57 47 98 88 38 28 79 69 53 25 51 33 55 19 75 12 12 96 5 63 1
28 36 26 70 60 97 87 31 21 52 27 8 61 48 80 11 66 95 38 8 79 4
29 42 32 107 97 79 69 52 42 46 42 58 91 7 79 81 47 47 83 70 56 1
30 60 50 74 64 97 87 19 9 77 78 26 3 27 87 49 4 83 65 91 7 3
31 59 49 12 2 64 54 109 99 95 57 76 29 83 1 51 96 54 23 73 51 2
32 100 90 87 77 65 55 52 42 52 98 95 83 47 77 14 54 36 73 13 97 4
33 93 83 38 28 90 80 35 25 23 7 64 56 89 15 14 1 4 87 29 17 3
34 39 29 34 24 28 18 15 5 75 66 2 80 60 26 1 8 72 80 46 78 3
35 21 11 58 48 94 84 31 21 60 44 82 56 24 35 98 29 67 10 98 4 2
36 104 94 27 17 41 31 64 54 87 46 25 87 15 61 48 80 38 70 9 2 4
37 54 44 90 80 27 17 63 53 66 98 1 58 99 15 31 6 50 7 56 59 1
38 13 3 88 78 54 44 21 11 68 1 79 28 11 62 94 68 67 21 94 66 4
39 45 35 41 31 30 20 26 16 28 46 20 59 53 68 88 49 13 99 28 35 1
