4 40
1154 874 1036 944 
0 47 43 66 61 77 80 88 98 68 19 38 74 84 20 75 93 6 1 66 81 1
1 69 67 8 2 34 36 81 79 91 23 98 87 59 91 70 29 51 91 10 58 2
2 10 1 74 72 49 42 21 21 91 39 70 83 20 16 79 13 88 96 29 97 2
3 17 26 68 73 25 19 84 74 49 50 18 50 76 41 39 17 86 76 65 45 2
4 94 87 40 30 86 80 32 31 30 18 63 53 42 56 8 19 84 78 94 22 1
5 38 37 85 83 40 38 87 84 54 25 28 20 51 23 79 96 63 88 6 14 4
6 101 92 9 19 51 45 72 72 82 38 31 48 99 26 57 45 59 72 64 57 1
7 104 99 34 37 74 76 4 14 1 31 77 10 64 89 19 19 5 60 42 78 1
8 49 56 26 23 90 89 46 56 63 34 37 7 27 68 18 18 50 98 83 77 3
9 90 89 41 44 92 98 48 45 44 57 58 23 28 53 42 64 66 29 2 70 1
10 85 95 34 33 83 80 11 18 54 25 77 77 53 36 53 38 58 5 2 87 3
11 72 82 86 93 11 3 4 14 91 67 51 48 91 94 58 59 38 85 44 96 3
12 90 87 39 30 73 80 22 23 41 58 41 38 73 65 9 89 50 94 39 76 4
13 70 67 20 14 60 52 97 99 10 58 43 6 74 41 48 79 67 91 14 93 1
14 93 84 2 10 40 45 62 71 80 39 12 46 78 82 33 87 37 87 44 38 4
15 42 48 66 70 90 93 1 7 94 45 36 53 50 84 68 65 33 60 31 43 3
16 49 56 42 43 25 29 10 8 73 78 73 75 97 82 31 73 29 26 2 7 2
17 43 43 27 30 17 24 9 19 3 78 55 52 6 98 41 44 47 82 13 48 3
18 38 40 67 63 75 85 96 100 31 92 88 41 13 76 98 13 17 11 62 82 2
19 47 41 7 8 88 82 48 49 68 36 97 60 87 3 47 54 80 40 91 36 4
20 18 8 10 15 23 21 28 20 77 89 21 12 15 7 12 6 69 9 95 89 4
21 100 99 57 65 27 24 97 90 5 32 87 47 63 49 22 16 27 95 32 33 2
22 55 63 13 22 74 72 32 31 56 24 96 93 100 21 59 24 15 42 25 71 4
23 87 90 67 72 39 47 32 29 48 85 6 57 57 46 61 23 93 70 15 37 3
24 60 68 77 86 15 5 32 23 90 64 44 49 3 24 79 8 31 62 53 80 4
25 6 15 32 30 45 44 66 67 1 10 40 82 7 73 15 75 96 99 13 62 2
26 29 29 73 72 7 6 35 41 37 82 17 17 34 21 99 5 20 94 38 63 1
27 57 47 83 85 24 24 63 54 61 37 47 99 85 79 80 98 63 52 71 27 2
28 47 41 62 63 77 86 5 8 16 19 38 48 25 43 26 95 76 99 33 89 1
29 103 94 67 73 36 43 13 14 55 38 73 23 84 29 94 93 81 33 72 31 3
30 83 93 7 15 52 46 84 76 51 15 14 78 95 96 73 5 39 68 80 25 4
31 26 19 9 5 84 84 80 70 23 19 45 84 94 10 93 78 6 56 26 8 1
32 86 87 7 17 57 48 78 78 62 26 68 33 38 61 19 88 29 40 20 33 4
33 71 68 68 59 50 49 26 32 57 74 52 5 46 18 85 48 3 11 89 99 2
34 21 15 15 22 22 20 21 19 14 15 68 51 47 72 30 26 10 99 50 52 2
35 65 72 12 7 41 33 67 68 10 16 77 26 80 78 60 93 85 30 100 16 1
36 7 3 77 86 66 60 36 43 49 4 10 50 97 63 7 91 89 91 93 5 1
37 73 80 51 46 21 13 78 79 66 64 98 22 95 48 27 70 86 5 44 75 3
38 21 15 52 50 99 92 30 27 12 79 17 100 94 24 41 48 32 31 95 7 1
39 64 62 11 20 81 79 28 37 1 34 54 94 16 60 68 41 25 19 27 31 3
