4 50
1852 2139 2088 1888 
0 67 57 85 75 104 94 22 12 47 33 41 83 25 28 38 52 25 24 28 69 2
1 89 79 74 64 50 40 27 17 85 88 73 80 28 25 12 80 70 35 63 71 3
2 51 41 94 84 28 18 63 53 85 98 20 79 29 53 59 87 84 86 43 97 1
3 90 80 106 96 15 5 31 21 87 10 15 89 51 24 20 21 73 62 63 35 3
4 17 7 88 78 58 48 37 27 98 60 31 77 38 22 36 46 65 93 55 12 2
5 87 77 96 86 96 86 105 95 24 89 87 85 18 85 85 68 83 21 10 71 3
6 38 28 85 75 31 21 86 76 94 43 100 81 43 88 31 54 85 90 91 4 4
7 11 1 96 86 72 62 49 39 65 60 33 60 16 83 35 13 43 74 25 98 2
8 35 25 86 76 36 26 87 77 29 22 43 72 98 67 10 91 57 77 23 49 1
9 17 7 85 75 62 52 30 20 87 56 89 96 39 59 24 51 71 44 38 46 3
10 101 91 55 45 102 92 56 46 38 54 73 58 21 35 6 41 22 4 61 73 3
11 20 10 29 19 37 27 46 36 78 38 13 85 52 62 82 4 53 24 47 35 4
12 40 30 67 57 93 83 20 10 50 75 10 62 83 43 51 62 40 47 32 77 4
13 57 47 105 95 62 52 110 100 69 61 20 14 71 45 86 82 60 43 94 91 2
14 87 77 25 15 64 54 102 92 35 59 31 89 48 82 58 69 57 29 38 45 3
15 31 21 71 61 104 94 44 34 17 34 19 10 32 100 74 54 76 92 58 55 2
16 20 10 87 77 61 51 28 18 56 27 13 95 65 94 8 84 29 62 47 97 2
17 26 16 86 76 39 29 91 81 7 43 25 34 76 61 93 70 93 17 72 22 4
18 41 31 96 86 50 40 97 87 39 71 46 16 47 59 35 32 35 14 100 44 3
19 54 44 14 4 83 73 43 33 82 9 1 35 42 49 91 7 86 14 95 34 2
20 99 89 37 27 84 74 22 12 22 46 7 45 51 21 61 12 26 59 99 46 1
21 34 24 19 9 11 1 96 86 46 23 44 79 88 72 34 93 29 83 22 93 4
22 90 80 101 91 11 1 22 12 58 24 18 92 1 54 38 96 90 17 68 76 4
23 18 8 91 81 55 45 28 18 20 44 79 86 66 77 29 81 23 45 62 21 4
24 71 61 22 12 64 54 15 5 39 30 89 31 54 24 40 91 92 35 90 10 4
25 62 52 23 13 83 73 44 34 21 99 74 12 16 7 96 64 97 80 33 67 1
26 99 89 38 28 84 74 23 13 91 54 53 63 62 23 23 24 80 86 94 65 3
27 41 31 82 72 22 12 71 61 4 60 95 8 95 98 3 16 1 82 10 89 4
28 68 58 102 92 29 19 63 53 28 51 18 69 63 44 95 50 32 55 75 88 1
29 50 40 23 13 95 85 60 50 25 84 26 79 49 38 30 92 90 51 89 83 3
30 36 26 58 48 81 71 95 85 78 5 72 27 93 40 67 4 1 84 99 33 2
31 75 65 28 18 80 70 25 15 84 50 46 47 23 27 92 37 46 29 82 54 2
32 72 62 51 41 37 27 24 14 27 60 70 70 66 27 72 26 41 73 50 74 2
33 89 79 42 32 86 76 39 29 45 79 65 76 52 92 13 55 21 1 95 35 2
34 27 17 22 12 108 98 103 93 75 69 95 52 34 46 88 46 11 73 29 77 4
35 73 63 110 100 46 36 83 73 15 89 93 27 97 13 31 42 27 83 60 9 3
36 80 70 95 85 17 7 40 30 40 79 98 33 60 74 27 64 50 1 97 55 4
37 78 68 14 4 51 41 87 77 92 34 9 56 19 68 58 67 65 66 79 16 4
38 45 35 12 2 86 76 53 43 39 13 59 5 39 30 58 13 66 54 85 91 4
39 69 59 65 55 54 44 50 40 56 38 42 1 17 30 42 94 9 93 35 31 1
40 60 50 59 49 65 55 72 62 33 15 98 38 95 22 83 60 12 27 18 81 2
41 101 91 97 87 94 84 90 80 4 98 100 77 93 96 84 51 100 59 99 62 2
42 11 1 77 67 44 34 102 92 50 76 59 56 15 62 29 74 25 65 23 12 4
43 22 12 75 65 35 25 96 86 71 72 89 82 90 65 21 39 31 38 23 58 2
44 79 69 30 20 88 78 39 29 35 46 57 26 41 98 41 26 77 24 96 86 3
45 99 89 44 34 96 86 49 39 81 12 97 23 67 46 4 8 70 52 30 98 2
46 82 72 64 54 39 29 21 11 25 4 27 35 51 5 82 34 85 13 30 94 3
47 75 65 68 58 60 50 53 43 22 95 61 60 58 24 83 43 3 67 95 24 4
48 20 10 38 28 57 47 75 65 31 85 25 27 63 62 99 52 16 34 100 9 1
49 12 2 57 47 101 91 46 36 41 40 62 9 63 31 16 45 9 76 45 43 1
