4 50
498 405 528 529 
0 1 3 12 21 44 40 63 58 97 2 26 51 19 48 3 37 98 17 38 15 3
1 56 47 82 90 29 24 68 59 13 29 29 45 74 56 93 82 91 78 51 87 1
2 79 81 43 52 18 22 3 1 72 39 14 38 68 56 27 75 52 88 99 77 4
3 24 26 83 73 19 27 70 74 99 9 36 45 73 24 11 44 10 65 91 71 3
4 73 83 40 34 94 84 32 27 61 82 45 8 86 51 6 37 35 19 2 24 4
5 37 41 84 87 52 42 78 88 85 24 17 8 20 6 46 89 46 1 91 73 4
6 76 80 1 7 26 33 68 60 84 85 44 100 95 75 35 24 63 82 79 84 3
7 82 79 20 17 52 56 90 94 70 52 65 84 8 91 8 13 18 42 46 35 2
8 31 40 16 15 72 81 57 48 11 57 69 39 79 3 74 52 28 59 5 75 2
9 56 49 7 4 42 50 14 5 41 35 57 29 58 43 42 88 48 50 6 98 3
10 17 11 45 49 94 96 43 34 55 32 11 56 8 61 76 42 84 46 22 88 3
11 15 22 29 33 33 43 47 54 33 96 39 4 4 86 26 35 66 12 51 38 4
12 79 79 36 30 62 72 19 23 61 20 29 59 94 54 68 13 92 98 90 88 2
13 64 63 14 10 54 48 104 95 27 18 89 66 38 26 19 75 35 74 55 78 3
14 80 88 23 14 40 49 70 75 62 78 70 89 97 63 29 80 24 97 25 79 1
15 13 12 37 34 53 57 69 71 58 14 45 39 4 34 15 77 12 20 78 21 4
16 25 32 10 19 14 5 78 84 27 49 81 45 56 28 12 63 87 92 59 99 1
17 16 7 8 2 90 96 82 91 22 18 85 19 91 88 26 71 52 75 100 96 2
18 48 44 69 59 77 81 6 4 86 29 41 61 30 18 44 96 3 61 10 100 3
19 94 85 54 52 35 26 95 93 6 21 75 64 10 75 23 37 42 35 12 5 1
20 57 52 49 59 62 65 75 72 15 27 58 58 65 83 70 65 84 85 57 79 4
21 23 31 101 97 63 56 20 22 25 59 54 19 20 38 54 90 18 72 20 81 1
22 93 91 35 42 91 100 54 51 63 72 73 56 30 31 19 57 82 61 17 23 3
23 44 38 16 12 96 95 68 69 43 50 42 9 95 21 62 76 8 48 42 77 4
24 11 8 28 26 45 45 70 71 83 11 20 87 36 17 48 56 87 25 38 53 2
25 84 87 10 2 23 16 28 31 4 20 33 1 26 73 71 22 15 55 57 30 4
26 65 65 1 8 35 42 79 85 48 46 82 35 70 28 34 33 77 75 100 88 3
27 54 47 80 85 13 16 60 54 80 67 51 14 41 70 21 58 99 73 75 40 1
28 60 57 75 79 3 2 18 24 64 5 79 53 1 51 72 1 95 68 87 49 3
29 90 86 67 65 44 35 13 6 4 10 51 70 16 60 26 24 31 19 74 60 3
30 100 97 32 27 56 58 88 88 31 24 78 45 74 77 67 93 95 76 58 68 4
31 61 59 44 45 32 24 15 10 88 48 88 79 44 96 50 98 36 54 81 87 1
32 101 91 22 21 51 52 72 82 93 62 59 16 99 78 19 68 93 86 41 3 3
33 19 12 3 3 85 93 82 76 17 56 8 47 60 72 52 29 20 8 88 97 3
34 34 39 41 38 27 36 34 35 59 38 70 67 98 7 59 77 27 36 12 34 3
35 48 56 87 91 24 25 42 52 30 41 42 35 98 85 97 47 48 89 66 43 3
36 11 15 94 90 70 72 61 55 14 40 87 7 32 54 11 33 32 18 40 42 3
37 79 76 49 42 6 9 76 75 47 20 6 86 46 46 40 53 89 58 64 68 1
38 72 63 11 6 50 40 89 83 98 35 10 56 98 99 38 76 42 97 83 55 4
39 49 46 1 4 66 63 26 21 76 39 71 58 68 66 32 53 17 45 1 28 4
40 32 38 4 13 95 87 75 70 79 69 95 18 64 39 15 19 61 5 76 37 3
41 57 57 39 39 15 14 89 88 56 8 94 46 94 34 61 21 59 72 81 17 2
42 59 61 26 20 93 86 52 45 43 1 56 93 9 33 49 91 26 59 67 57 3
43 46 37 72 67 90 90 24 20 54 17 11 70 7 44 41 43 55 13 26 44 4
44 16 18 94 97 85 75 55 54 13 75 1 42 25 41 12 53 31 9 14 55 1
45 6 2 7 4 100 99 1 1 35 4 93 100 60 38 38 50 29 95 2 20 3
46 66 73 2 11 40 50 97 88 76 70 33 84 18 22 37 60 61 37 71 11 3
47 1 5 79 79 57 62 38 36 62 16 4 90 4 67 68 51 65 30 28 26 1
48 32 34 66 65 1 3 34 34 19 13 38 87 11 16 8 89 92 98 24 8 4
49 69 79 96 90 102 100 8 11 28 41 28 37 68 35 1 72 44 52 21 8 1
