4 50
1262 1206 1371 1219 
0 25 15 10 33 86 52 63 70 4 100 39 89 23 63 68 90 88 65 64 7 4
1 94 23 2 58 11 100 27 35 78 83 94 59 44 19 19 52 19 12 32 15 2
2 23 41 24 12 32 82 33 53 54 28 28 20 89 12 91 84 93 100 19 11 1
3 83 26 60 73 36 27 21 74 1 19 39 100 46 99 7 99 89 76 87 48 3
4 73 79 49 22 18 72 94 23 67 62 5 70 100 15 47 94 62 60 20 6 3
5 88 9 89 55 97 10 6 56 82 71 41 1 67 98 3 7 59 96 63 43 4
6 33 92 81 19 30 45 86 72 89 61 36 96 15 57 66 66 30 95 85 42 2
7 15 91 55 29 96 68 28 14 32 84 76 91 92 27 6 53 67 90 92 32 3
8 82 44 34 11 87 85 47 52 68 74 66 38 67 39 80 55 39 8 47 86 2
9 74 1 34 56 3 2 63 57 39 41 77 72 57 2 23 93 99 12 51 66 4
10 58 63 43 9 35 48 20 94 34 97 76 90 45 77 71 12 88 15 16 30 2
11 86 34 59 37 31 47 96 58 24 74 11 5 3 20 58 31 91 73 79 61 4
12 14 63 75 6 35 56 96 99 17 79 38 23 74 60 28 21 74 88 30 32 3
13 29 99 70 38 18 84 59 23 96 80 8 86 26 57 72 27 72 98 58 18 4
14 26 16 99 42 71 77 36 3 87 98 21 84 95 56 12 25 18 46 17 89 2
15 19 36 72 50 24 73 69 95 43 79 44 50 47 22 74 27 24 3 64 51 2
16 41 60 94 47 38 25 91 12 84 19 4 47 43 89 84 44 89 45 10 87 3
17 77 51 14 38 50 32 87 27 71 3 39 56 85 80 13 50 42 39 99 78 1
18 34 16 70 31 7 53 43 68 98 70 65 82 23 46 31 29 96 70 59 77 4
19 33 41 29 8 18 82 14 49 64 8 57 73 46 55 69 3 41 7 70 27 1
20 61 64 57 71 54 77 50 84 92 93 53 26 35 99 67 73 52 72 36 94 3
21 54 59 15 25 75 92 28 50 67 68 27 2 39 54 7 83 82 1 9 25 2
22 43 67 96 26 40 76 93 35 77 37 5 21 13 79 97 62 54 14 96 6 4
23 59 38 52 20 44 3 29 77 66 32 36 32 98 4 71 34 80 45 93 63 2
24 40 96 85 14 29 33 74 51 26 70 33 89 81 50 42 45 56 14 90 79 4
25 14 43 86 58 51 80 23 95 98 65 64 44 83 97 11 18 34 2 92 94 4
26 23 25 52 68 80 2 1 45 41 100 82 18 81 39 34 1 78 52 89 3 4
27 99 11 67 41 28 80 96 18 97 70 84 6 36 75 23 66 27 38 27 54 1
28 25 77 38 99 50 22 63 44 35 67 54 37 70 49 16 96 7 68 48 12 2
29 76 14 84 85 1 55 9 26 51 82 13 83 94 94 63 17 61 96 6 33 4
30 40 89 13 19 77 42 50 72 8 73 58 89 19 29 3 83 34 74 77 68 1
31 31 27 64 13 96 92 21 78 60 92 25 39 21 19 55 89 68 68 30 28 1
32 99 19 36 49 64 80 1 10 38 20 61 92 93 84 88 38 29 44 43 23 1
33 18 28 63 19 99 9 44 92 95 38 45 23 25 81 42 8 14 49 87 68 1
34 19 95 75 94 32 92 88 91 30 63 14 26 13 14 21 1 11 12 52 9 3
35 56 60 17 95 85 29 46 56 15 12 30 76 8 48 29 12 80 42 53 1 3
36 8 99 37 82 73 56 2 39 78 53 29 24 77 28 62 97 33 36 56 41 4
37 10 68 63 34 23 1 76 67 59 49 98 14 82 16 39 71 50 90 45 19 1
38 26 91 78 26 31 68 75 3 43 35 65 88 19 85 17 86 97 43 12 66 1
39 63 94 27 52 92 3 48 61 48 86 46 37 53 30 23 49 13 6 59 71 1
40 71 90 68 73 72 47 77 22 12 45 71 30 41 100 84 3 48 38 33 99 4
41 1 5 65 79 22 62 86 36 69 4 62 10 31 72 69 57 88 6 52 28 3
42 1 41 29 100 58 58 94 25 46 42 81 81 23 65 88 45 25 85 95 22 1
43 14 33 59 63 3 86 48 16 6 88 18 64 45 41 16 86 84 8 43 60 2
44 42 66 58 45 67 23 75 2 2 17 32 96 22 5 82 58 37 27 54 11 2
45 62 78 75 72 87 75 100 77 68 31 44 61 97 64 44 86 48 35 48 63 2
46 60 45 48 83 29 22 9 52 97 60 96 8 72 41 23 100 96 35 83 70 3
47 80 21 64 95 49 78 25 60 26 19 96 88 85 74 55 38 67 27 72 15 4
48 96 10 16 49 37 79 49 10 75 13 82 3 73 44 56 55 4 45 67 78 2
49 33 71 9 90 86 100 62 11 91 12 19 39 9 96 53 29 4 10 72 37 3
