4 50
1272 1428 1231 1087 
0 53 63 38 81 14 100 91 18 94 66 67 23 83 72 44 51 14 60 89 95 4
1 86 31 2 66 11 100 19 43 30 77 39 68 1 11 24 52 81 43 91 74 1
2 51 13 60 84 60 54 69 25 100 68 93 21 3 30 30 91 63 48 77 44 2
3 11 22 88 77 72 23 49 70 8 59 68 28 2 27 29 78 81 81 24 51 1
4 45 59 21 10 90 60 58 3 67 69 55 24 12 85 60 15 21 88 50 55 4
5 40 13 49 59 57 14 66 60 13 53 45 51 58 93 84 30 22 72 82 53 3
6 37 4 85 31 42 57 90 84 11 64 99 83 41 55 96 60 68 69 85 93 2
7 15 7 55 45 88 84 28 22 70 30 21 59 29 9 34 2 71 24 32 85 4
8 18 92 70 67 31 33 83 100 53 59 35 74 2 40 69 5 88 96 78 31 2
9 90 13 58 60 19 14 87 61 44 54 87 83 81 81 32 89 40 74 13 47 1
10 66 3 51 49 43 88 28 34 47 48 52 34 55 15 24 32 90 19 25 87 2
11 42 10 15 21 79 31 52 42 65 29 80 57 22 15 90 8 41 13 67 29 2
12 98 35 59 78 19 28 80 71 55 80 47 67 95 69 70 89 84 38 14 5 1
13 69 39 10 86 50 24 99 71 48 87 5 97 22 22 84 17 13 33 46 81 2
14 90 60 63 86 35 21 100 47 67 6 73 75 45 33 65 76 79 83 86 30 2
15 15 100 68 14 20 37 65 59 21 18 78 60 48 43 37 11 9 90 9 63 1
16 29 36 74 23 26 9 71 96 66 28 41 4 30 83 58 7 20 94 78 47 1
17 69 91 6 86 42 80 79 67 16 49 23 58 40 12 25 92 73 86 53 30 1
18 26 64 70 87 7 9 43 24 36 2 33 19 14 65 47 61 77 70 48 59 1
19 73 97 69 64 58 38 54 5 70 45 87 10 48 45 35 44 66 52 21 72 4
20 33 16 29 23 26 29 22 36 8 43 86 90 82 100 74 19 49 50 91 96 1
21 22 75 75 41 35 100 96 66 11 8 14 4 38 73 15 8 8 37 55 14 3
22 39 11 92 62 36 20 89 71 42 62 46 70 57 67 8 30 96 65 44 80 3
23 83 74 76 56 60 31 53 13 88 61 32 38 53 41 43 13 13 70 77 77 4
24 4 52 49 70 93 89 38 7 44 28 89 11 79 85 55 29 40 2 11 62 3
25 70 67 34 82 7 96 79 19 17 100 6 44 38 84 85 65 51 83 52 71 4
26 35 33 56 68 84 10 13 45 46 65 85 38 41 13 93 74 9 45 97 100 1
27 23 95 83 33 52 72 12 2 38 32 34 20 51 5 13 50 52 43 83 4 2
28 17 57 30 79 42 2 55 24 60 19 35 83 21 70 85 97 12 24 4 3 3
29 68 94 84 65 93 35 9 6 93 40 31 99 30 17 14 83 7 83 56 75 3
30 96 25 61 55 33 78 98 8 31 99 26 44 19 50 31 8 26 54 5 65 2
31 75 95 100 81 32 68 65 54 16 9 85 43 74 40 31 22 33 1 93 19 2
32 59 63 88 93 24 24 53 54 81 50 46 15 43 96 39 29 62 66 58 62 4
33 58 28 95 19 39 1 84 92 26 89 59 34 32 100 86 71 27 97 79 90 3
34 63 83 19 82 76 80 32 79 10 33 38 74 42 78 50 77 55 74 80 53 2
35 64 12 33 47 93 73 62 8 98 1 37 10 37 68 90 62 72 87 62 56 3
36 68 35 97 18 33 92 62 75 56 98 54 94 74 60 92 6 45 9 58 53 1
37 62 100 15 66 75 41 28 7 40 35 85 58 46 10 52 18 95 8 100 35 3
38 22 99 74 42 19 76 71 19 25 47 56 14 80 30 55 55 43 63 23 38 2
39 71 54 35 4 100 63 64 21 11 91 95 83 79 11 19 68 25 65 57 45 3
40 83 2 88 77 92 51 97 26 42 21 94 100 22 81 25 50 32 39 10 50 3
41 1 25 65 7 22 82 86 64 19 88 54 1 16 54 50 80 53 3 62 94 4
42 45 25 73 84 10 50 38 9 3 20 56 40 82 48 35 70 34 73 80 51 4
43 70 53 23 75 67 6 12 28 100 98 44 87 67 31 48 56 56 87 76 81 4
44 18 94 34 73 43 51 51 30 58 7 28 86 40 25 74 5 85 76 49 12 1
45 62 82 75 76 87 79 100 81 95 56 80 64 50 13 81 46 98 80 88 25 1
46 12 37 92 67 81 6 61 44 84 63 77 31 95 87 52 89 3 36 96 82 4
47 32 49 8 31 93 6 69 88 37 55 64 42 4 84 48 92 73 88 56 33 1
48 36 86 56 17 77 47 89 86 73 79 10 52 18 63 94 47 27 74 18 56 2
49 61 71 37 90 14 100 90 11 28 90 100 33 100 41 36 65 46 11 83 12 4
