4 50
502 489 536 526 
0 23 13 41 31 60 50 78 68 1 68 76 76 16 23 10 74 43 77 86 30 4
1 105 95 90 80 66 56 43 33 58 6 42 88 88 35 17 52 95 67 98 51 4
2 43 33 78 68 12 2 55 45 19 10 51 40 66 57 45 94 28 39 49 12 2
3 106 96 14 4 23 13 39 29 5 93 39 28 30 57 86 7 86 65 72 33 3
4 93 83 72 62 42 32 13 3 87 47 91 27 56 35 9 48 32 42 11 24 1
5 87 77 96 86 96 86 97 87 2 6 7 89 58 60 42 84 17 88 64 40 1
6 34 24 81 71 35 25 82 72 85 64 64 89 81 74 83 75 82 100 66 67 4
7 19 9 96 86 72 62 57 47 67 6 71 80 1 76 97 41 37 83 51 73 4
8 87 77 30 20 80 70 31 21 96 44 89 56 3 90 4 25 1 29 84 87 4
9 101 91 77 67 46 36 14 4 80 45 47 60 36 7 27 26 99 53 10 61 4
10 89 79 35 25 90 80 36 26 27 97 66 85 11 74 49 88 73 32 86 98 3
11 56 46 57 47 65 55 74 64 54 7 72 7 99 13 43 4 76 61 52 95 3
12 96 86 23 13 49 39 76 66 47 25 33 93 90 30 38 100 21 63 91 95 3
13 37 27 85 75 42 32 90 80 98 81 25 1 17 60 65 37 27 75 7 19 1
14 47 37 85 75 24 14 62 52 88 20 71 10 43 15 2 45 74 59 100 29 1
15 39 29 79 69 12 2 52 42 78 21 28 44 84 72 33 38 9 35 87 45 3
16 76 66 43 33 109 99 76 66 37 57 43 4 24 52 1 72 36 74 86 10 1
17 110 100 70 60 23 13 75 65 100 23 100 29 3 4 83 68 28 92 68 12 2
18 21 11 68 58 22 12 77 67 22 70 43 4 58 7 71 71 53 17 96 47 3
19 90 80 58 48 27 17 87 77 10 1 40 93 69 42 24 49 30 3 1 56 3
20 71 61 17 7 56 46 102 92 56 28 36 51 5 5 22 97 17 15 32 41 2
21 110 100 103 93 87 77 80 70 22 33 42 76 63 3 46 92 72 64 44 45 4
22 46 36 57 47 67 57 78 68 45 80 19 40 56 92 21 29 71 10 7 87 2
23 58 48 31 21 95 85 68 58 77 77 99 70 8 61 93 45 7 5 33 93 3
24 63 53 14 4 56 46 107 97 1 64 18 29 17 55 72 99 3 75 91 93 3
25 18 8 79 69 39 29 100 90 23 93 91 95 61 38 97 83 40 3 25 31 1
26 63 53 102 92 48 38 95 85 2 29 99 18 16 62 6 84 63 99 50 17 2
27 21 11 62 52 110 100 51 41 96 81 22 69 44 16 41 18 30 60 42 36 2
28 36 26 62 52 97 87 23 13 95 2 43 24 100 26 68 88 52 71 58 84 3
29 58 48 31 21 103 93 68 58 38 12 44 30 44 94 20 63 1 18 12 84 2
30 44 34 66 56 89 79 11 1 29 67 23 24 95 51 2 37 49 73 27 67 2
31 87 77 40 30 84 74 37 27 16 40 55 28 22 13 18 82 40 66 90 10 2
32 36 26 15 5 101 91 88 78 58 84 34 82 62 20 90 55 20 10 100 68 1
33 41 31 86 76 38 28 83 73 28 12 62 25 31 28 60 47 17 48 56 100 4
34 91 81 86 76 80 70 75 65 78 64 77 85 11 44 19 70 15 92 30 43 4
35 105 95 34 24 70 60 107 97 48 38 70 40 57 56 73 67 97 84 84 67 1
36 12 2 35 25 49 39 72 62 90 39 98 29 74 23 65 72 32 67 83 17 4
37 102 92 38 28 75 65 11 1 88 34 78 90 42 67 27 12 49 83 94 10 4
38 69 59 44 34 110 100 77 67 61 81 32 58 17 66 57 79 89 18 65 67 1
39 49 39 37 27 34 24 30 20 4 70 43 83 99 61 60 51 3 1 34 78 3
40 12 2 19 9 25 15 32 22 99 98 61 28 22 55 12 52 39 36 58 56 3
41 85 75 81 71 78 68 74 64 21 13 53 78 1 29 61 21 73 2 23 98 3
42 79 69 45 35 104 94 70 60 27 22 36 43 34 90 52 10 27 64 84 49 1
43 26 16 87 77 47 37 100 90 13 49 100 62 58 72 72 22 25 31 31 4 2
44 71 61 22 12 80 70 31 21 74 27 63 89 95 34 88 92 95 83 23 85 3
45 11 1 56 46 108 98 61 51 3 74 1 85 86 90 54 64 61 77 58 20 1
46 90 80 64 54 47 37 21 11 72 63 39 92 14 63 2 28 84 43 24 54 4
47 11 1 104 94 96 86 81 71 21 2 25 15 56 56 34 55 95 11 58 48 3
48 60 50 78 68 97 87 23 13 51 63 5 33 13 24 34 63 25 72 28 64 3
49 28 18 73 63 17 7 62 52 82 18 74 50 47 22 74 74 27 38 80 97 2
