4 50
2070 2112 1889 2380 
0 67 37 52 55 28 74 5 92 43 41 17 3 96 54 93 12 94 95 17 58 1
1 36 77 44 20 61 54 69 97 62 89 58 88 9 84 69 98 31 12 12 71 2
2 69 95 78 74 78 44 87 15 48 88 44 96 52 4 96 20 2 100 65 46 3
3 25 24 10 71 86 25 63 72 82 98 17 11 11 51 27 2 90 3 56 32 1
4 35 53 3 4 80 46 48 97 71 4 26 24 10 26 54 63 92 40 91 9 4
5 66 15 75 61 83 16 92 70 39 19 32 95 84 13 6 76 6 35 89 46 1
6 39 10 95 37 44 71 92 98 3 50 55 46 60 20 60 31 23 55 85 43 3
7 61 61 1 7 42 46 74 84 84 47 34 31 72 31 38 62 73 67 77 10 2
8 36 66 96 41 49 7 1 74 14 97 69 95 36 92 98 8 55 81 98 39 3
9 48 15 16 70 77 16 45 71 1 75 45 52 72 74 23 44 36 57 48 65 1
10 20 73 5 19 97 58 82 4 21 69 85 4 75 21 100 88 47 12 94 33 2
11 16 52 89 63 53 73 26 84 37 82 26 9 14 29 93 56 45 69 5 45 1
12 40 13 1 64 61 6 22 57 46 29 13 92 61 80 23 3 16 39 4 61 4
13 39 17 80 56 20 2 69 41 42 62 11 48 72 90 77 29 18 37 58 16 2
14 72 82 45 8 17 43 90 69 10 33 66 98 47 51 66 34 32 68 97 6 4
15 17 82 70 96 14 19 67 41 35 23 84 23 93 87 9 40 7 28 83 46 2
16 23 74 68 61 20 47 65 34 19 26 33 87 38 46 14 51 89 25 38 82 3
17 15 61 52 56 88 50 25 45 73 61 31 58 21 69 89 88 2 68 56 59 1
18 80 46 16 61 53 83 89 6 58 75 79 41 15 56 13 37 9 77 37 8 3
19 43 79 39 46 28 12 24 87 26 27 6 84 18 27 67 60 52 67 93 7 2
20 19 34 15 41 12 47 8 54 70 47 26 57 21 53 54 59 40 84 56 100 1
21 48 33 9 91 69 58 22 24 6 36 8 77 81 66 100 4 47 16 24 57 2
22 41 29 86 80 38 38 91 89 31 33 88 57 73 79 96 78 50 12 15 12 3
23 45 88 30 70 22 45 15 27 96 74 2 89 72 50 12 6 30 72 51 22 1
24 82 26 27 44 71 63 16 81 58 36 34 78 69 48 81 72 16 39 70 18 3
25 44 33 16 48 81 62 53 77 23 22 8 81 44 40 12 80 55 96 49 53 2
26 33 87 62 22 90 64 11 99 6 40 33 67 30 29 19 46 5 93 74 42 4
27 81 41 49 79 10 18 78 48 90 12 46 12 88 1 59 86 45 75 93 97 4
28 59 47 72 69 84 92 97 14 20 69 20 32 80 15 61 98 33 85 21 85 1
29 18 84 34 55 43 25 59 96 50 46 46 87 63 32 69 16 44 44 88 30 4
30 70 39 35 69 7 100 72 30 55 67 44 65 20 4 21 21 55 50 23 37 2
31 89 33 22 19 54 6 79 84 81 73 31 18 48 85 12 20 58 49 38 13 1
32 89 85 18 15 46 46 83 76 88 55 16 35 57 9 10 68 87 5 2 27 2
33 20 74 65 65 9 55 46 38 27 50 41 65 45 80 11 31 93 17 73 29 4
34 81 77 37 84 94 82 50 81 28 7 76 14 74 100 93 11 16 38 12 50 2
35 22 34 91 69 51 3 12 30 13 29 98 13 54 43 8 22 47 7 59 98 1
36 98 49 27 32 63 14 92 89 21 86 89 52 20 25 62 92 44 11 52 23 4
37 80 74 41 40 93 7 54 73 53 75 1 81 83 64 18 51 29 4 26 15 4
38 16 61 68 96 21 38 65 73 98 46 21 33 14 43 14 11 78 53 62 36 3
39 29 80 93 38 58 97 14 55 69 96 67 48 52 5 47 79 45 37 5 75 2
40 93 8 98 83 2 57 99 32 66 50 85 31 17 76 90 51 65 18 54 49 4
41 51 39 15 21 72 96 36 78 62 30 9 87 86 76 44 14 37 55 2 38 4
42 67 67 95 34 32 92 60 51 92 69 64 23 72 32 53 24 4 67 59 39 2
43 56 59 1 89 45 12 90 42 59 96 13 31 37 76 40 86 86 45 27 12 4
44 60 8 68 87 77 65 85 44 100 75 20 62 2 1 84 78 96 25 16 75 2
45 20 84 33 78 45 81 58 83 75 88 100 61 15 55 99 85 69 74 74 33 1
46 42 83 22 13 3 52 83 90 24 8 86 56 66 26 97 98 13 23 37 84 1
47 54 63 30 45 15 20 91 2 13 12 12 80 98 61 41 16 63 46 40 61 4
48 10 16 22 55 43 85 63 16 65 62 58 95 31 74 21 29 25 12 92 22 2
49 75 21 51 40 28 50 4 61 85 30 53 37 30 26 51 27 55 99 81 26 3
