4 50
1910 2240 1918 2101 
0 81 11 58 29 42 48 19 66 12 87 84 12 53 76 73 94 84 67 85 28 1
1 86 31 94 66 11 8 19 43 18 58 84 26 34 69 5 15 20 10 24 15 2
2 87 85 96 56 96 26 5 5 80 98 97 18 42 44 19 99 81 78 21 93 4
3 47 26 24 73 100 27 77 74 4 52 70 34 30 70 44 23 13 53 96 65 4
4 17 47 93 98 62 40 30 91 16 18 41 63 64 74 83 44 6 6 49 2 2
5 100 17 1 71 9 18 18 72 27 8 68 84 82 71 37 53 5 27 20 31 1
6 41 24 97 51 46 77 94 4 55 84 45 86 56 80 23 53 1 15 90 25 3
7 15 23 47 61 88 100 20 38 74 7 48 34 40 27 53 90 11 84 45 17 3
8 54 48 14 15 67 81 19 48 14 51 92 38 80 78 44 16 62 11 28 18 1
9 6 17 74 72 43 18 3 73 68 49 95 22 54 40 47 82 85 28 87 45 3
10 74 43 59 89 51 28 36 74 95 12 33 79 66 44 90 54 78 96 53 81 1
11 98 94 63 5 35 15 100 26 78 82 42 54 43 78 26 11 92 75 14 56 2
12 82 99 35 50 95 92 56 43 13 61 92 75 60 19 45 29 43 89 92 76 2
13 9 87 50 26 90 72 39 19 9 64 43 70 45 1 77 72 17 82 44 23 4
14 54 4 27 38 99 65 72 99 31 79 61 39 8 64 41 55 60 46 1 23 1
15 19 64 64 78 16 1 61 23 23 5 20 12 91 45 46 43 12 47 79 42 2
16 9 20 62 99 6 85 59 72 42 60 3 34 29 52 2 65 16 29 93 31 4
17 61 31 98 26 34 20 71 15 87 85 10 65 62 91 2 69 6 53 28 27 3
18 26 20 62 43 99 57 35 80 34 98 12 91 99 70 12 12 73 21 39 55 4
19 13 53 9 28 6 94 94 61 77 65 12 68 72 76 25 10 6 39 18 93 4
20 5 60 1 67 98 73 94 80 71 60 76 59 2 41 9 100 60 35 13 46 1
21 82 83 43 49 95 16 56 74 3 89 57 3 8 83 86 77 70 68 87 59 2
22 35 47 88 98 40 56 85 7 45 2 17 32 82 94 30 21 50 75 28 2 4
23 7 10 92 84 84 67 77 41 88 62 33 50 3 39 24 49 21 3 9 98 3
24 60 100 5 18 57 37 2 55 30 92 11 2 42 98 40 89 27 25 6 98 3
25 18 91 90 6 63 20 27 43 90 67 68 65 5 88 99 34 70 48 52 77 3
26 39 41 68 76 96 18 17 53 9 8 79 62 91 16 63 35 86 41 32 21 1
27 39 87 7 25 76 56 36 94 64 94 63 13 55 29 78 88 7 72 84 1 3
28 9 37 22 59 34 82 47 4 25 27 12 56 98 27 83 52 70 50 56 91 3
29 68 74 76 45 93 15 1 86 88 3 28 25 17 51 7 28 80 4 46 8 1
30 44 61 9 91 81 14 54 44 100 25 39 100 76 52 13 37 31 97 33 72 3
31 11 71 44 57 68 36 1 22 75 28 28 92 30 59 24 74 7 94 100 10 3
32 11 7 48 37 76 68 13 98 31 24 81 26 61 92 93 55 79 4 74 37 2
33 90 28 35 11 79 1 16 92 99 11 42 72 62 95 42 78 27 6 76 45 3
34 7 79 63 78 12 76 68 75 31 92 86 10 16 88 14 17 67 55 53 50 3
35 80 64 41 91 9 25 70 52 42 82 4 7 32 44 93 68 100 4 52 53 3
36 28 71 57 54 93 28 22 11 61 42 11 46 93 34 14 30 86 80 92 84 3
37 6 40 67 6 19 73 80 39 39 57 5 14 58 41 99 7 25 53 15 19 1
38 18 15 62 50 15 92 59 35 53 81 83 42 65 38 57 42 28 5 65 27 2
39 79 6 43 64 8 23 72 81 64 69 38 21 89 6 27 48 56 95 68 72 3
40 3 6 8 81 12 63 9 38 91 20 62 71 41 33 58 12 44 2 16 4 3
41 1 53 65 35 22 10 86 92 30 94 41 22 84 14 88 35 69 25 9 55 2
42 89 9 25 76 54 34 82 93 9 76 16 33 62 74 46 79 24 34 13 81 4
43 34 65 79 95 23 26 76 48 89 74 78 24 33 88 76 72 53 71 70 56 4
44 94 22 10 1 19 71 27 50 82 5 70 70 42 55 54 86 22 67 24 60 1
45 70 86 83 80 95 83 8 85 19 98 3 57 100 86 20 30 89 69 27 11 4
46 64 21 44 59 25 98 13 28 22 58 96 1 45 31 71 43 18 73 59 55 1
47 76 85 52 59 37 42 13 16 85 48 53 86 58 40 56 93 76 9 63 69 4
48 76 54 96 85 17 23 29 54 41 100 85 26 52 4 32 50 17 79 19 85 2
49 89 71 65 90 42 100 18 11 23 63 5 15 72 44 60 28 17 5 13 5 1
