4 50
1338 1255 1269 1244 
0 97 87 15 5 34 24 52 42 43 22 82 45 54 25 56 49 53 71 6 55 1
1 19 9 104 94 80 70 57 47 53 45 39 19 59 65 27 23 20 63 58 2 3
2 89 79 32 22 66 56 109 99 83 11 49 60 3 100 30 25 94 52 65 14 2
3 48 38 64 54 73 63 89 79 21 91 57 59 93 21 47 99 64 47 3 59 1
4 83 73 54 44 24 14 103 93 79 70 56 54 83 51 7 62 84 60 81 52 4
5 105 95 106 96 14 4 15 5 85 45 60 69 86 11 99 85 20 56 4 16 3
6 36 26 83 73 37 27 84 74 60 38 27 42 75 9 34 43 28 18 99 78 3
7 33 23 110 100 94 84 71 61 97 13 48 51 97 5 100 74 87 80 1 61 3
8 73 63 24 14 74 64 17 7 22 83 50 78 1 8 68 41 7 21 15 76 1
9 91 81 59 49 28 18 104 94 45 72 19 51 30 41 54 37 55 41 63 43 2
10 91 81 37 27 92 82 38 28 79 66 40 87 74 94 11 44 55 1 85 48 4
11 82 72 91 81 91 81 100 90 60 18 84 63 92 4 16 22 78 55 47 58 1
12 102 92 29 19 55 45 90 80 51 100 46 80 3 7 87 51 54 57 50 74 1
13 39 29 87 77 44 34 92 82 99 73 36 79 61 99 80 49 4 70 96 76 4
14 101 91 39 29 78 68 16 6 7 3 6 52 15 82 95 7 66 80 8 8 1
15 85 75 25 15 66 56 98 88 62 39 2 54 35 67 78 6 2 31 63 11 1
16 50 40 17 7 83 73 58 48 21 99 91 65 76 41 49 91 44 46 32 62 4
17 36 26 88 78 41 31 93 83 99 47 3 73 78 89 76 42 69 76 11 14 1
18 23 13 78 68 24 14 79 69 47 68 38 29 7 41 63 61 10 88 83 28 4
19 56 46 16 6 85 75 45 35 48 65 9 37 57 70 21 15 98 64 76 42 1
20 41 31 87 77 26 16 72 62 18 95 75 29 95 95 76 25 93 58 28 26 2
21 64 54 57 47 41 31 34 24 57 54 92 74 10 38 30 40 14 6 82 73 2
22 88 78 99 89 109 99 20 10 92 56 44 77 89 40 7 78 16 15 90 22 3
23 40 30 105 95 77 67 42 32 38 55 68 83 19 52 13 58 65 88 60 70 1
24 49 39 100 90 42 32 85 75 25 61 22 34 70 18 16 52 23 15 91 77 4
25 60 50 21 11 81 71 42 32 82 75 60 15 24 53 81 82 28 22 22 91 2
26 33 23 80 70 18 8 65 55 36 47 10 33 40 80 35 30 19 85 19 74 3
27 91 81 32 22 80 70 21 11 26 46 56 25 64 10 30 58 12 98 46 36 4
28 58 48 84 74 19 9 45 35 81 44 76 13 92 16 99 20 73 11 86 19 3
29 40 30 13 3 85 75 50 40 18 91 40 5 80 25 60 40 87 91 1 46 4
30 26 16 48 38 71 61 93 83 26 8 34 26 60 71 57 67 63 32 58 73 1
31 89 79 34 24 86 76 31 21 100 16 39 20 33 80 1 97 55 58 15 6 3
32 74 64 61 51 39 29 26 16 44 7 95 57 62 20 66 55 32 82 29 96 3
33 35 25 80 70 24 14 77 67 39 96 1 96 96 39 81 67 89 3 16 7 2
34 69 59 56 46 50 40 45 35 58 21 61 99 29 60 97 83 93 24 82 97 3
35 43 33 80 70 16 6 53 43 79 54 87 17 95 83 72 15 74 52 4 70 2
36 94 84 109 99 31 21 54 44 38 89 34 21 79 22 99 49 55 42 40 41 4
37 48 38 84 74 21 11 57 47 48 67 31 52 3 37 69 79 12 15 89 86 2
38 51 41 18 8 92 82 59 49 55 47 74 61 67 29 81 29 83 51 99 23 4
39 19 9 15 5 104 94 100 90 30 64 16 77 71 60 53 88 75 21 89 23 4
40 38 28 45 35 51 41 58 48 21 89 75 53 96 20 39 96 41 18 21 81 3
41 71 61 67 57 64 54 60 50 54 89 90 23 67 4 1 96 89 42 30 95 4
42 37 27 95 85 62 52 28 18 45 84 48 3 23 65 55 13 44 47 11 76 1
43 60 50 21 11 73 63 34 24 39 22 44 74 70 61 39 45 62 42 65 43 3
44 89 79 40 30 98 88 49 39 39 31 16 12 69 41 27 42 96 48 89 25 3
45 105 95 58 48 102 92 55 45 51 9 21 72 37 36 71 13 11 97 92 80 1
46 104 94 86 76 61 51 43 33 90 98 10 6 57 14 96 63 11 66 34 19 3
47 73 63 66 56 58 48 43 33 23 97 76 80 8 69 51 32 41 6 100 59 2
48 42 32 60 50 79 69 97 87 53 52 74 16 21 35 14 64 69 44 2 57 1
49 106 96 51 41 95 85 40 30 78 33 37 96 97 58 97 16 8 66 74 98 2
