4 50
502 454 530 541 
0 77 19 54 37 30 56 7 74 73 31 66 18 5 35 83 91 29 22 31 77 3
1 94 15 10 50 19 92 35 27 5 35 52 66 96 41 87 72 48 76 25 10 4
2 51 89 60 60 60 30 69 9 97 13 94 55 7 88 5 47 24 6 27 99 2
3 19 26 96 73 72 27 57 74 58 33 50 46 95 12 28 31 60 96 47 33 4
4 37 3 5 54 74 4 50 47 65 75 48 38 83 77 82 56 72 80 37 79 2
5 76 93 77 47 85 94 94 48 80 54 94 35 12 99 86 48 38 71 98 55 1
6 17 60 65 87 22 13 70 40 46 18 66 88 82 67 84 98 62 70 4 34 1
7 23 67 63 5 96 44 36 82 49 52 88 32 58 2 53 9 35 57 99 14 3
8 2 48 54 15 15 81 67 56 28 58 5 15 23 42 38 76 54 53 39 26 1
9 34 85 94 40 63 86 23 41 13 46 100 97 79 34 61 72 88 17 1 76 4
10 42 83 35 21 19 68 12 6 2 19 30 59 96 38 89 6 79 29 74 6 3
11 82 66 55 77 19 87 92 98 19 75 16 45 13 86 18 92 2 5 49 82 1
12 54 19 15 70 75 12 36 63 70 23 29 85 67 44 17 48 48 14 6 61 2
13 49 3 90 50 38 96 79 35 16 32 13 25 65 38 40 75 30 64 53 59 2
14 98 20 71 54 43 81 8 15 65 96 88 88 2 72 51 8 86 48 33 47 1
15 27 8 80 30 32 45 77 67 64 28 41 17 88 35 75 46 85 26 55 45 4
16 73 100 26 87 70 73 23 60 58 25 10 67 27 68 12 29 82 33 76 100 3
17 1 63 38 58 74 44 11 39 75 25 61 33 59 25 74 34 43 18 33 98 3
18 50 4 86 19 23 41 59 64 62 52 70 86 25 48 60 23 18 31 37 36 4
19 53 29 41 96 38 62 34 37 18 17 15 27 21 26 66 35 41 56 53 88 1
20 25 76 21 75 10 81 6 88 69 70 85 61 79 74 53 24 46 83 81 62 3
21 26 35 87 1 47 68 100 34 51 88 11 50 23 86 83 93 90 41 38 62 1
22 51 95 4 54 48 4 1 63 66 58 33 35 60 5 84 9 89 74 3 68 2
23 19 74 12 56 96 39 89 13 94 73 17 79 36 69 83 1 64 34 19 20 1
24 20 92 65 10 9 29 54 47 7 89 12 68 23 22 13 51 23 93 66 4 4
25 10 95 82 18 47 32 19 47 46 53 91 92 39 9 50 25 68 91 92 11 2
26 15 9 36 52 64 86 93 29 38 62 68 78 57 88 34 37 49 35 24 86 3
27 59 27 19 65 88 4 56 34 99 36 92 46 42 46 68 62 82 35 41 18 1
28 41 9 54 31 66 54 79 76 59 50 44 70 27 70 10 73 56 32 23 54 1
29 76 54 92 25 1 95 17 74 80 19 12 69 54 42 79 38 91 20 79 59 2
30 44 17 9 47 81 78 46 100 46 88 81 95 66 73 19 43 66 7 13 91 3
31 59 83 84 69 16 48 49 34 31 38 68 68 67 47 16 25 58 68 5 80 3
32 95 31 24 61 60 92 89 22 41 3 77 5 2 6 57 61 18 30 79 83 1
33 46 36 83 27 27 9 72 100 26 49 1 9 32 93 46 43 18 49 12 1 4
34 39 11 95 10 52 8 8 7 42 7 90 29 51 16 61 7 21 68 56 18 2
35 32 64 1 99 61 25 30 60 5 4 42 50 42 6 83 56 97 24 47 9 2
36 88 27 17 10 53 84 82 67 48 41 3 11 20 63 51 90 85 34 33 84 1
37 14 96 67 62 27 29 80 95 15 39 90 98 17 4 99 9 98 19 67 76 2
38 42 67 94 2 39 44 91 79 6 49 91 95 86 30 32 18 71 89 51 99 1
39 39 74 3 32 68 91 32 49 1 28 10 16 55 35 39 96 60 94 22 29 1
40 31 74 36 57 32 31 37 6 12 25 49 57 1 52 29 66 2 52 28 93 1
41 1 49 57 31 22 6 86 88 92 55 38 29 20 19 94 33 79 95 48 98 3
42 5 65 33 24 70 90 98 49 60 48 92 76 24 72 3 90 91 74 77 76 2
43 86 1 31 23 75 54 20 84 88 73 40 33 85 55 21 35 33 8 25 39 3
44 90 18 6 97 15 75 23 54 89 66 98 26 13 5 38 95 92 8 44 47 4
45 54 62 67 64 79 67 92 69 78 70 1 93 15 99 10 77 47 78 67 45 2
46 64 69 44 7 25 38 5 76 71 69 93 98 25 18 7 79 88 86 100 77 2
47 92 57 76 39 53 14 37 96 25 83 83 12 74 86 43 29 96 22 71 96 3
48 24 74 36 5 57 43 69 74 14 41 31 15 68 71 41 12 13 49 11 46 4
49 77 71 53 90 30 100 6 11 57 41 10 97 83 77 63 51 60 99 4 67 2
