4 50
514 446 450 491 
0 83 93 68 11 44 30 21 48 38 13 82 63 89 28 55 66 46 21 42 59 4
1 44 69 60 4 69 46 85 81 54 94 39 18 71 86 26 60 27 21 11 91 3
2 69 79 78 50 78 20 79 91 60 79 83 89 22 48 70 82 53 58 8 63 3
3 33 20 10 75 94 21 71 76 99 3 28 41 55 10 87 27 98 97 39 39 3
4 19 97 87 48 64 98 32 41 41 73 29 3 88 15 36 21 69 76 73 52 2
5 2 3 11 49 11 4 20 50 74 61 62 66 76 10 74 9 4 92 49 38 4
6 19 66 67 1 24 27 72 54 53 82 76 11 36 10 57 30 37 20 98 20 4
7 69 21 9 59 50 98 82 36 39 80 85 17 53 53 4 77 16 20 83 3 1
8 20 22 80 89 33 55 85 30 94 90 31 96 23 87 47 4 12 15 3 34 4
9 92 95 52 42 21 96 89 43 54 1 76 70 19 16 18 33 20 24 51 98 1
10 96 53 81 91 73 38 58 76 2 90 89 56 33 56 43 87 37 61 72 92 1
11 64 8 29 19 1 29 66 40 83 44 82 83 50 79 88 13 97 19 44 54 2
12 96 5 57 56 17 98 78 49 21 55 13 69 90 100 15 82 78 61 1 62 1
13 19 81 60 20 8 66 49 5 55 5 15 68 30 54 19 20 56 75 97 52 1
14 80 42 53 76 25 11 90 37 82 46 87 77 32 94 17 55 77 14 73 24 1
15 29 90 74 12 26 27 79 49 62 71 99 92 49 69 37 80 85 17 16 25 3
16 67 38 20 25 64 11 17 98 23 23 80 1 59 4 41 36 66 6 88 22 3
17 47 33 84 28 12 22 49 9 99 13 12 63 27 8 29 92 42 26 59 4 2
18 96 78 32 1 69 15 5 38 35 6 1 67 75 83 45 38 97 28 73 7 4
19 23 3 19 78 8 44 4 11 17 59 2 53 44 53 56 7 29 13 49 9 2
20 3 94 99 1 96 7 92 14 92 60 43 21 99 85 27 49 16 10 9 32 2
21 60 93 21 59 73 26 34 84 32 94 86 76 34 86 64 37 80 53 79 75 2
22 45 13 98 72 50 22 95 81 14 14 93 54 2 75 12 3 13 7 40 76 1
23 81 96 66 70 58 53 51 27 78 20 97 54 21 56 41 21 32 20 14 24 1
24 98 66 43 84 87 3 32 21 92 54 94 59 98 87 96 89 39 71 79 48 1
25 92 61 56 76 29 90 93 5 30 15 64 52 89 87 24 26 70 47 47 64 1
26 13 63 42 6 70 40 91 83 28 90 86 72 41 45 8 18 6 71 53 3 1
27 17 73 85 11 46 42 14 80 60 40 98 27 55 23 25 46 97 92 78 61 3
28 91 99 4 21 8 44 21 66 71 26 55 87 21 97 18 90 86 95 57 85 3
29 26 44 42 15 51 85 67 64 71 42 13 69 74 40 15 97 92 53 69 33 4
30 18 31 83 61 55 92 20 22 24 85 24 73 46 91 43 24 41 62 30 93 1
31 73 21 6 99 38 86 63 72 67 17 17 9 21 24 10 39 29 93 35 72 3
32 17 53 54 83 82 14 19 44 4 82 82 94 75 77 89 50 31 68 41 63 2
33 16 82 53 73 97 63 42 46 96 59 2 20 80 97 53 42 3 95 60 76 3
34 57 5 13 4 70 2 26 1 45 2 55 75 90 94 85 37 44 18 82 7 1
35 90 86 51 21 19 55 80 82 90 83 69 13 94 34 75 61 21 18 28 53 4
36 18 49 47 24 83 6 12 81 54 62 10 99 65 75 44 20 38 33 98 5 2
37 40 62 93 36 45 3 6 69 91 21 49 95 44 29 1 45 35 35 89 34 1
38 36 21 88 56 33 98 85 41 41 43 26 17 30 2 49 62 77 95 36 42 4
39 97 100 61 58 26 17 90 75 95 66 67 14 50 27 34 28 73 31 88 62 1
40 41 80 46 55 42 37 47 12 60 89 4 5 74 72 78 71 48 64 49 44 1
41 51 63 7 45 72 20 36 2 83 7 20 95 82 92 18 32 38 56 42 78 4
42 27 7 63 66 92 32 20 91 100 63 53 70 75 18 98 73 87 27 61 18 2
43 72 7 17 37 61 60 6 90 81 10 11 46 46 97 80 25 28 89 55 29 2
44 32 32 40 11 49 89 57 68 34 6 64 43 20 39 34 61 17 17 24 62 1
45 4 64 17 66 29 69 42 71 88 96 46 88 84 32 77 87 29 75 41 90 2
46 86 15 66 53 47 84 27 22 9 1 7 22 34 48 97 31 48 27 25 39 4
47 14 71 98 53 75 36 59 10 18 91 28 96 28 91 86 31 44 84 11 80 3
48 90 4 10 43 23 73 43 12 19 83 22 76 44 72 21 32 58 69 5 15 3
49 91 21 67 40 44 50 20 61 44 30 87 77 9 73 97 65 37 11 36 2 3
