4 50
1644 2059 2180 1814 
0 63 53 81 71 100 90 18 8 63 13 12 69 93 66 2 89 33 20 6 46 2
1 45 35 22 12 106 96 83 73 8 94 21 7 35 84 40 11 10 2 34 2 4
2 59 49 102 92 36 26 79 69 79 73 43 59 78 16 90 18 88 78 27 60 1
3 82 72 98 88 107 97 23 13 48 6 21 27 60 97 13 15 69 29 35 68 1
4 69 59 40 30 110 100 81 71 52 99 28 25 71 84 23 58 40 53 57 3 3
5 59 49 60 50 68 58 69 59 2 52 65 34 75 85 32 97 92 4 68 90 2
6 38 28 85 75 31 21 86 76 2 10 51 11 77 31 28 19 56 37 97 38 2
7 75 65 52 42 36 26 13 3 19 74 96 32 1 15 51 73 62 4 89 19 4
8 11 1 54 44 104 94 55 45 20 51 78 55 81 21 18 57 30 33 87 62 4
9 61 51 29 19 106 96 74 64 19 11 30 49 15 37 71 80 10 37 10 31 1
10 17 7 63 53 18 8 64 54 73 25 94 82 83 81 22 33 50 89 81 36 1
11 32 22 41 31 49 39 58 48 85 85 88 100 42 16 55 24 12 34 34 21 2
12 72 62 99 89 25 15 52 42 57 63 12 35 52 93 16 13 81 88 63 47 3
13 73 63 21 11 70 60 26 16 99 10 69 50 31 4 3 26 95 47 91 33 3
14 11 1 57 47 96 86 34 24 19 13 20 98 55 26 23 100 52 66 43 90 2
15 23 13 63 53 96 86 36 26 98 15 23 82 40 100 62 31 1 68 99 57 2
16 24 14 91 81 57 47 24 14 62 68 32 66 50 28 53 10 19 9 35 5 3
17 106 96 58 48 19 9 71 61 12 86 57 96 34 29 8 13 43 47 90 46 1
18 57 47 12 2 58 48 13 3 60 57 7 10 40 61 22 30 51 17 22 32 1
19 94 84 54 44 23 13 83 73 89 75 69 82 88 27 51 52 30 78 10 93 3
20 79 69 17 7 64 54 102 92 18 100 94 18 21 62 12 73 63 60 99 73 4
21 50 40 35 25 27 17 12 2 12 84 78 99 20 3 13 79 86 47 32 6 3
22 58 48 69 59 79 69 90 80 51 40 40 66 54 54 24 46 51 68 71 20 1
23 22 12 95 85 59 49 32 22 14 90 1 10 55 36 4 100 76 14 69 11 1
24 15 5 58 48 108 98 51 41 83 61 13 13 53 90 51 22 75 47 35 53 4
25 22 12 83 73 43 33 104 94 54 58 27 38 34 81 54 84 58 88 2 51 1
26 87 77 26 16 72 62 19 9 76 72 95 89 51 83 54 88 19 96 63 37 1
27 21 11 62 52 102 92 43 33 59 35 32 16 47 16 24 48 31 52 61 26 3
28 56 46 90 80 17 7 51 41 15 46 89 96 8 55 18 69 12 97 77 99 3
29 78 68 51 41 23 13 96 86 73 34 15 57 90 94 69 71 63 28 6 9 3
30 64 54 86 76 101 91 23 13 41 52 14 35 59 14 98 83 88 20 65 59 1
31 67 57 20 10 72 62 17 7 34 15 49 96 9 34 12 47 18 44 11 42 4
32 24 14 11 1 97 87 84 74 63 65 40 98 26 39 50 71 64 1 78 13 2
33 57 47 110 100 54 44 107 97 2 78 30 4 35 94 100 26 63 21 44 81 1
34 15 5 102 92 96 86 91 81 2 12 90 39 99 98 27 76 37 31 42 15 4
35 49 39 86 76 22 12 59 49 15 17 99 81 88 31 53 30 72 35 81 69 4
36 92 82 107 97 29 19 44 34 93 44 70 61 76 33 10 35 59 38 76 83 3
37 70 60 106 96 43 33 79 69 39 2 57 43 92 79 81 59 6 74 27 43 1
38 57 47 24 14 98 88 65 55 71 68 2 58 39 39 63 76 26 100 76 19 4
39 57 47 45 35 42 32 30 20 11 92 36 64 47 80 75 96 97 50 55 76 2
40 48 38 55 45 61 51 68 58 77 33 39 57 82 38 89 94 31 10 27 92 2
41 45 35 41 31 38 28 34 24 43 18 53 23 77 99 76 57 77 68 70 2 4
42 35 25 101 91 68 58 26 16 91 81 17 8 27 24 94 58 99 62 23 32 4
43 50 40 103 93 63 53 24 14 83 82 46 46 82 59 9 57 25 26 95 75 4
44 51 41 102 92 60 50 11 1 12 36 10 91 20 9 71 83 52 6 77 68 2
45 91 81 44 34 88 78 41 31 53 2 26 40 52 97 59 88 81 73 11 48 1
46 46 36 28 18 103 93 85 75 3 94 70 22 13 72 30 49 68 93 48 23 2
47 23 13 16 6 100 90 93 83 73 85 23 55 7 15 41 29 78 75 74 1 4
48 24 14 42 32 61 51 79 69 81 55 43 33 17 54 98 44 5 17 25 28 1
49 32 22 77 67 21 11 66 56 82 17 34 23 80 100 24 18 1 87 74 83 2
