4 50
470 519 518 607 
0 63 45 40 63 16 82 93 100 19 25 64 70 75 92 62 97 48 84 20 15 3
1 52 61 60 4 77 38 85 73 84 72 15 10 92 30 3 25 73 9 34 90 1
2 33 99 42 78 42 48 51 19 71 61 18 70 47 4 23 50 100 1 20 4 3
3 97 24 82 71 58 25 35 72 33 42 57 96 70 83 76 7 80 38 90 67 4
4 47 9 15 60 92 10 60 61 32 8 13 37 35 99 61 100 41 80 65 87 4
5 42 91 51 45 59 92 68 46 14 93 76 27 26 26 57 93 28 25 76 89 1
6 15 54 63 81 12 7 68 34 25 61 12 41 93 46 98 96 29 62 37 9 3
7 77 5 9 43 50 90 90 28 51 89 4 99 34 31 58 51 71 55 83 52 4
8 84 74 36 41 97 7 49 82 48 12 7 13 8 32 35 23 61 7 98 97 2
9 68 83 36 38 5 84 65 39 43 4 86 90 82 88 88 34 9 87 82 87 1
10 88 13 81 51 65 98 58 36 2 74 62 43 51 15 96 48 5 26 17 6 3
11 8 24 81 35 45 45 18 56 17 57 33 86 13 6 95 50 82 92 25 92 3
12 12 41 73 84 33 26 94 77 31 79 45 16 82 4 67 25 31 81 25 11 3
13 79 33 20 80 68 18 9 65 100 11 86 71 29 73 19 100 37 37 62 100 2
14 16 98 89 32 53 59 26 93 56 43 94 54 66 60 50 60 89 55 93 16 4
15 33 26 78 48 30 63 83 85 20 8 38 52 44 85 90 16 81 93 70 44 1
16 87 62 32 49 84 35 29 14 95 84 51 78 36 77 17 66 28 81 31 80 3
17 55 93 92 80 28 74 65 69 58 34 91 75 35 62 98 75 78 89 37 14 2
18 4 22 40 45 77 67 13 82 13 34 3 57 47 69 68 9 53 40 43 63 2
19 83 47 71 14 68 88 56 55 19 28 6 40 89 2 81 48 38 88 81 44 1
20 39 50 35 57 32 63 28 70 57 29 31 27 31 53 89 44 85 74 6 60 3
21 92 85 53 43 13 10 66 76 18 45 40 41 69 17 46 90 87 32 97 36 2
22 49 77 2 36 54 86 99 45 51 27 18 98 36 50 27 9 11 23 30 60 4
23 57 60 50 42 34 17 27 99 47 26 81 53 6 79 9 27 10 85 18 73 3
24 34 18 87 36 31 55 76 73 33 33 75 26 59 96 98 76 21 85 72 66 1
25 36 37 8 52 73 66 45 81 78 52 34 37 63 39 86 65 89 52 64 87 3
26 9 55 38 98 58 32 87 75 15 98 18 21 40 74 18 34 54 95 96 69 3
27 93 81 61 19 30 58 90 88 65 8 3 49 66 8 46 83 80 26 36 5 2
28 99 19 12 41 16 64 29 86 56 20 88 10 22 7 75 2 40 92 75 100 3
29 26 64 42 35 51 5 67 84 10 91 15 30 61 95 27 82 88 54 14 80 1
30 62 95 35 25 99 56 72 86 67 99 95 31 39 77 65 23 83 50 87 38 4
31 37 45 70 31 94 18 27 96 97 16 39 35 32 45 1 68 72 9 70 86 1
32 65 9 94 39 30 70 59 100 36 18 17 3 29 32 87 46 80 97 92 67 1
33 76 90 21 73 57 63 2 54 6 65 42 53 34 38 97 54 58 56 77 36 2
34 21 17 77 16 26 14 82 13 86 97 74 31 11 48 58 3 33 81 13 7 1
35 82 42 43 69 3 3 72 38 60 26 77 26 47 10 31 40 50 98 64 22 4
36 58 13 87 88 23 70 52 53 45 40 75 64 67 1 19 58 35 84 11 69 2
37 88 30 41 96 1 63 54 29 62 57 82 89 67 66 24 55 17 52 88 4 3
38 48 5 92 48 45 82 89 25 17 64 1 49 76 39 3 81 18 8 79 30 3
39 81 48 45 98 10 57 74 15 4 25 43 55 57 51 42 60 52 59 85 43 4
40 21 76 26 51 22 25 27 100 71 91 41 1 39 90 81 24 74 39 34 82 3
41 51 35 7 17 72 92 36 74 65 87 9 77 74 21 63 76 41 28 94 51 2
42 83 23 11 82 48 40 76 7 56 23 26 74 28 1 87 63 38 65 90 43 2
43 8 87 53 17 97 48 42 70 72 80 42 5 80 34 18 11 43 32 46 71 1
44 56 4 64 83 73 61 81 40 66 65 38 94 10 96 76 21 46 19 78 83 3
45 96 60 9 62 29 65 42 67 91 76 15 42 87 42 60 51 85 26 75 98 2
46 34 23 14 61 95 100 83 30 68 20 7 3 2 60 61 69 94 99 58 8 1
47 70 43 54 25 31 100 15 82 42 34 15 4 91 26 95 92 100 68 61 96 1
48 50 36 70 75 83 5 3 36 23 2 78 21 91 53 63 46 81 23 68 26 3
49 63 21 39 40 16 50 92 61 75 5 2 12 97 9 33 39 40 53 27 10 2
