4 50
1170 1122 1183 1339 
0 66 73 98 91 9 10 28 28 75 97 23 50 8 89 1 91 24 67 49 77 1
1 12 9 51 44 85 86 24 21 60 36 91 93 71 23 50 65 66 96 81 68 4
2 6 15 91 86 74 64 38 35 66 92 80 84 97 97 36 72 65 29 55 92 2
3 18 20 77 75 26 21 85 76 30 18 93 12 4 63 87 5 75 47 23 41 2
4 43 45 97 96 43 46 97 97 35 97 87 56 74 1 95 36 28 5 51 26 2
5 46 51 1 5 48 52 16 6 61 40 71 53 52 52 63 87 20 80 97 96 4
6 15 18 36 45 65 71 107 98 29 95 65 95 26 29 90 18 78 11 89 21 1
7 56 65 7 3 47 42 85 80 85 34 100 21 100 49 62 38 44 91 95 57 4
8 15 18 92 85 48 51 20 26 22 28 82 63 61 13 85 30 50 73 100 44 3
9 58 67 30 22 73 76 16 23 64 97 65 76 27 35 83 2 40 23 55 52 4
10 71 61 91 99 48 46 89 84 70 71 13 19 76 42 10 54 83 42 21 100 1
11 16 24 30 35 42 45 48 56 92 31 49 60 20 64 33 56 47 18 69 32 1
12 6 9 55 52 102 94 38 45 34 48 40 34 4 61 51 91 71 37 49 39 3
13 28 29 78 68 5 14 47 53 14 78 58 30 67 64 15 77 75 81 96 61 2
14 99 98 21 24 59 59 97 93 58 12 6 44 23 89 41 71 62 21 100 63 3
15 18 22 34 44 50 59 74 81 45 72 45 44 75 92 69 86 49 98 80 60 2
16 37 30 9 17 105 95 77 82 67 1 91 95 69 69 40 27 18 93 42 100 3
17 59 65 51 60 62 54 54 49 31 37 77 76 42 68 69 88 7 66 32 95 1
18 38 30 46 53 67 67 96 90 30 58 56 24 56 80 12 25 37 22 5 94 3
19 88 79 48 46 21 12 89 87 12 73 52 88 31 7 14 7 38 17 79 48 3
20 75 66 67 73 80 79 93 86 28 42 23 22 1 34 53 16 44 68 20 20 4
21 19 13 81 71 38 38 1 4 41 85 53 15 60 6 35 1 99 19 89 40 1
22 73 81 23 32 100 90 42 41 89 19 52 79 93 61 34 51 41 3 77 89 4
23 16 16 88 98 81 73 61 55 28 84 29 91 74 27 4 17 17 41 57 84 3
24 104 94 21 12 38 31 55 49 37 41 40 6 17 49 78 57 40 1 29 35 3
25 93 93 1 8 40 30 53 45 42 37 64 46 13 23 39 77 77 63 27 14 2
26 31 35 67 70 22 12 37 47 38 55 16 37 7 44 39 17 3 74 71 7 3
27 76 69 15 7 43 46 74 76 29 85 52 5 34 85 56 37 42 74 36 91 2
28 4 7 19 29 55 52 70 74 57 67 61 25 9 40 15 49 66 20 9 95 4
29 40 36 17 15 94 85 63 56 12 30 33 56 97 70 51 14 72 13 25 25 2
30 94 91 26 21 42 44 74 74 63 57 75 14 70 70 40 66 40 12 44 96 4
31 43 41 18 19 1 6 97 92 37 97 11 48 85 82 83 53 92 83 63 36 4
32 19 9 48 39 69 70 98 100 41 37 81 5 15 26 81 86 94 23 17 12 1
33 56 58 40 49 35 31 19 22 93 65 64 65 57 100 21 89 10 11 57 21 2
34 11 17 18 16 4 14 11 13 21 53 57 91 62 68 90 18 18 46 9 49 1
35 82 82 21 17 37 43 76 78 13 47 45 40 7 80 81 56 95 32 23 27 3
36 1 1 87 84 55 58 46 41 76 84 100 14 95 39 57 47 63 98 97 98 1
37 12 14 82 80 39 47 9 13 43 64 36 57 99 72 11 54 99 4 22 85 1
38 55 49 94 84 33 26 51 61 94 20 54 41 75 81 52 68 99 94 93 94 2
39 100 92 47 50 17 9 64 67 6 31 35 32 31 29 70 18 12 40 5 70 3
40 70 60 42 35 4 9 76 84 38 46 92 53 44 98 41 58 30 64 68 14 4
41 10 19 1 1 68 76 50 58 64 82 40 23 43 34 32 92 82 11 50 28 2
42 72 79 31 38 6 4 65 63 75 23 77 56 47 100 23 25 67 46 24 44 3
43 81 83 1 5 46 36 64 58 55 67 93 81 11 56 68 97 7 58 86 100 2
44 79 80 49 59 40 37 10 16 71 87 45 32 2 69 77 86 76 30 83 8 3
45 15 12 16 14 17 17 18 11 79 51 43 100 93 27 47 18 31 78 15 82 2
46 95 95 31 33 69 72 1 2 23 26 27 31 6 21 41 74 29 5 12 78 3
47 75 83 64 57 34 40 23 14 74 20 42 69 15 72 55 36 83 54 15 51 1
48 12 8 46 39 67 77 14 8 10 65 62 41 7 46 5 88 50 38 61 43 2
49 32 29 38 40 44 50 71 61 15 70 44 73 39 28 4 57 68 83 100 99 2
