4 50
2198 2116 2132 1907 
0 41 31 59 49 78 68 96 86 99 7 32 71 31 30 42 38 49 2 58 23 1
1 103 93 80 70 64 54 41 31 68 100 33 32 29 6 54 63 36 99 54 86 1
2 105 95 40 30 82 72 17 7 85 22 35 23 43 48 67 77 39 42 38 94 4
3 40 30 48 38 65 55 73 63 11 44 36 90 15 75 65 49 97 45 40 78 4
4 107 97 78 68 48 38 19 9 82 1 99 48 97 34 34 51 55 72 96 23 4
5 105 95 14 4 14 4 23 13 20 95 35 42 38 85 16 72 3 90 30 37 2
6 32 22 87 77 33 23 88 78 77 62 22 36 92 64 57 59 76 71 17 30 2
7 25 15 110 100 86 76 63 53 43 87 5 22 91 22 7 97 85 10 85 11 1
8 29 19 80 70 30 20 73 63 35 27 63 64 20 2 42 29 42 38 90 100 3
9 99 89 75 65 44 34 20 10 69 13 51 1 84 90 29 19 71 66 54 24 3
10 103 93 57 47 104 94 58 48 13 64 57 15 7 20 24 60 60 17 56 34 3
11 46 36 55 45 63 53 72 62 96 31 56 44 38 1 72 65 75 40 54 39 1
12 46 36 73 63 99 89 26 16 28 67 29 1 12 95 7 31 51 77 95 76 2
13 59 49 15 5 64 54 12 2 62 77 73 48 1 9 97 47 52 71 39 15 4
14 41 31 79 69 18 8 64 54 49 10 25 22 100 5 93 80 54 100 62 62 3
15 77 67 17 7 50 40 90 80 99 81 71 55 41 95 100 95 26 23 51 91 2
16 94 84 69 59 35 25 102 92 34 58 32 39 29 38 2 3 84 59 73 7 3
17 52 42 104 94 57 47 17 7 55 52 18 54 50 28 29 9 81 41 82 91 3
18 51 41 98 88 52 42 99 89 12 86 44 75 13 99 65 3 61 51 72 81 2
19 12 2 80 70 41 31 109 99 74 54 57 28 13 83 7 31 79 2 37 34 2
20 69 59 107 97 54 44 92 82 25 66 72 17 27 41 29 54 38 25 53 41 2
21 88 78 73 63 65 55 50 40 33 13 54 89 22 30 88 77 54 58 44 94 4
22 32 22 43 33 53 43 64 54 89 40 20 89 22 41 62 84 84 97 21 40 3
23 92 82 65 55 37 27 102 92 69 53 48 83 69 42 65 32 30 72 91 30 4
24 57 47 108 98 50 40 101 91 41 1 9 43 42 41 68 25 61 39 90 91 1
25 96 86 57 47 17 7 78 68 17 99 89 99 96 34 21 24 7 100 64 93 1
26 69 59 16 6 54 44 101 91 87 32 46 45 86 62 46 77 61 91 75 66 4
27 11 1 52 42 92 82 41 31 18 39 97 83 39 11 30 5 70 49 15 99 3
28 90 80 24 14 51 41 85 75 87 50 82 10 66 75 62 22 24 40 65 70 4
29 32 22 105 95 77 67 50 40 31 75 87 9 93 39 22 80 54 72 66 58 3
30 18 8 40 30 63 53 77 67 39 51 4 43 10 17 100 8 60 57 42 11 1
31 77 67 22 12 74 64 27 17 62 84 16 35 98 38 89 47 36 98 100 6 4
32 110 100 97 87 75 65 62 52 15 24 7 64 38 59 94 9 71 91 48 26 4
33 83 73 36 26 80 70 25 15 34 92 59 56 20 79 29 25 3 83 71 68 1
34 97 87 92 82 86 76 73 63 33 85 11 49 62 20 10 92 79 12 9 10 3
35 19 9 56 46 92 82 21 11 41 1 62 42 60 67 70 12 54 55 61 25 3
36 54 44 77 67 99 89 14 4 29 88 93 75 5 52 28 58 30 47 3 99 2
37 32 22 68 58 105 95 41 31 27 57 83 36 39 42 88 39 86 12 51 13 4
38 19 9 94 84 60 50 27 17 23 44 32 98 48 7 9 100 59 11 42 77 3
39 39 29 35 25 24 14 20 10 57 26 59 72 8 52 32 73 38 32 13 94 4
40 78 68 85 75 91 81 98 88 43 16 9 10 2 13 86 24 45 90 70 88 2
41 87 77 83 73 80 70 76 66 47 77 92 26 88 62 45 64 44 52 19 39 1
42 69 59 35 25 94 84 60 50 14 91 15 63 3 99 32 57 52 57 61 86 1
43 48 38 109 99 69 59 22 12 21 76 59 73 59 18 3 85 28 35 43 56 3
44 97 87 48 38 106 96 57 47 31 60 43 51 7 31 5 94 19 54 7 17 1
45 93 83 46 36 98 88 43 33 42 100 95 70 48 42 83 15 30 15 61 29 3
46 104 94 78 68 61 51 35 25 3 80 34 36 22 98 88 42 39 40 7 31 1
47 37 27 30 20 22 12 107 97 47 6 43 39 9 36 17 81 77 38 71 33 3
48 94 84 12 2 31 21 49 39 30 81 38 80 6 36 54 90 28 51 81 75 2
49 90 80 35 25 79 69 24 14 13 37 63 39 29 95 65 73 100 79 64 39 2
