4 50
514 595 536 500 
0 55 55 66 73 85 92 17 10 27 78 96 68 12 100 78 29 85 52 77 100 2
1 51 47 77 82 16 16 50 59 87 30 69 59 75 88 10 76 18 35 75 97 3
2 15 9 79 80 54 50 18 21 97 67 99 97 94 65 47 80 67 35 62 23 4
3 18 22 77 77 13 23 72 78 33 36 71 42 23 53 11 75 69 32 94 39 2
4 5 3 43 46 97 96 43 47 87 65 87 10 10 25 78 15 87 73 6 19 4
5 37 37 84 83 39 38 86 84 41 24 5 96 71 57 60 68 82 17 92 65 4
6 71 68 92 95 13 21 42 48 70 95 41 2 77 60 56 100 95 75 96 27 2
7 73 63 3 1 43 40 73 78 38 84 66 56 51 47 32 73 20 4 80 54 3
8 88 92 65 59 29 33 106 100 51 53 38 7 66 84 45 14 88 31 81 79 2
9 49 45 84 92 56 46 91 93 57 65 24 54 63 76 87 10 38 48 78 68 1
10 59 63 16 9 57 48 93 94 30 43 1 63 83 87 14 39 66 62 29 97 2
11 35 38 49 49 61 59 67 70 25 29 83 62 41 13 50 48 93 14 15 71 3
12 5 7 62 58 109 100 45 51 45 25 1 50 90 7 19 94 73 10 2 84 4
13 30 23 72 62 1 8 41 47 44 9 36 66 83 81 37 56 99 32 33 78 4
14 29 36 67 70 97 97 35 31 66 95 52 18 93 42 57 33 14 22 57 35 2
15 40 48 77 70 101 93 17 7 52 87 75 42 88 13 44 45 33 92 73 26 4
16 58 56 35 35 26 21 11 8 56 56 21 51 90 41 25 100 32 56 99 74 3
17 62 67 54 62 57 48 49 43 49 45 5 10 97 91 71 83 5 34 3 5 3
18 82 88 3 3 32 25 40 48 14 96 57 9 3 56 42 27 70 88 85 38 2
19 38 29 90 96 71 62 31 37 3 4 21 44 9 18 81 66 31 18 32 15 1
20 95 100 8 7 21 13 13 20 26 33 63 20 71 52 19 31 70 86 46 95 4
21 31 23 72 81 50 48 7 14 79 9 43 6 85 93 36 33 69 82 59 9 1
22 64 55 14 6 70 64 12 15 61 54 19 71 86 34 29 51 15 4 68 62 3
23 10 2 82 84 54 59 34 41 61 49 27 29 51 16 53 88 70 39 52 94 1
24 67 60 84 78 101 97 5 15 48 66 73 9 21 8 3 44 55 68 25 2 1
25 54 63 88 78 93 92 6 7 51 18 59 51 14 96 16 39 99 2 17 74 2
26 48 57 92 100 26 34 83 77 77 25 66 15 64 37 1 15 50 80 24 25 4
27 52 55 99 93 40 32 58 62 97 73 11 55 26 33 32 86 85 53 58 27 3
28 85 77 100 99 15 22 43 44 53 38 58 97 86 88 88 79 11 9 45 11 1
29 11 6 88 85 65 55 34 26 61 40 13 4 29 48 9 60 28 46 14 95 3
30 63 61 87 91 19 22 51 52 81 18 45 73 48 70 40 30 59 60 51 40 3
31 74 83 70 69 53 56 36 42 95 96 5 25 6 54 9 65 91 6 32 50 2
32 38 47 67 77 9 8 38 38 89 8 58 69 76 91 77 45 41 15 87 69 1
33 27 20 3 3 98 93 74 76 59 20 58 2 4 94 91 97 80 28 26 20 2
34 57 51 43 50 42 48 49 47 85 19 24 17 64 14 13 100 76 22 45 97 3
35 7 12 46 39 83 73 93 100 9 21 93 25 14 27 67 67 66 75 47 13 1
36 88 79 50 54 26 36 17 19 19 97 17 72 80 43 65 67 81 1 26 36 1
37 50 44 7 10 77 77 47 43 85 45 42 60 34 68 14 51 66 25 30 45 1
38 52 55 83 90 30 32 69 67 47 98 31 92 82 53 50 38 44 3 38 41 3
39 89 86 36 44 6 3 53 61 56 58 23 31 85 33 61 47 55 65 84 55 2
40 38 34 2 9 93 83 65 58 68 91 40 78 58 81 88 86 84 59 95 5 1
41 20 29 2 11 78 86 73 68 64 37 87 48 82 38 98 46 1 50 1 89 4
42 76 77 35 36 102 94 61 53 68 78 46 53 50 13 88 74 45 51 67 27 1
43 20 17 46 47 72 78 90 100 78 36 17 96 51 68 81 17 42 20 94 4 4
44 85 90 63 69 54 47 24 26 87 73 35 89 67 31 60 29 93 91 67 49 3
45 106 98 107 100 87 95 88 97 62 33 7 54 43 97 87 47 59 87 42 95 2
46 86 89 22 27 52 58 88 96 54 52 55 80 14 76 53 11 78 99 42 72 4
47 67 69 43 51 34 34 2 8 23 88 99 74 73 62 85 76 28 87 66 1 1
48 52 58 94 97 20 27 62 66 16 86 48 41 17 43 50 26 17 83 20 38 4
49 89 79 95 90 101 100 7 11 46 93 58 45 99 28 45 38 63 24 84 21 1
