4 50
1348 1316 1223 1183 
0 97 67 82 85 58 4 35 22 88 30 45 94 30 3 87 43 15 53 93 54 4
1 94 15 2 58 19 92 27 35 70 13 72 77 79 30 91 47 32 22 15 47 3
2 87 61 88 40 96 10 97 81 18 68 78 54 1 23 96 97 23 16 29 89 3
3 47 22 24 77 8 23 85 70 90 16 66 6 16 27 12 29 39 64 56 74 2
4 1 91 77 42 46 84 22 35 69 28 39 57 15 79 23 45 88 94 87 39 3
5 28 5 37 51 45 6 54 52 62 86 34 93 13 32 51 36 21 98 82 86 4
6 21 80 77 7 26 33 74 60 7 3 85 37 100 23 24 12 47 83 99 88 3
7 23 83 55 21 96 60 36 98 74 89 4 33 73 65 89 40 58 9 29 61 3
8 38 96 98 63 51 37 3 4 72 90 65 7 66 93 62 61 13 47 80 100 4
9 50 97 18 44 79 98 47 53 73 27 83 99 13 63 95 9 53 21 93 1 2
10 50 23 35 61 27 8 12 46 67 66 13 56 58 92 54 95 95 75 45 93 2
11 38 50 3 61 75 71 48 82 64 87 25 10 35 71 21 38 41 81 18 8 1
12 38 91 99 42 59 84 20 35 35 56 44 39 40 23 52 33 38 27 33 88 4
13 89 51 30 98 78 36 19 83 65 46 59 14 97 90 75 45 18 67 48 96 3
14 62 72 35 98 7 33 72 59 82 66 38 92 5 5 65 67 14 41 41 34 4
15 23 72 76 94 28 9 73 31 21 27 24 70 50 69 52 17 1 79 39 15 2
16 61 84 6 63 58 49 3 36 6 85 26 53 86 68 24 93 12 16 73 65 2
17 85 3 22 98 58 92 95 87 42 11 67 75 19 40 23 33 4 56 33 45 4
18 42 60 78 75 15 97 51 12 45 82 56 91 77 57 80 95 16 16 80 77 1
19 93 85 89 52 78 26 74 93 61 54 34 83 28 69 92 41 76 15 100 69 4
20 89 20 85 27 82 33 78 40 44 73 99 45 35 27 96 94 23 67 27 65 1
21 94 51 47 17 7 76 68 42 56 36 37 89 45 13 43 14 60 60 7 82 2
22 47 31 100 90 44 40 97 99 32 70 93 11 35 4 35 18 92 19 85 67 2
23 43 10 28 92 20 67 13 49 75 86 38 33 100 52 24 92 36 58 4 66 2
24 76 48 29 66 73 85 18 3 85 68 55 22 92 57 93 8 3 5 44 7 2
25 66 19 30 34 3 56 67 71 22 40 33 78 61 6 6 12 71 39 74 97 4
26 19 17 48 60 68 94 97 37 45 45 18 46 66 91 7 87 15 5 42 21 4
27 75 19 43 57 12 88 72 26 23 87 80 65 40 61 70 9 48 70 97 53 2
28 33 97 46 19 58 42 71 64 41 31 61 56 83 90 25 88 42 66 12 84 2
29 76 34 84 5 1 75 9 54 48 44 66 12 65 17 93 31 34 42 79 84 2
30 92 53 57 83 29 14 94 36 81 87 38 33 62 51 68 79 27 62 45 10 1
31 95 51 28 37 52 24 85 10 31 42 73 59 2 47 90 21 93 26 56 68 1
32 47 75 76 5 12 36 41 66 67 25 95 23 12 82 1 7 62 60 74 4 4
33 78 36 23 19 67 9 4 100 59 51 80 78 44 33 93 31 5 78 84 7 3
34 83 99 39 6 88 4 44 3 48 35 99 29 17 24 28 23 12 43 88 2 2
35 48 16 9 43 69 77 38 12 2 56 38 85 95 37 82 81 75 1 78 28 3
36 48 63 77 46 13 20 42 3 35 53 35 42 92 2 5 39 62 97 83 21 2
37 58 36 19 2 71 69 32 35 4 27 21 85 57 93 19 60 70 69 52 17 4
38 38 75 82 18 35 52 79 95 83 67 3 45 12 75 18 37 10 74 69 80 1
39 47 34 11 92 76 51 40 1 43 66 46 34 24 92 59 81 92 57 11 10 1
40 51 86 48 61 52 35 57 10 60 46 84 2 56 53 92 100 70 40 24 55 2
41 1 77 65 51 22 34 86 8 98 76 77 53 66 54 71 42 42 1 50 62 2
42 49 49 85 16 14 74 42 33 22 94 1 99 40 17 15 42 49 20 61 88 1
43 50 13 95 43 39 74 84 96 16 53 51 32 17 60 76 34 79 76 38 71 1
44 66 46 82 25 91 3 99 82 48 52 85 65 97 28 80 14 53 34 32 10 4
45 54 66 67 68 79 71 92 73 98 54 93 40 34 74 43 47 85 88 33 88 4
46 16 61 96 91 77 30 57 68 88 40 97 76 75 66 18 51 75 67 81 70 2
47 36 93 20 67 97 50 81 24 22 43 75 77 59 22 31 22 87 87 50 73 2
48 64 42 76 73 97 11 9 42 94 77 93 22 56 33 100 39 75 3 23 41 4
49 5 71 81 90 58 100 34 11 48 71 58 96 41 8 61 50 55 34 31 3 2
