4 50
1926 2263 2033 2044 
0 9 59 86 77 70 96 47 14 19 6 20 25 41 95 57 86 93 54 17 93 1
1 78 39 94 74 3 8 19 51 60 36 97 66 1 95 62 84 91 66 51 15 2
2 23 57 24 28 32 6 33 77 82 43 66 19 57 51 93 82 32 42 63 46 3
3 75 22 52 77 36 23 13 78 23 51 30 24 38 63 7 82 53 78 85 15 1
4 89 27 65 78 34 28 2 79 78 48 43 26 15 62 30 21 59 48 72 29 4
5 52 21 61 75 69 22 78 76 44 22 24 82 75 80 1 48 54 43 11 18 4
6 53 36 1 63 50 89 6 16 30 37 40 100 74 57 29 71 35 39 70 20 3
7 7 39 47 77 88 16 20 54 23 11 69 73 98 60 75 45 74 94 62 71 1
8 98 96 50 63 3 29 63 4 4 46 81 11 65 53 77 36 53 18 20 77 1
9 30 29 90 76 59 30 27 77 20 42 70 99 41 18 39 62 77 23 82 43 1
10 74 83 67 29 51 68 44 14 4 60 27 99 18 10 56 70 63 51 87 11 3
11 46 78 19 89 83 99 56 10 76 19 15 45 83 62 100 84 98 43 52 14 1
12 58 71 19 22 79 64 40 7 72 53 57 39 1 70 90 76 32 57 46 28 4
13 49 27 90 74 30 20 79 59 89 27 59 89 76 8 74 34 65 55 75 12 3
14 18 48 91 82 63 9 36 43 18 56 7 3 2 74 78 64 85 69 22 35 3
15 15 20 60 42 12 65 65 87 13 100 80 64 83 1 36 64 32 50 16 45 4
16 97 96 42 83 94 69 39 48 36 29 16 96 34 74 41 45 2 67 55 66 4
17 45 79 82 74 18 68 55 55 28 3 79 4 58 71 75 71 98 86 48 27 4
18 18 76 54 99 91 13 27 36 96 58 76 63 68 87 48 48 33 9 17 47 3
19 61 9 49 84 46 50 34 17 28 77 17 67 18 28 53 86 47 37 39 80 3
20 77 12 73 19 70 17 66 24 97 32 77 37 68 45 81 93 16 31 41 66 3
21 50 99 3 57 63 24 24 90 24 7 47 46 12 79 95 93 99 42 83 69 3
22 31 83 84 34 36 92 81 43 38 30 51 8 50 80 93 82 26 7 92 66 1
23 23 38 16 20 8 95 93 77 46 71 29 77 91 55 76 7 12 34 46 40 2
24 24 56 69 74 13 93 58 11 4 88 85 36 45 8 40 84 75 97 66 13 1
25 74 15 46 30 11 44 83 59 10 52 36 10 61 42 76 19 90 31 15 29 2
26 51 49 72 84 100 26 29 61 42 40 16 10 56 75 59 11 34 27 82 83 3
27 63 79 31 9 92 48 60 86 57 67 70 35 11 33 60 86 57 93 19 82 3
28 1 17 14 39 26 62 39 84 87 14 27 57 74 52 9 85 4 19 27 98 3
29 68 54 76 25 93 95 1 66 62 41 55 43 40 70 93 89 41 17 15 88 3
30 92 97 65 19 29 50 2 80 31 89 86 22 28 37 91 70 34 96 46 81 2
31 47 39 80 25 12 12 37 98 7 64 45 18 74 49 59 64 26 13 39 63 3
32 71 59 100 89 36 20 65 50 5 1 74 97 33 50 9 8 59 82 45 6 4
33 30 20 67 11 11 1 56 84 56 98 44 28 9 40 87 35 66 99 30 3 4
34 43 67 99 66 56 64 12 63 36 2 84 34 97 37 98 74 1 39 26 69 3
35 88 8 57 43 17 77 86 4 20 63 87 42 58 97 72 1 20 51 56 83 4
36 88 7 17 82 53 64 82 47 7 4 26 83 19 4 13 59 82 31 34 16 3
37 58 72 11 38 71 5 24 71 74 13 44 58 53 14 99 70 67 13 26 35 1
38 6 23 58 66 11 8 55 43 43 51 57 42 61 87 55 78 4 94 97 13 4
39 95 66 59 24 24 83 80 41 21 13 49 93 55 79 10 23 92 43 13 28 4
40 23 18 28 93 24 67 29 42 75 43 90 62 77 6 50 13 61 83 61 73 1
41 1 81 65 55 30 38 86 12 61 1 53 99 46 31 35 23 77 63 73 11 2
42 33 1 69 60 98 18 26 85 5 5 54 99 42 63 60 32 84 77 6 7 4
43 98 85 43 15 87 38 32 68 30 12 3 48 21 24 71 18 19 83 5 36 4
44 70 42 86 21 95 99 3 78 26 48 4 40 55 20 88 15 44 85 95 61 4
45 70 90 83 84 95 87 16 89 61 19 19 76 96 29 88 38 45 5 97 68 3
46 16 13 96 51 77 82 57 20 47 78 74 72 30 47 59 2 55 88 28 1 3
47 20 13 4 87 81 70 65 44 73 51 86 75 39 51 41 100 25 3 92 79 3
48 16 22 36 53 57 91 69 22 68 94 37 40 80 11 59 6 54 89 38 75 2
49 17 71 93 90 70 100 46 11 25 66 1 27 73 17 62 15 28 2 32 39 1
