4 50
1282 1280 1341 1185 
0 93 99 25 17 36 36 55 54 74 60 84 91 76 4 10 63 43 70 67 70 1
1 45 55 92 98 39 32 65 75 82 12 75 95 14 7 12 77 65 14 5 40 1
2 36 33 13 4 67 74 52 45 32 16 18 89 79 71 66 6 39 10 47 97 3
3 36 26 74 73 31 27 82 74 77 51 55 16 32 22 38 41 45 77 12 6 1
4 67 59 5 2 59 52 5 3 57 42 23 66 42 35 92 56 63 13 87 5 3
5 50 49 97 95 44 50 1 4 82 60 89 36 98 38 76 36 28 83 26 3 4
6 1 4 44 39 65 65 94 92 25 11 29 60 71 7 58 11 88 31 64 49 1
7 8 3 38 41 86 88 16 26 90 55 91 26 17 75 80 93 93 11 86 41 3
8 54 44 10 11 87 77 43 44 34 56 31 32 92 40 78 83 36 51 26 16 4
9 65 65 16 20 72 66 23 21 79 83 60 44 55 81 43 47 78 52 5 17 4
10 96 91 37 29 73 76 14 14 32 56 71 54 46 56 21 57 93 11 75 35 2
11 80 82 94 93 1 3 12 14 68 90 82 57 92 22 15 20 21 33 40 40 2
12 19 23 68 66 23 16 51 59 42 73 50 63 33 100 80 85 78 72 49 86 3
13 53 51 90 98 38 44 80 83 59 49 100 86 48 31 70 75 19 68 25 97 2
14 71 76 1 2 31 37 61 63 65 57 41 59 13 24 67 66 26 25 89 35 4
15 38 40 62 62 70 77 94 99 87 39 1 94 100 21 29 94 62 29 23 13 4
16 101 92 78 71 61 57 54 44 28 15 11 83 11 43 56 51 24 32 54 76 4
17 103 95 95 90 85 84 69 71 56 56 17 89 88 59 95 82 69 32 16 61 4
18 51 48 80 71 88 93 9 8 98 89 73 64 19 50 39 59 3 72 19 86 2
19 106 97 66 64 47 38 7 5 80 20 7 3 63 57 26 1 1 39 70 43 3
20 52 48 65 55 49 53 62 60 39 3 62 36 68 54 56 22 57 7 32 69 3
21 65 55 22 21 84 80 41 46 10 70 51 43 24 97 48 88 29 41 16 8 1
22 56 63 19 14 75 72 25 23 43 11 23 16 38 29 20 67 65 80 87 56 4
23 1 2 71 76 64 59 36 33 92 21 24 15 75 76 97 37 39 18 6 32 1
24 20 12 37 30 62 57 66 75 44 86 32 45 86 41 15 3 57 14 30 73 2
25 36 35 41 50 54 64 80 79 84 24 22 20 79 92 93 31 50 1 11 95 2
26 83 81 19 16 61 58 89 93 36 3 36 40 13 3 54 38 52 13 94 100 1
27 21 23 68 61 109 100 35 38 99 10 43 35 1 90 29 84 33 88 25 16 3
28 10 17 46 39 53 62 89 84 67 8 84 93 16 61 97 22 92 1 48 34 4
29 40 46 17 25 94 95 63 66 39 87 3 95 71 75 99 99 44 86 38 55 4
30 61 69 93 99 38 30 70 60 97 78 5 3 58 42 100 54 17 28 44 86 3
31 1 3 89 89 64 68 47 54 59 39 27 56 52 65 8 1 5 96 84 2 4
32 77 79 19 9 48 40 69 70 61 81 37 52 68 54 36 72 23 55 16 40 4
33 14 12 103 95 85 85 61 68 36 25 58 33 82 81 1 69 11 62 33 98 1
34 33 23 19 22 18 20 25 19 11 68 95 8 79 66 91 35 13 94 98 27 1
35 51 60 90 87 27 21 45 48 42 3 18 100 98 44 47 27 95 66 98 89 2
36 78 87 61 62 37 44 20 19 64 91 21 92 90 56 96 32 84 12 10 82 1
37 58 48 7 14 85 81 55 47 51 41 30 46 24 8 47 61 67 12 50 58 1
38 91 87 38 30 69 64 16 7 94 7 89 87 68 24 32 9 40 27 50 5 4
39 74 66 21 24 83 75 30 33 29 98 76 47 62 46 75 60 39 12 87 42 4
40 44 54 37 29 1 3 71 78 83 94 5 21 64 3 18 11 92 66 67 85 1
41 10 13 84 87 60 62 42 44 39 52 43 14 71 54 87 70 45 3 14 69 1
42 41 37 100 96 59 54 13 21 65 65 75 30 75 21 91 6 16 56 69 84 1
43 64 69 90 99 29 22 55 52 2 100 51 84 7 55 65 58 36 96 30 68 3
44 70 66 48 45 18 23 9 2 11 62 70 64 66 33 76 100 71 93 75 65 2
45 19 10 20 12 21 15 14 9 5 3 25 81 66 82 40 47 97 71 92 63 1
46 55 57 91 87 29 26 65 64 74 18 15 76 9 71 87 94 29 12 4 24 2
47 70 61 38 43 8 18 97 100 94 69 55 31 6 46 70 93 41 93 67 73 2
48 76 70 18 9 44 39 78 70 76 14 61 90 92 66 89 76 49 51 93 74 4
49 71 79 98 90 104 100 10 11 64 42 10 13 91 27 80 50 60 7 4 61 3
