4 50
477 566 506 490 
0 82 81 93 99 12 18 44 36 36 41 100 37 68 73 29 16 2 79 78 94 4
1 92 93 31 28 78 70 4 5 5 52 78 62 91 81 51 66 15 45 8 1 1
2 29 19 93 90 76 68 40 39 17 39 59 35 71 62 88 36 29 98 17 48 4
3 15 20 74 75 23 21 69 76 59 65 89 37 20 5 70 19 44 93 65 29 1
4 1 9 67 60 5 2 59 53 77 19 39 81 43 8 92 25 88 47 76 89 1
5 33 27 88 81 35 28 82 82 87 15 13 35 11 61 35 49 90 26 85 49 4
6 63 54 71 81 13 7 34 34 77 57 89 84 61 71 60 15 74 13 31 58 2
7 4 9 42 47 95 86 33 24 29 7 62 54 4 46 71 4 83 4 47 36 4
8 19 18 83 85 68 59 24 26 12 86 54 7 66 76 27 64 89 31 76 57 2
9 35 43 91 90 42 44 98 91 54 92 54 57 99 37 46 4 54 13 64 21 1
10 84 93 41 39 82 78 18 24 97 79 46 6 88 4 20 84 21 63 42 98 1
11 99 96 13 7 17 17 31 28 96 83 97 30 1 46 74 34 86 56 38 57 3
12 34 29 75 72 30 22 58 65 26 99 87 62 87 16 88 73 22 8 35 74 3
13 55 45 84 92 24 30 74 77 84 9 51 23 24 36 68 43 92 55 27 90 1
14 22 14 39 48 69 75 7 9 72 85 21 27 4 30 63 34 68 36 25 66 4
15 60 66 84 88 8 11 24 33 62 23 35 87 91 93 51 68 17 24 51 2 3
16 6 10 99 97 82 83 75 70 75 99 91 99 74 5 92 28 31 25 15 84 4
17 106 97 90 84 80 78 72 73 15 79 50 69 27 9 65 50 86 82 70 31 3
18 16 6 24 29 53 51 74 66 77 91 35 67 33 26 99 76 50 18 52 58 1
19 56 47 8 14 97 88 49 55 30 44 78 42 41 76 39 21 5 74 64 73 1
20 72 82 85 89 98 95 103 94 35 93 56 78 46 15 92 93 41 46 26 66 4
21 56 65 26 31 96 90 53 56 80 40 90 82 27 15 13 66 74 95 34 3 2
22 47 37 97 88 45 46 95 97 28 65 40 79 88 2 50 5 47 51 93 90 1
23 93 88 65 62 37 45 17 27 14 1 49 95 63 25 23 25 41 76 100 68 1
24 70 78 1 4 33 23 50 41 17 24 85 82 41 80 15 87 74 66 35 93 2
25 1 5 23 20 36 34 41 49 37 86 60 11 79 70 82 89 94 83 10 95 3
26 8 3 44 46 78 80 22 23 72 12 58 3 78 95 98 80 73 36 34 9 1
27 5 9 52 47 93 86 19 24 14 26 37 8 46 73 81 96 22 19 16 78 1
28 83 87 19 9 34 32 49 54 63 2 79 68 64 57 66 94 50 1 85 29 3
29 11 16 96 95 65 65 34 36 49 84 74 45 5 98 67 33 22 59 58 45 3
30 38 47 83 77 15 8 39 38 26 18 66 20 83 95 24 24 14 83 3 70 1
31 45 53 41 31 16 18 1 4 33 50 6 35 16 22 64 88 31 49 97 55 2
32 25 25 46 55 96 86 17 16 22 77 22 49 94 61 37 38 88 51 99 48 3
33 69 66 53 57 48 47 24 30 62 43 22 2 40 23 35 60 12 92 75 47 1
34 50 57 57 56 64 54 50 53 62 59 46 78 21 16 27 74 98 60 40 81 2
35 89 82 15 17 52 51 70 78 98 95 31 10 32 94 53 8 87 52 74 90 4
36 62 57 32 40 21 14 91 97 57 18 42 79 86 71 46 5 18 46 9 76 4
37 75 78 53 44 2 11 80 77 15 84 19 26 45 69 70 85 14 6 27 91 3
38 101 93 27 36 66 70 5 13 3 98 21 98 12 32 43 3 7 35 80 75 3
39 50 60 18 18 59 69 19 27 33 47 56 55 56 37 92 69 91 15 90 84 1
40 33 28 1 3 67 77 60 52 6 24 73 4 28 71 14 44 15 59 72 38 4
41 20 23 94 97 70 72 44 54 72 57 74 98 62 38 79 7 54 29 20 86 3
42 37 27 104 94 42 52 9 11 29 30 51 71 62 31 10 96 43 83 23 84 3
43 3 11 50 41 68 64 94 94 50 43 45 32 16 71 97 82 55 82 14 58 2
44 92 84 54 55 24 33 15 12 72 4 3 6 93 43 60 9 80 28 25 49 3
45 89 96 90 98 83 93 105 95 69 2 49 73 2 74 9 61 87 60 76 22 2
46 38 43 82 81 20 20 48 50 51 58 19 67 33 12 47 58 92 50 73 82 4
47 49 55 46 37 8 12 84 94 92 24 2 89 58 56 65 27 76 77 30 61 3
48 24 28 50 59 92 97 26 28 62 78 51 9 7 68 30 21 30 19 64 40 1
49 28 29 34 40 40 50 67 61 82 10 49 41 13 75 88 13 51 45 79 29 4
