4 50
1432 1234 1341 1339 
0 11 41 96 59 72 78 49 96 65 78 21 33 3 74 73 77 74 61 8 54 2
1 44 69 52 12 69 46 77 89 92 67 68 20 95 43 27 81 40 12 15 38 2
2 5 51 6 22 14 92 15 63 7 34 69 39 31 14 50 73 8 59 24 21 2
3 61 24 46 71 22 25 99 72 10 73 37 78 16 50 47 19 40 32 49 48 1
4 91 85 59 28 36 78 4 29 49 81 15 46 27 9 93 13 76 44 38 84 3
5 54 7 63 53 71 8 80 54 39 69 6 43 31 54 40 21 30 72 53 54 3
6 31 86 79 13 28 39 76 66 90 5 15 44 15 32 4 48 76 67 57 86 3
7 69 37 9 75 42 14 82 52 88 68 48 23 32 30 39 88 8 81 46 63 1
8 64 70 16 37 69 11 29 78 87 51 55 50 22 45 7 57 48 2 59 15 4
9 8 99 76 54 37 100 5 55 27 76 42 4 6 35 58 71 8 55 12 76 3
10 4 93 89 31 81 78 66 24 55 40 19 45 38 89 55 43 37 48 72 83 3
11 12 92 85 3 49 13 22 24 76 32 38 18 9 35 29 21 17 2 83 49 4
12 80 77 33 20 93 70 54 13 43 90 71 12 47 65 20 70 41 91 94 72 3
13 59 21 100 68 48 6 89 53 11 51 43 26 77 33 79 69 12 64 25 72 2
14 44 94 17 20 89 55 54 81 100 100 24 27 22 59 71 61 24 63 69 9 3
15 25 54 78 76 22 91 75 13 14 90 44 87 65 41 98 52 45 99 92 61 2
16 55 22 100 1 52 87 97 74 20 31 48 40 60 56 28 55 44 52 58 70 4
17 31 73 68 68 4 62 41 57 34 18 16 71 35 39 55 45 31 38 90 67 3
18 88 34 24 57 61 71 97 94 33 56 18 100 84 13 62 3 87 52 92 77 2
19 63 59 59 34 48 100 44 67 87 83 46 96 39 18 62 61 9 18 98 89 4
20 75 46 71 53 68 59 64 58 28 89 85 83 35 7 69 15 4 93 46 12 4
21 20 9 81 67 41 34 94 100 47 64 68 71 5 15 57 95 24 27 99 95 2
22 49 49 94 8 46 58 91 17 36 58 10 58 16 61 74 66 46 76 41 88 2
23 97 24 90 6 82 81 75 63 58 21 60 22 41 89 66 45 14 99 4 64 1
24 62 22 7 40 51 59 96 77 1 20 11 54 19 63 77 15 26 71 67 84 2
25 40 85 12 100 77 14 49 29 76 85 100 13 5 79 53 12 77 31 65 75 2
26 25 71 46 14 74 48 3 91 71 4 82 5 44 38 97 91 83 44 68 84 3
27 41 65 1 95 70 34 38 72 18 37 99 60 15 24 92 46 80 65 57 26 4
28 83 87 88 9 100 32 13 54 85 21 7 51 66 59 22 59 82 31 8 69 1
29 26 24 34 95 51 65 59 36 3 8 89 63 14 50 61 72 42 7 25 66 2
30 66 67 39 97 3 28 76 58 48 35 77 32 96 84 69 93 57 47 17 11 3
31 17 89 42 75 74 62 7 40 84 33 93 38 18 88 24 49 51 59 44 61 2
32 77 97 6 27 42 58 71 88 4 20 2 52 75 4 48 22 17 53 71 2 4
33 48 82 93 73 37 55 74 46 13 78 22 64 97 96 45 88 13 92 69 5 4
34 1 1 57 100 14 98 70 97 24 30 93 53 2 15 58 16 27 7 91 23 2
35 98 38 67 73 27 99 96 34 35 57 30 67 66 19 35 68 90 43 74 39 2
36 78 85 7 60 43 42 72 17 86 27 33 45 71 63 11 16 81 69 17 59 3
37 84 2 45 68 97 35 58 1 68 96 22 34 82 29 45 7 78 5 33 15 4
38 32 29 84 72 29 14 81 49 18 81 42 10 32 94 24 81 36 30 15 23 2
39 5 60 69 18 34 77 98 35 24 35 1 68 46 59 58 41 8 98 21 99 2
40 61 92 58 67 62 41 67 16 64 34 36 69 77 54 99 61 100 63 20 68 2
41 51 91 15 65 72 48 36 22 41 69 20 53 66 72 55 85 48 26 78 63 1
42 79 99 7 58 36 16 64 75 85 72 40 92 17 98 58 32 22 86 82 33 2
43 28 27 73 49 25 80 70 2 86 36 17 47 33 94 26 28 61 87 25 53 4
44 8 60 16 39 25 17 33 88 60 60 46 43 37 48 38 85 28 44 83 96 2
45 4 68 25 70 37 73 50 75 4 94 2 57 3 13 16 19 96 18 77 69 4
46 38 99 18 37 99 76 79 6 33 79 80 27 47 35 5 81 63 57 46 37 2
47 58 7 42 81 19 64 3 38 18 46 75 89 80 17 37 77 22 15 50 69 1
48 30 80 50 11 63 41 83 80 39 16 55 69 89 100 14 53 2 81 31 83 2
49 19 21 95 40 72 50 48 61 32 39 89 15 9 98 2 10 94 3 28 55 3
