4 50
1244 1350 861 1155 
0 20 25 52 43 63 62 82 80 44 47 88 18 66 81 64 3 36 56 86 68 4
1 1 1 54 44 72 78 27 21 91 81 74 100 50 22 40 98 83 63 1 49 1
2 50 43 6 14 89 84 45 55 9 86 18 40 94 42 53 25 100 46 100 93 1
3 33 24 63 71 28 25 79 72 82 39 96 95 42 10 3 43 15 75 98 95 4
4 75 65 1 8 67 58 1 9 84 49 91 57 9 69 47 7 58 76 76 58 4
5 46 47 93 93 48 48 95 94 63 91 50 100 25 56 89 72 48 27 96 41 1
6 102 98 23 25 44 51 86 78 7 62 52 20 28 75 33 71 12 56 8 40 1
7 39 49 77 87 30 26 68 64 78 47 93 87 16 46 71 65 93 26 58 39 3
8 64 70 28 37 5 3 61 70 67 75 5 48 1 90 43 67 94 43 30 61 3
9 72 63 15 18 58 64 9 19 5 85 75 77 92 91 70 47 27 80 61 24 3
10 21 21 62 59 1 6 39 44 41 80 21 47 9 9 48 10 29 92 17 10 2
11 52 48 50 51 62 61 76 72 29 23 1 27 8 58 35 2 79 11 31 10 3
12 32 37 81 80 36 30 64 73 2 83 39 1 47 3 17 54 55 59 76 61 2
13 73 81 23 28 63 66 13 13 19 16 77 94 93 96 16 56 49 52 2 11 1
14 64 54 86 80 24 15 33 41 66 100 78 3 49 5 83 55 55 98 77 38 3
15 66 58 82 80 6 3 14 17 8 62 68 24 49 29 40 43 78 7 55 33 2
16 49 46 34 33 25 19 10 6 9 20 29 79 20 56 87 27 49 47 63 92 2
17 26 25 18 20 1 6 1 1 61 98 27 54 59 24 98 97 13 38 88 1 2
18 72 74 101 97 1 11 30 34 53 16 2 51 6 24 42 91 31 77 82 83 1
19 24 15 92 90 65 56 33 31 9 20 38 41 82 67 87 12 78 37 62 43 4
20 21 22 34 29 26 35 39 42 83 13 69 83 81 75 13 59 39 13 5 11 4
21 90 97 68 63 25 30 87 88 4 41 91 43 59 82 42 94 40 22 15 94 3
22 52 45 102 96 50 54 1 5 4 94 74 53 59 81 72 62 46 83 26 69 3
23 74 80 54 62 47 45 19 19 94 64 89 55 53 73 26 30 1 95 77 23 4
24 31 38 48 56 65 75 103 93 71 81 40 3 7 74 75 12 7 5 26 51 3
25 63 69 76 84 10 6 23 21 100 89 1 7 30 74 81 3 1 42 32 6 2
26 22 27 71 62 13 4 49 39 67 97 21 87 61 93 59 41 28 26 78 68 2
27 82 85 13 15 62 54 88 92 96 57 70 94 66 3 59 39 76 18 67 7 1
28 29 27 44 49 80 72 95 94 74 61 85 69 16 9 23 32 19 70 43 89 3
29 61 56 25 35 15 5 84 76 27 22 56 45 8 42 54 19 30 52 32 2 4
30 57 55 81 85 13 16 29 38 64 4 68 11 43 22 83 31 41 95 44 6 1
31 56 65 60 51 35 38 10 16 85 59 60 86 85 81 73 24 86 57 17 20 2
32 56 57 77 87 27 18 48 48 75 15 53 19 37 91 13 47 99 50 51 45 1
33 56 58 40 49 27 31 32 22 100 8 68 51 44 95 58 73 28 71 45 73 1
34 26 29 33 28 19 26 26 25 89 30 49 24 46 2 10 99 91 93 50 98 2
35 20 30 59 65 96 99 35 26 28 29 89 49 4 83 69 79 93 43 43 81 4
36 73 65 43 48 32 22 2 5 81 96 85 74 42 43 69 89 86 100 69 10 1
37 83 82 40 48 10 15 80 81 53 43 94 18 35 60 96 47 24 67 38 77 2
38 35 33 74 76 13 10 52 53 22 16 6 21 4 76 24 70 7 74 7 71 2
39 27 32 95 90 44 49 4 7 58 43 27 29 100 35 42 75 25 14 59 2 4
40 39 48 32 23 10 5 74 80 65 58 31 22 10 77 23 57 8 15 5 97 4
41 102 99 76 73 60 56 34 30 33 42 41 96 95 62 63 29 31 20 13 65 3
42 89 95 48 54 7 12 74 71 44 69 55 76 66 50 100 93 78 91 15 15 2
43 68 63 102 93 20 16 46 46 49 68 63 18 16 93 99 2 2 36 85 12 2
44 48 52 39 31 9 9 79 88 16 8 92 13 91 90 78 64 100 60 29 61 4
45 2 8 3 10 4 13 1 7 64 88 21 66 91 45 69 32 30 58 23 55 1
46 15 11 43 41 81 80 17 18 52 68 68 48 64 86 13 100 19 90 23 23 3
47 52 47 20 29 11 4 79 86 89 72 10 43 82 73 98 48 17 100 41 12 1
48 48 40 74 71 8 1 42 40 34 45 77 2 2 28 73 71 86 76 66 19 2
49 31 29 37 40 43 50 70 61 39 2 71 29 82 27 80 64 12 46 79 29 3
