4 50
1288 1486 1201 1365 
0 39 89 24 7 100 26 77 44 4 41 100 72 38 90 96 42 25 50 88 27 3
1 36 77 52 12 61 54 77 89 49 66 36 66 22 7 7 20 94 84 29 20 3
2 41 23 42 94 42 72 51 43 10 30 7 11 60 10 3 92 21 54 58 90 3
3 97 20 74 75 50 21 35 76 16 75 56 82 35 84 33 32 88 57 81 17 3
4 63 65 31 16 8 66 76 9 91 55 62 81 34 40 15 19 65 99 54 36 3
5 14 11 23 57 23 12 32 58 39 68 89 13 59 18 89 36 43 76 83 56 3
6 35 98 83 25 40 51 88 78 44 93 94 85 42 14 37 53 44 4 84 38 4
7 69 53 1 91 42 30 74 68 92 34 38 33 75 82 2 48 5 38 23 46 3
8 100 18 52 93 13 59 65 26 19 48 15 6 63 24 77 19 12 89 22 90 3
9 32 11 92 58 61 12 21 59 31 2 88 11 59 6 81 64 8 21 100 9 2
10 12 33 97 79 89 18 74 64 16 57 80 4 31 95 17 60 1 67 1 96 4
11 68 68 33 79 5 89 70 100 15 5 45 45 96 16 41 66 20 93 84 76 3
12 56 49 17 92 77 42 38 85 51 67 26 52 6 27 86 20 11 65 90 34 1
13 99 69 40 8 80 54 29 1 57 82 100 13 87 13 6 4 42 6 98 14 1
14 8 38 81 64 53 99 18 25 64 72 7 49 19 98 93 70 61 23 97 19 3
15 21 18 74 32 18 55 71 77 77 62 74 88 31 8 10 58 48 10 24 53 4
16 35 98 88 85 32 71 85 50 66 5 18 57 67 50 4 46 52 65 28 89 3
17 23 21 60 16 96 2 33 97 59 48 3 71 99 76 100 100 52 54 65 11 2
18 80 90 16 13 53 27 89 50 48 66 50 52 4 38 4 76 70 51 5 84 1
19 3 15 99 90 88 56 84 31 14 96 3 75 66 48 67 8 34 93 26 36 1
20 47 90 43 97 40 3 36 10 1 63 60 32 22 78 74 76 45 1 44 36 1
21 88 17 49 83 1 42 62 8 80 78 16 78 66 26 74 68 62 49 36 20 4
22 45 85 90 44 42 94 95 53 77 80 82 45 69 31 45 53 33 24 52 9 4
23 21 60 14 34 98 17 91 91 2 88 63 23 34 70 55 10 36 9 58 58 3
24 18 70 63 88 15 7 60 33 2 3 86 35 82 40 49 3 5 22 32 54 2
25 96 9 60 24 33 38 97 53 60 80 47 84 21 71 61 64 15 92 41 78 4
26 29 79 58 14 78 56 7 91 33 45 3 92 77 37 8 19 60 97 6 57 1
27 57 49 25 87 94 26 54 64 2 55 50 93 47 36 11 18 11 85 11 21 1
28 75 67 80 89 92 12 5 34 4 2 68 68 51 91 62 73 87 47 62 26 4
29 18 4 34 75 43 45 59 16 5 67 15 5 25 9 84 39 46 31 54 3 4
30 14 3 87 33 51 64 24 94 60 20 78 4 9 30 17 12 22 66 54 46 3
31 53 65 86 43 10 30 43 16 71 99 55 82 86 95 13 37 89 53 54 33 3
32 29 41 66 71 94 2 23 32 86 27 86 7 31 16 74 81 42 72 78 85 2
33 88 82 25 65 69 55 14 46 20 29 73 89 53 49 58 88 51 32 86 94 1
34 45 89 1 88 50 86 6 85 34 82 27 10 40 30 93 88 5 90 60 77 1
35 14 90 75 17 43 51 4 86 20 41 6 50 75 50 49 48 20 95 3 17 4
36 38 21 67 96 3 78 32 53 18 25 50 72 66 26 63 7 39 72 99 74 4
37 36 34 89 100 49 67 2 33 73 78 4 60 10 25 75 17 8 28 35 85 4
38 28 45 72 88 25 22 69 65 22 81 57 47 77 75 85 31 81 1 82 46 2
39 13 20 77 78 42 37 6 95 41 37 76 38 33 51 23 14 71 78 64 99 2
40 73 96 78 71 82 45 87 28 56 96 95 46 37 59 69 82 83 32 81 4 1
41 51 19 15 93 72 76 36 50 33 66 93 27 70 97 90 94 71 77 33 10 1
42 23 83 51 42 80 100 16 67 39 4 72 73 28 79 30 19 4 61 57 87 4
43 92 39 37 69 81 100 26 22 24 23 100 88 16 83 71 76 91 97 88 24 1
44 84 80 92 59 1 37 9 16 48 56 81 88 78 22 74 20 78 42 29 83 2
45 12 80 25 74 37 77 50 79 26 27 73 17 79 49 30 68 77 18 24 38 3
46 90 91 70 29 51 60 31 98 32 45 97 18 50 14 50 83 83 35 47 88 4
47 10 35 86 17 71 92 47 74 33 69 74 96 9 76 40 9 51 8 27 23 4
48 70 48 90 79 3 17 23 48 89 42 6 20 8 52 47 93 81 44 79 56 4
49 47 21 23 40 100 50 76 61 45 83 42 94 45 37 79 68 46 89 56 19 4
