4 60
2512 2448 2253 2486 
0 17 15 94 33 70 52 47 70 68 22 89 94 47 78 89 43 21 93 97 59 4
1 98 27 14 70 23 4 39 39 80 51 82 78 34 66 93 96 75 88 14 32 4
2 67 89 76 60 76 30 77 1 16 48 55 60 49 73 10 3 99 88 38 35 3
3 71 22 48 77 32 23 9 78 92 100 22 28 63 50 83 24 83 85 48 95 4
4 65 99 33 50 10 100 78 43 1 31 4 90 51 3 38 33 31 25 96 56 4
5 92 41 93 87 1 42 10 88 82 42 32 48 76 75 2 97 89 78 43 98 2
6 5 56 61 83 10 9 58 36 43 18 61 72 88 73 61 95 23 51 7 49 1
7 43 43 83 81 24 28 56 66 71 61 31 26 21 16 52 52 16 7 75 76 4
8 46 84 6 51 59 17 11 92 36 27 88 8 7 17 58 46 51 35 88 88 1
9 62 5 22 52 91 6 51 53 71 19 51 36 5 24 97 95 54 86 57 87 4
10 34 79 19 25 11 64 96 10 71 39 24 57 98 23 91 36 48 3 49 84 4
11 6 78 79 89 43 99 16 10 12 70 75 86 28 56 63 80 96 61 88 97 1
12 34 7 95 58 55 100 16 51 93 85 74 51 87 56 38 41 50 92 27 86 3
13 13 19 62 58 2 4 43 51 100 28 73 76 66 18 88 24 73 79 64 85 2
14 42 40 15 74 79 1 52 35 73 29 55 25 7 21 23 61 5 25 88 81 1
15 35 12 88 34 40 57 85 79 76 62 96 27 54 96 53 14 53 80 65 75 4
16 45 32 98 11 42 97 95 84 59 5 65 53 77 35 94 27 47 77 67 33 3
17 21 31 58 26 94 20 31 15 19 27 26 26 2 7 16 78 50 78 25 8 1
18 66 84 2 7 39 29 75 44 1 62 52 93 61 13 31 88 47 5 59 47 2
19 57 65 53 40 50 6 38 81 88 84 22 9 96 17 33 84 94 44 44 4 3
20 45 52 41 51 38 57 34 64 38 6 60 85 4 67 38 26 29 31 46 4 3
21 50 55 11 13 71 80 24 46 62 17 29 7 41 46 38 41 60 14 7 44 2
22 59 75 12 26 56 84 9 35 88 62 66 14 92 32 33 30 1 10 50 70 3
23 3 50 96 24 80 7 73 89 61 61 93 69 67 50 82 17 76 95 80 33 4
24 68 8 13 26 57 45 10 63 33 33 73 39 91 56 54 39 88 32 56 72 3
25 26 35 90 50 63 64 27 79 87 60 35 59 69 10 10 44 53 64 87 88 1
26 3 1 24 36 52 70 81 13 35 70 91 6 21 86 14 37 79 38 16 54 1
27 27 55 95 93 56 24 24 62 99 88 17 92 46 40 13 52 9 22 45 78 2
28 17 93 30 15 34 38 47 60 24 41 30 98 90 52 62 83 96 81 49 89 1
29 4 98 20 77 29 47 45 18 27 28 65 62 51 100 9 15 79 28 92 32 3
30 12 73 77 3 49 34 22 64 1 18 70 30 87 55 54 5 57 83 22 30 2
31 95 31 20 9 52 96 85 82 60 31 87 48 93 96 82 42 97 86 87 88 1
32 87 51 16 81 44 12 81 42 41 18 48 93 58 87 93 74 26 29 96 89 2
33 38 64 75 47 19 37 64 20 6 78 60 77 26 5 45 55 94 51 43 21 1
34 55 75 11 74 68 72 24 71 50 62 92 26 16 47 20 60 33 83 74 76 4
35 36 96 5 23 65 57 34 92 75 100 3 81 74 15 7 69 76 55 89 63 1
36 100 91 37 66 65 48 2 23 9 34 72 42 31 35 12 82 12 42 26 78 2
37 30 48 91 14 43 81 4 47 51 33 11 80 22 33 90 46 15 48 99 22 4
38 70 3 14 46 67 80 19 23 67 8 51 19 71 74 98 8 97 77 32 22 4
39 27 70 91 20 56 79 20 37 48 87 31 22 84 24 45 68 64 65 11 13 3
40 31 78 36 61 32 35 37 10 12 87 48 21 14 10 76 21 68 49 93 87 3
41 17 49 73 23 38 6 2 80 81 46 30 76 61 54 32 54 9 78 78 73 3
42 49 13 85 72 14 38 42 97 19 38 47 71 6 63 80 46 34 17 59 21 3
43 66 61 11 91 55 22 100 44 18 43 76 9 34 89 5 43 88 5 9 15 1
44 50 86 58 65 67 43 75 22 77 45 37 13 59 56 50 62 99 25 43 40 4
45 66 86 79 88 91 91 4 93 20 19 36 11 91 30 82 21 19 1 97 28 3
46 36 57 24 87 5 26 85 64 74 27 70 25 85 12 9 32 52 15 91 5 4
47 20 85 96 59 81 42 65 16 45 29 54 59 64 86 72 73 98 44 90 3 2
48 88 58 8 97 21 27 41 66 56 47 61 43 34 56 87 71 5 17 66 86 3
49 33 79 9 90 86 100 62 19 58 94 47 17 55 40 35 67 24 38 31 96 2
50 78 94 87 28 95 63 4 97 88 5 33 40 28 5 98 42 96 2 31 88 4
51 18 27 10 18 3 16 95 7 87 37 31 2 3 65 17 73 49 88 8 18 1
52 42 56 55 91 75 25 88 60 16 8 68 7 25 22 25 4 46 13 24 76 3
53 28 87 5 50 73 12 50 75 62 25 63 70 33 55 58 60 40 33 80 36 2
54 51 20 20 86 88 53 57 27 37 54 7 10 97 65 97 10 2 99 5 78 4
55 77 75 34 13 90 52 47 90 25 73 25 65 59 8 47 43 74 38 57 27 2
56 58 4 78 59 99 5 19 60 61 47 3 46 83 92 65 52 5 65 23 17 3
57 79 2 64 40 48 79 33 25 82 43 31 58 93 55 17 75 77 69 66 58 4
58 75 23 60 6 36 88 13 79 35 50 77 43 36 40 14 13 99 23 82 23 3
59 90 49 3 76 15 94 20 21 47 8 22 50 52 94 70 48 66 9 71 5 3
