4 60
1458 1522 1508 1284 
0 52 55 71 73 82 92 14 10 89 62 65 100 37 20 75 21 7 7 29 24 2
1 50 51 76 86 23 28 70 63 24 11 54 9 77 59 61 91 71 22 86 56 4
2 67 57 23 28 106 98 62 69 39 13 25 89 48 85 84 70 92 76 31 96 4
3 34 26 72 73 29 27 80 74 39 25 78 90 66 51 45 2 52 19 94 33 2
4 32 23 78 74 24 24 78 75 58 94 66 26 96 13 41 10 81 34 9 63 2
5 54 61 9 15 56 62 11 16 34 83 30 16 6 58 35 32 27 10 94 26 2
6 29 24 58 51 87 85 8 12 82 9 8 79 71 96 44 58 42 26 60 17 4
7 20 15 50 53 90 92 20 30 77 44 74 4 25 80 99 11 56 63 43 26 1
8 30 32 107 99 71 65 35 40 74 46 72 70 40 34 88 60 67 66 46 24 1
9 40 41 104 96 47 42 90 97 53 94 49 25 78 55 46 49 4 44 96 54 4
10 78 87 27 25 76 72 4 10 52 82 11 100 29 43 9 23 77 80 3 34 3
11 96 90 10 1 14 11 20 14 17 58 73 71 37 19 16 83 67 55 76 71 2
12 69 59 1 2 52 52 101 95 22 96 85 29 78 67 86 67 88 10 51 1 3
13 52 43 73 82 21 28 79 75 99 86 61 66 67 84 29 11 42 5 69 95 3
14 62 68 1 2 30 29 60 63 76 43 54 16 93 31 33 4 3 89 54 55 3
15 34 32 50 54 66 69 90 91 41 77 88 28 8 36 13 38 34 51 64 100 3
16 16 20 1 7 92 93 77 80 70 10 96 85 38 59 92 34 43 77 41 60 2
17 42 47 34 42 45 36 37 31 29 86 92 32 41 35 33 32 53 93 3 54 4
18 59 64 80 79 9 1 9 16 2 12 89 64 62 74 40 71 64 71 69 51 1
19 44 53 33 28 85 94 66 61 25 64 83 97 87 3 6 16 12 46 12 47 2
20 86 88 91 87 83 93 96 100 74 16 16 3 86 31 62 25 34 51 43 1 1
21 9 11 79 77 28 36 6 2 36 84 73 45 56 67 38 92 69 85 97 76 1
22 62 55 12 6 68 64 10 15 8 5 68 15 37 44 56 29 35 55 59 78 3
23 3 6 96 88 76 71 48 45 45 3 54 33 54 63 95 58 97 8 63 98 2
24 54 64 92 82 9 1 26 19 5 30 96 17 69 7 88 42 52 54 52 51 2
25 50 47 71 70 84 84 89 99 11 22 24 47 48 66 90 54 90 8 54 66 2
26 37 33 73 68 15 10 43 45 98 43 85 35 84 4 75 97 75 7 30 59 4
27 14 7 32 37 73 76 20 14 46 72 71 93 16 96 17 81 6 18 75 13 2
28 1 1 30 23 45 46 60 68 37 25 34 27 31 58 22 20 28 71 97 81 4
29 98 98 67 69 44 47 21 18 25 50 97 52 27 96 85 78 44 22 42 45 2
30 47 53 92 83 24 14 48 44 59 23 12 54 29 33 97 39 68 20 93 39 4
31 94 87 77 73 44 52 48 38 75 10 95 84 25 40 30 28 11 20 77 88 2
32 76 79 18 9 39 40 68 70 47 17 52 2 39 28 50 35 39 47 83 46 1
33 49 48 38 31 20 21 4 12 15 61 6 98 24 81 84 81 48 24 42 60 3
34 29 23 23 30 30 28 37 27 20 18 88 60 40 1 33 69 89 73 95 63 3
35 50 40 76 75 5 1 31 36 67 80 9 18 38 48 84 10 95 75 2 17 2
36 54 63 53 46 13 20 12 3 91 29 52 83 24 32 25 37 91 41 61 98 1
37 22 24 100 90 49 57 27 23 75 74 75 86 16 99 99 53 72 51 78 24 2
38 69 67 16 10 47 44 94 87 97 62 99 82 94 29 56 26 91 63 49 20 2
39 55 62 23 20 72 79 40 37 30 39 48 91 45 7 84 11 68 96 22 62 1
40 20 22 92 97 75 71 47 46 79 97 22 86 50 87 27 7 58 92 41 6 1
41 82 81 56 55 32 30 6 12 90 71 31 70 85 11 46 88 85 82 12 34 1
42 58 49 17 8 84 74 30 33 37 70 48 9 39 1 8 38 71 69 58 68 2
43 43 53 82 75 8 6 26 28 40 84 60 37 36 24 46 73 52 66 33 10 4
44 4 10 95 89 65 67 56 46 97 55 29 69 47 15 94 57 20 26 5 4 3
45 23 14 16 8 17 11 18 13 84 21 8 70 64 5 82 93 81 40 79 58 1
46 1 1 28 31 66 70 2 8 93 63 37 17 46 28 76 17 17 8 71 18 2
47 40 33 8 15 99 90 67 72 96 90 10 48 84 44 19 68 70 6 73 95 4
48 16 14 42 45 76 75 18 14 70 38 24 98 17 89 90 75 95 81 36 95 4
49 72 79 99 90 13 8 19 19 68 20 62 26 7 86 80 58 57 1 83 16 2
50 98 98 46 40 78 75 10 9 16 98 58 32 44 87 100 36 15 14 26 8 1
51 12 7 96 98 88 96 85 87 89 87 81 18 13 72 57 33 3 71 7 19 4
52 78 68 3 3 47 37 72 72 20 75 50 80 21 10 94 40 92 4 76 28 2
53 57 55 20 18 89 80 52 43 19 14 85 81 9 97 64 86 16 71 93 60 3
54 67 76 32 42 26 17 91 83 30 11 91 56 78 43 15 31 25 80 18 64 2
55 81 91 36 29 62 68 1 6 59 46 11 71 47 58 34 64 17 36 10 95 4
56 73 72 29 19 64 73 20 20 66 38 26 75 63 55 15 92 85 93 17 65 4
57 53 62 90 100 43 47 88 85 2 33 67 54 63 90 83 10 4 10 22 38 1
58 74 71 61 54 38 36 17 19 64 2 4 49 60 6 52 99 79 56 55 25 1
59 58 57 89 84 10 2 20 29 39 22 23 38 38 64 99 30 36 3 55 59 4
