4 60
617 576 681 624 
0 53 43 71 61 90 80 108 98 30 84 19 16 26 53 32 69 38 7 21 90 4
1 27 17 104 94 80 70 65 55 54 55 87 65 42 98 84 3 90 42 15 27 2
2 85 75 20 10 62 52 97 87 2 50 38 3 99 1 2 88 91 42 32 88 1
3 76 66 84 74 93 83 109 99 40 54 69 97 18 32 73 99 49 53 17 86 4
4 107 97 86 76 56 46 27 17 2 32 97 46 33 30 26 13 82 92 4 85 1
5 49 39 58 48 58 48 67 57 87 11 22 28 81 1 30 10 85 46 48 86 4
6 36 26 83 73 37 27 84 74 65 34 96 56 83 55 79 13 96 96 64 5 1
7 29 19 14 4 90 80 67 57 3 39 5 72 80 84 56 6 89 22 88 72 4
8 45 35 96 86 46 36 89 79 78 21 83 97 95 13 58 89 54 97 95 94 4
9 59 49 35 25 104 94 72 62 69 24 100 54 58 69 32 59 21 12 23 43 3
10 103 93 57 47 104 94 58 48 84 5 83 88 26 46 21 42 89 79 29 64 3
11 14 4 23 13 31 21 40 30 55 58 37 92 90 87 59 25 43 20 22 30 1
12 22 12 49 39 75 65 102 92 41 60 39 90 92 37 48 78 82 99 64 13 2
13 99 89 47 37 96 86 44 34 78 51 92 42 40 54 91 51 32 86 68 81 1
14 13 3 51 41 90 80 28 18 46 5 75 25 37 39 91 76 45 23 59 85 3
15 21 11 61 51 102 92 34 24 94 91 85 6 16 19 72 5 6 7 56 84 4
16 38 28 105 95 71 61 46 36 16 7 70 7 71 53 8 83 18 44 3 47 3
17 84 74 36 26 97 87 49 39 11 10 61 61 42 32 3 90 23 49 77 34 4
18 99 89 46 36 100 90 55 45 68 39 81 96 90 78 44 47 11 20 73 80 4
19 80 70 48 38 109 99 77 67 2 59 56 8 44 88 97 78 22 13 84 2 3
20 37 27 83 73 22 12 68 58 1 43 61 29 83 65 69 99 63 7 14 82 2
21 24 14 109 99 101 91 86 76 36 97 70 74 74 54 9 9 40 22 86 4 1
22 88 78 99 89 109 99 20 10 24 89 29 13 63 97 3 56 17 52 36 67 4
23 92 82 65 55 37 27 102 92 62 18 32 49 56 88 85 98 19 16 21 34 1
24 85 75 36 26 78 68 29 19 6 16 36 55 81 24 68 88 46 97 43 44 2
25 36 26 97 87 57 47 18 8 32 9 26 93 86 39 64 11 2 33 49 52 2
26 17 7 64 54 110 100 49 39 17 24 32 11 44 61 70 19 84 16 45 6 2
27 63 53 104 94 44 34 85 75 38 87 93 15 5 54 87 73 26 14 93 82 4
28 50 40 84 74 11 1 45 35 98 6 32 47 52 95 62 68 72 100 12 6 4
29 56 46 29 19 101 91 74 64 30 7 90 76 60 38 24 16 50 79 76 41 3
30 18 8 40 30 63 53 85 75 86 59 84 15 40 20 45 84 100 33 82 7 2
31 109 99 62 52 14 4 59 49 98 94 32 79 13 94 8 44 8 14 4 44 3
32 110 100 89 79 75 65 62 52 67 70 20 32 77 8 99 99 15 17 7 79 4
33 83 73 28 18 80 70 25 15 96 83 38 80 26 16 15 35 13 35 22 99 2
34 21 11 16 6 110 100 97 87 79 88 5 19 80 48 86 2 52 20 18 93 2
35 19 9 56 46 92 82 29 19 14 20 13 94 72 85 31 66 63 16 50 93 1
36 102 92 17 7 39 29 62 52 91 88 89 84 34 29 33 87 33 19 17 37 1
37 96 86 32 22 69 59 105 95 74 77 75 44 100 33 68 25 5 24 31 29 2
38 107 97 74 64 48 38 15 5 67 27 80 49 98 36 93 86 25 58 30 92 4
39 23 13 11 1 108 98 96 86 50 56 38 44 74 95 65 10 40 63 60 67 4
40 78 68 85 75 91 81 98 88 91 93 96 33 88 34 66 54 76 56 92 1 1
41 39 29 35 25 32 22 28 18 75 90 42 53 67 99 65 13 71 62 6 4 2
42 93 83 51 41 18 8 84 74 6 57 63 98 50 75 24 11 69 5 74 62 1
43 68 58 21 11 81 71 42 32 78 4 45 57 82 52 38 78 3 83 9 83 2
44 81 71 32 22 90 80 41 31 67 82 33 24 100 83 50 63 5 33 28 53 3
45 33 23 78 68 30 20 83 73 71 47 4 71 46 6 2 45 22 77 43 2 3
46 16 6 90 80 73 63 47 37 35 37 43 56 29 91 16 77 8 21 61 19 1
47 53 43 46 36 30 20 23 13 23 10 19 84 73 91 48 97 32 58 37 1 1
48 94 84 12 2 31 21 49 39 49 28 97 68 21 88 4 89 70 38 94 82 2
49 50 40 103 93 47 37 92 82 80 29 5 3 16 61 28 5 31 82 56 41 4
50 101 91 16 6 30 20 45 35 17 20 97 50 49 1 20 70 84 100 63 85 3
51 12 2 76 66 49 39 13 3 65 46 87 35 53 19 95 86 49 100 24 90 4
52 83 73 18 8 60 50 95 85 58 3 95 85 50 20 65 9 11 55 80 15 1
53 89 79 110 100 38 28 67 57 20 80 50 12 58 53 34 47 40 16 62 23 3
54 53 43 91 81 22 12 60 50 64 98 31 63 82 53 88 48 54 51 46 3 4
55 69 59 37 27 98 88 66 56 48 20 77 46 4 50 92 1 99 3 22 45 2
56 91 81 13 3 36 26 58 48 3 55 65 51 59 78 65 68 27 56 95 58 4
57 31 21 44 34 56 46 69 59 45 29 26 94 94 50 24 67 23 74 52 94 1
58 88 78 59 49 29 19 108 98 16 78 6 84 13 23 8 71 64 26 41 87 2
59 90 80 98 88 107 97 23 13 12 57 34 71 68 90 77 50 68 7 22 94 3
