4 60
2440 2524 2111 2528 
0 19 9 37 27 56 46 74 64 91 77 22 1 41 21 51 31 32 100 9 80 3
1 53 43 30 20 106 96 83 73 1 83 25 90 12 63 63 10 28 79 54 69 4
2 55 45 90 80 32 22 67 57 92 61 25 58 4 96 30 28 78 96 42 11 2
3 110 100 18 8 27 17 43 33 100 72 9 29 36 23 70 76 96 86 43 58 3
4 93 83 64 54 34 24 105 95 14 54 54 56 18 39 6 37 79 30 66 75 1
5 103 93 104 94 12 2 13 3 29 47 50 36 80 72 57 75 94 58 83 40 3
6 38 28 85 75 39 29 86 76 73 92 4 40 48 93 48 69 58 8 94 66 3
7 71 61 56 46 32 22 109 99 21 21 71 55 27 6 51 92 77 85 54 79 1
8 83 73 26 16 76 66 27 17 48 69 91 72 71 75 14 79 38 29 43 41 1
9 37 27 105 95 74 64 50 40 45 75 34 22 22 32 53 32 3 73 95 20 1
10 29 19 75 65 30 20 76 66 90 18 11 28 22 72 14 34 34 28 47 80 3
11 72 62 73 63 81 71 90 80 63 18 45 1 63 35 45 48 95 59 25 33 1
12 92 82 19 9 45 35 72 62 88 61 5 15 20 39 72 29 22 27 20 26 3
13 25 15 81 71 30 20 78 68 12 60 28 62 1 74 2 99 49 37 5 68 3
14 23 13 61 51 100 90 38 28 72 74 81 84 56 44 97 56 86 46 34 86 2
15 59 49 99 89 32 22 72 62 77 54 28 22 91 23 27 64 60 72 44 20 4
16 12 2 79 69 45 35 12 2 79 26 71 45 82 23 21 12 80 11 3 13 4
17 62 52 14 4 67 57 27 17 34 46 43 89 88 49 30 14 23 29 87 19 3
18 33 23 88 78 34 24 89 79 4 46 11 47 11 20 59 27 54 7 67 13 1
19 18 8 86 76 47 37 15 5 46 42 38 21 33 93 48 32 37 99 91 60 2
20 75 65 13 3 60 50 98 88 79 83 55 53 60 14 51 45 70 70 71 6 1
21 102 92 95 85 79 69 72 62 41 98 24 76 12 29 84 89 70 49 29 82 2
22 58 48 69 59 79 69 90 80 85 85 84 11 26 100 30 13 98 33 8 1 3
23 82 72 55 45 19 9 92 82 41 48 44 49 88 100 51 14 48 59 44 58 3
24 51 41 94 84 44 34 87 77 68 72 69 74 71 55 52 62 55 78 90 43 1
25 98 88 59 49 19 9 80 70 49 100 22 17 45 97 37 88 19 15 61 38 3
26 71 61 18 8 56 46 103 93 28 78 47 92 41 78 48 60 82 34 24 40 1
27 85 75 26 16 74 64 15 5 98 63 44 14 30 66 28 42 47 99 4 26 2
28 56 46 82 72 17 7 43 33 40 66 41 14 28 76 50 100 73 17 62 44 2
29 102 92 75 65 39 29 12 2 3 63 34 85 48 60 55 47 4 81 13 35 1
30 56 46 78 68 93 83 15 5 40 42 17 77 100 20 91 49 100 40 82 5 1
31 95 85 48 38 92 82 45 35 46 82 66 43 28 83 13 84 89 97 83 33 1
32 60 50 47 37 33 23 12 2 69 19 50 71 38 9 82 13 1 30 67 40 1
33 13 3 58 48 102 92 55 45 4 59 49 70 38 48 31 16 66 31 77 36 2
34 67 57 62 52 56 46 43 33 99 79 72 70 11 70 31 67 27 40 55 77 3
35 25 15 62 52 98 88 35 25 67 27 24 24 80 14 85 55 14 34 21 89 1
36 100 90 15 5 37 27 60 50 40 54 1 21 71 55 55 2 74 72 55 64 4
37 110 100 46 36 91 81 27 17 38 3 16 50 36 36 88 81 15 11 5 19 1
38 13 3 88 78 54 44 21 11 82 42 81 15 49 63 34 83 66 89 73 81 1
39 53 43 49 39 46 36 34 24 74 44 96 43 34 62 59 37 64 32 53 93 1
40 88 78 95 85 101 91 108 98 8 35 37 2 62 62 14 28 13 66 45 26 1
41 13 3 109 99 106 96 102 92 76 80 70 73 4 89 14 40 96 22 93 8 3
42 91 81 57 47 24 14 82 72 41 100 40 56 74 78 54 73 9 7 23 75 1
43 50 40 11 1 71 61 24 14 42 56 51 16 96 15 6 3 24 46 5 51 3
44 43 33 94 84 52 42 103 93 42 54 29 15 65 77 71 85 42 33 96 57 1
45 19 9 64 54 16 6 69 59 66 73 7 84 40 56 97 22 96 61 29 78 2
46 58 48 40 30 15 5 97 87 89 12 12 98 60 78 10 76 97 50 100 84 2
47 103 93 88 78 80 70 73 63 41 50 14 4 62 65 35 16 30 65 63 88 1
48 76 66 94 84 13 3 31 21 56 83 7 91 76 14 1 1 12 84 51 60 4
49 76 66 21 11 73 63 18 8 89 56 51 5 70 99 66 59 48 64 34 64 2
50 55 45 70 60 84 74 107 97 84 15 37 66 72 12 30 25 27 8 100 8 2
51 94 84 66 56 31 21 103 93 72 42 69 79 44 16 94 38 66 85 73 53 4
52 61 51 104 94 38 28 81 71 41 82 20 19 51 41 89 91 90 93 79 75 4
53 19 9 40 30 68 58 97 87 33 75 75 96 18 36 49 48 45 19 77 79 1
54 59 49 97 87 28 18 66 56 83 17 81 10 32 100 24 18 29 21 9 74 3
55 15 5 83 73 44 34 12 2 11 82 53 87 16 40 65 14 50 30 70 54 4
56 109 99 31 21 54 44 76 66 69 22 16 94 65 51 12 75 78 7 71 54 3
57 41 31 54 44 66 56 79 69 80 62 65 24 68 12 61 62 93 42 35 68 3
58 98 88 69 59 39 29 110 100 93 18 99 88 10 40 90 62 45 81 70 18 2
59 24 14 40 30 49 39 57 47 99 58 7 53 14 9 1 80 56 40 85 51 1
