4 60
649 642 570 568 
0 31 21 49 39 68 58 86 76 87 78 53 68 73 18 41 15 85 33 21 38 1
1 85 75 62 52 46 36 23 13 81 90 13 3 88 78 84 75 10 14 66 49 2
2 31 21 66 56 108 98 43 33 20 16 44 7 85 22 99 31 67 7 89 24 4
3 26 16 42 32 51 41 67 57 70 98 48 87 44 89 41 33 55 15 55 45 1
4 53 43 24 14 94 84 65 55 79 25 45 77 54 53 31 72 61 97 91 60 2
5 103 93 104 94 12 2 13 3 20 62 82 30 21 91 24 35 95 8 93 12 2
6 38 28 85 75 39 29 86 76 36 1 29 55 50 57 83 85 7 60 86 24 1
7 87 77 64 54 40 30 17 7 86 13 37 61 20 22 11 71 74 63 4 38 2
8 71 61 14 4 64 54 15 5 85 8 87 50 33 69 12 54 93 6 98 40 2
9 105 95 73 63 50 40 18 8 82 41 69 33 67 95 90 69 67 34 29 38 4
10 97 87 51 41 98 88 52 42 15 79 98 89 87 67 60 9 33 45 61 11 4
11 28 18 37 27 45 35 54 44 20 60 39 6 41 55 96 44 7 34 74 76 4
12 104 94 31 21 57 47 84 74 32 31 54 35 47 91 5 42 90 82 32 16 2
13 85 75 33 23 90 80 38 28 27 100 52 8 34 86 71 35 74 57 46 22 4
14 43 33 81 71 20 10 58 48 74 30 76 49 62 40 26 17 97 53 94 12 3
15 75 65 15 5 56 46 88 78 18 50 37 1 43 12 86 40 31 12 54 4 4
16 16 6 83 73 49 39 16 6 99 85 89 43 98 62 32 74 15 23 13 42 3
17 30 20 82 72 35 25 95 85 80 22 53 99 10 81 90 84 38 98 76 97 4
18 85 75 40 30 86 76 41 31 16 6 60 72 59 13 63 47 91 35 33 94 2
19 106 96 66 56 35 25 95 85 2 39 53 92 43 32 7 37 12 26 66 22 3
20 27 17 73 63 12 2 58 48 22 54 31 86 31 18 73 96 72 16 62 34 1
21 62 52 47 37 39 29 24 14 72 73 90 5 89 10 58 92 16 26 96 7 2
22 62 52 73 63 83 73 94 84 10 56 72 11 75 57 64 48 9 53 77 38 2
23 70 60 35 25 107 97 72 62 64 82 72 53 83 42 5 19 43 69 86 35 4
24 35 25 78 68 28 18 71 61 67 55 53 39 31 3 78 44 59 90 38 29 1
25 110 100 71 61 31 21 92 82 94 24 2 78 83 45 74 81 50 54 50 34 2
26 107 97 46 36 92 82 31 21 82 22 39 89 77 94 56 64 23 57 24 46 2
27 53 43 94 84 34 24 75 65 22 53 12 2 75 3 23 53 58 50 22 73 1
28 84 74 110 100 45 35 71 61 74 69 18 34 98 13 60 15 5 47 56 57 2
29 110 100 83 73 55 45 28 18 85 22 56 99 89 55 2 22 93 40 82 74 3
30 80 70 94 84 17 7 39 29 37 96 61 30 27 86 13 46 40 14 97 36 4
31 19 9 64 54 16 6 69 59 68 67 33 99 83 74 85 3 31 47 22 31 2
32 88 78 75 65 61 51 40 30 9 76 40 8 93 48 52 19 79 6 74 59 4
33 109 99 54 44 98 88 51 41 81 91 73 16 45 82 60 23 49 95 94 44 4
34 103 93 98 88 92 82 87 77 4 57 27 57 83 64 3 1 44 30 36 34 2
35 89 79 26 16 62 52 99 89 8 50 2 11 12 98 61 74 24 10 89 83 2
36 72 62 87 77 109 99 24 14 10 31 76 56 53 74 63 30 87 43 97 58 1
37 58 48 94 84 31 21 67 57 100 52 28 1 6 100 85 52 91 40 47 79 2
38 69 59 44 34 110 100 77 67 11 77 48 4 40 49 95 63 5 13 45 35 3
39 13 3 101 91 98 88 86 76 80 62 70 16 90 90 51 64 26 69 84 16 2
40 108 98 15 5 21 11 28 18 88 50 17 23 71 16 43 29 24 43 49 64 2
41 81 71 77 67 74 64 70 60 48 17 83 8 21 50 82 13 26 30 96 37 2
42 27 17 85 75 52 42 18 8 33 78 10 33 80 42 65 64 44 60 1 62 2
43 66 56 27 17 87 77 40 30 24 10 1 32 96 38 95 75 67 70 95 56 3
44 27 17 78 68 36 26 87 77 97 13 9 66 4 73 43 77 19 14 76 43 2
45 35 25 88 78 32 22 85 75 75 20 59 29 15 36 86 90 92 99 37 31 4
46 66 56 40 30 23 13 105 95 77 81 41 79 22 88 61 52 73 81 79 79 2
47 67 57 60 50 52 42 37 27 52 32 45 52 22 94 99 88 24 38 71 77 4
48 64 54 82 72 101 91 19 9 79 43 21 4 25 85 41 34 38 69 83 21 4
49 108 98 61 51 105 95 50 40 27 74 34 52 93 74 45 84 2 3 3 57 3
50 19 9 34 24 48 38 63 53 48 61 84 41 15 44 23 26 30 70 97 5 2
51 82 72 46 36 19 9 91 81 64 61 52 8 74 64 46 60 94 33 26 100 4
52 21 11 64 54 98 88 41 31 98 93 81 57 6 43 71 76 9 21 37 52 1
53 79 69 100 90 28 18 57 47 7 16 90 50 89 90 67 70 83 82 7 99 4
54 15 5 53 43 92 82 30 20 59 12 2 40 54 94 85 64 60 37 72 74 3
55 87 77 55 45 16 6 84 74 68 39 74 12 35 8 3 1 1 31 70 11 1
56 21 11 43 33 66 56 88 78 78 15 6 99 13 29 94 13 4 61 50 41 1
57 97 87 110 100 14 4 27 17 18 66 38 87 16 50 67 63 43 92 39 11 1
58 18 8 89 79 59 49 38 28 62 96 32 32 19 27 42 3 77 68 59 45 1
59 40 30 56 46 65 55 73 63 35 74 57 16 23 71 80 99 60 41 61 48 2
