4 60
614 593 548 680 
0 5 23 82 41 58 60 43 78 94 2 28 37 1 83 96 39 71 36 11 14 3
1 14 11 30 46 39 88 55 23 52 11 39 26 35 52 77 41 58 46 89 34 3
2 31 93 40 64 40 34 49 5 81 29 16 62 75 93 11 18 34 31 14 86 1
3 43 22 28 77 4 23 81 78 1 55 64 59 87 28 100 73 76 1 65 14 1
4 77 63 53 6 22 56 90 7 33 68 9 73 78 78 18 82 12 96 55 92 2
5 60 17 69 63 77 18 86 64 27 100 98 15 61 94 95 66 75 48 14 46 4
6 81 100 29 27 78 53 34 80 38 100 65 25 78 90 31 25 87 11 66 36 1
7 59 87 91 25 32 72 72 10 6 29 69 84 79 77 74 7 39 90 54 65 3
8 94 84 46 51 7 25 59 92 81 83 72 6 10 11 76 85 13 98 7 78 3
9 82 73 42 20 11 74 71 21 93 44 13 54 4 16 74 31 67 36 10 44 1
10 2 19 95 57 79 4 72 42 30 89 14 100 92 69 83 26 5 49 45 6 1
11 98 50 63 61 35 71 100 82 57 41 24 82 17 3 53 54 97 14 42 47 2
12 14 27 75 78 35 20 96 71 96 73 52 86 30 29 63 65 14 99 73 12 2
13 61 35 2 82 42 28 83 67 63 73 59 30 89 16 96 64 86 36 25 76 1
14 86 64 51 90 23 25 96 51 27 5 78 57 13 45 72 81 19 50 21 82 1
15 51 64 4 86 48 1 1 23 35 83 77 34 79 57 83 75 36 93 20 47 1
16 9 12 62 99 6 85 51 72 84 73 28 79 3 34 9 6 60 90 30 13 1
17 69 63 98 50 34 44 71 39 48 78 8 68 86 65 95 31 66 26 71 18 2
18 90 68 26 83 63 5 99 28 68 58 91 96 43 74 85 58 3 90 69 76 4
19 97 41 85 8 82 82 78 49 40 3 86 7 48 29 50 31 33 19 4 86 2
20 57 60 53 67 50 73 46 80 52 32 74 74 48 20 16 65 59 14 4 82 4
21 94 7 55 73 15 32 68 98 65 40 66 42 81 88 72 70 12 19 17 76 1
22 75 31 20 82 72 40 25 91 40 87 39 96 18 18 68 32 28 65 68 48 3
23 15 22 8 96 100 79 85 53 44 50 63 25 47 58 81 79 92 76 3 24 2
24 28 92 73 10 17 37 62 55 54 28 68 40 55 70 19 50 24 3 52 96 2
25 18 39 82 54 55 68 19 83 31 62 2 36 40 48 89 84 51 36 97 15 1
26 71 69 100 12 20 46 49 89 60 97 74 93 19 50 25 44 56 83 86 96 3
27 47 95 7 33 76 64 36 2 39 96 52 78 86 87 84 38 38 47 11 67 3
28 49 73 62 95 74 18 87 40 47 64 61 42 34 81 2 75 96 64 52 35 4
29 20 86 28 57 45 27 53 98 37 55 63 67 40 29 56 24 78 91 70 90 1
30 12 37 77 59 49 90 14 20 74 58 46 47 65 28 88 91 43 76 83 46 2
31 35 43 68 21 100 8 25 94 47 74 86 18 7 60 98 62 12 10 54 14 2
32 63 75 92 5 28 36 57 66 65 13 72 6 2 30 62 81 95 85 18 81 3
33 86 72 31 63 75 45 12 36 3 8 73 23 26 28 89 13 73 84 46 84 2
34 87 7 43 6 100 4 56 3 65 61 100 80 17 83 80 31 75 7 100 87 3
35 96 96 57 31 17 57 86 92 84 92 13 1 53 22 56 20 10 3 36 83 4
36 60 47 97 22 25 4 62 87 86 3 61 48 97 40 6 44 54 69 70 21 1
37 38 4 91 70 51 37 4 3 11 41 57 49 74 78 13 79 43 65 16 31 3
38 94 55 46 90 91 32 43 75 62 87 72 87 68 11 50 32 69 31 31 35 3
39 87 30 43 88 8 47 72 5 23 75 78 19 34 2 97 87 92 17 21 4 3
40 59 54 56 29 60 3 65 78 37 48 35 47 33 18 75 75 82 58 49 39 3
41 9 45 73 19 38 2 2 76 35 47 8 26 50 24 69 24 95 3 58 92 3
42 65 69 1 28 30 86 58 53 20 11 72 38 55 78 32 85 75 17 94 61 1
43 18 97 63 19 7 50 52 80 43 65 80 67 29 55 26 74 88 49 77 58 4
44 46 90 54 61 63 39 71 18 16 81 40 94 8 72 50 5 70 32 83 10 3
45 50 70 63 72 75 75 88 69 15 65 83 76 8 76 24 60 41 19 37 97 1
46 36 5 16 35 97 74 77 12 80 2 85 50 7 72 86 17 36 53 6 66 4
47 36 57 20 39 97 14 81 96 40 12 78 41 7 97 91 29 15 73 22 33 4
48 28 78 48 17 69 47 81 86 48 26 16 18 45 64 33 79 98 56 4 63 3
49 21 79 97 90 74 100 50 19 19 48 91 80 64 50 2 75 85 90 72 83 4
50 6 74 15 8 23 43 32 77 48 36 90 33 10 82 45 1 11 45 29 83 1
51 74 3 58 94 51 92 43 83 82 70 36 3 88 83 79 69 34 35 84 92 2
52 94 20 15 55 27 89 40 24 89 41 98 26 25 38 73 52 71 26 52 85 4
53 40 11 9 74 85 36 54 99 13 84 62 55 91 18 100 77 96 39 100 61 3
54 59 12 28 78 96 45 65 19 92 51 43 10 36 26 39 79 100 48 32 96 3
55 49 67 98 5 54 36 11 74 83 17 59 33 12 85 60 2 12 57 2 84 1
56 74 48 86 3 7 57 27 4 66 96 60 60 13 44 1 39 80 53 6 41 3
57 47 66 32 12 8 51 93 89 2 36 23 31 53 2 88 29 9 70 31 62 1
58 55 43 40 34 16 16 93 99 79 35 48 79 23 47 54 14 87 2 86 65 3
59 6 29 19 48 31 74 44 93 95 54 95 95 54 10 52 67 13 16 27 36 3
