4 60
1520 1530 1620 1538 
0 33 71 10 89 86 8 71 26 23 6 46 46 19 94 70 93 23 88 58 16 2
1 14 19 22 54 39 88 47 31 46 59 58 22 73 33 50 12 23 28 88 41 3
2 67 65 68 36 76 6 77 77 74 91 17 30 85 60 79 88 7 15 78 44 2
3 79 26 56 73 32 27 17 74 65 13 47 30 31 53 43 42 98 33 46 28 4
4 49 43 25 94 94 44 62 87 43 64 65 74 77 24 69 57 9 60 32 32 2
5 20 21 29 75 37 22 38 76 97 74 51 10 33 50 26 26 19 68 67 42 4
6 85 12 33 39 90 65 38 92 74 40 75 52 26 98 8 46 3 11 60 59 3
7 51 3 91 41 32 80 64 18 18 64 14 18 81 34 7 75 80 29 45 88 1
8 30 32 90 99 43 73 95 40 1 84 26 92 62 5 17 94 45 60 3 35 3
9 98 77 66 32 27 78 95 33 65 31 34 37 21 97 35 67 89 76 31 26 2
10 10 59 3 5 87 44 80 90 30 5 40 73 18 67 58 89 33 57 71 35 2
11 46 34 19 45 83 55 56 66 75 2 98 18 91 40 32 38 44 73 50 75 1
12 90 99 51 42 11 92 72 35 32 76 41 2 73 76 55 69 31 65 65 52 1
13 1 83 42 30 82 68 23 15 100 92 53 61 2 7 13 11 25 8 49 97 4
14 50 8 15 34 87 69 60 3 98 86 69 66 27 35 62 80 33 35 60 28 3
15 47 28 100 42 44 65 97 87 62 82 42 89 36 19 70 57 10 19 80 46 4
16 97 96 42 75 94 61 39 48 12 55 82 38 39 45 40 64 55 60 90 6 1
17 53 3 90 98 26 92 63 79 38 72 97 87 57 25 43 23 81 18 18 2 4
18 82 24 18 39 55 61 91 84 51 24 80 21 100 38 74 39 74 57 29 56 1
19 37 97 33 64 22 38 18 5 28 89 62 77 89 10 18 25 93 91 57 87 1
20 29 4 25 11 22 17 18 24 62 18 66 73 13 27 6 82 81 69 13 9 3
21 62 15 15 81 75 48 36 6 1 92 67 91 30 70 91 13 18 3 37 58 3
22 71 67 16 18 68 76 21 27 50 75 94 82 84 42 34 19 38 77 1 74 2
23 39 50 32 32 16 7 9 89 90 26 37 58 96 43 17 84 49 80 60 23 2
24 84 48 29 66 81 85 26 3 43 23 22 16 61 69 41 45 80 76 95 34 1
25 66 63 38 78 3 92 75 7 63 36 55 50 50 57 73 67 36 55 13 13 4
26 75 77 4 12 32 54 53 89 4 47 10 68 39 95 83 6 52 1 24 3 2
27 63 87 31 17 92 56 60 94 37 36 33 12 78 3 89 48 74 58 94 72 1
28 41 53 54 75 66 98 71 20 33 87 57 88 50 55 70 22 64 59 50 53 3
29 12 66 28 37 37 7 53 78 64 66 45 78 26 43 43 91 88 14 93 9 2
30 60 65 25 95 97 26 62 56 25 27 14 39 50 55 87 49 21 52 13 73 1
31 79 11 4 97 36 76 69 62 42 27 57 66 40 36 67 39 85 60 15 10 4
32 15 19 52 49 80 80 17 10 61 77 31 35 22 19 37 72 56 70 44 10 1
33 26 72 71 55 7 45 52 28 6 66 8 28 79 15 74 40 39 43 23 70 3
34 31 95 87 94 44 92 100 99 43 60 30 70 46 27 74 80 35 17 51 16 3
35 4 48 65 83 33 9 94 44 16 22 17 90 95 76 53 5 1 51 5 80 2
36 20 83 57 58 85 40 22 23 71 78 63 46 62 67 89 39 7 15 5 55 2
37 90 36 43 10 95 77 56 43 80 14 98 93 26 44 92 27 54 17 62 48 1
38 90 63 34 6 87 48 31 83 64 99 36 95 65 93 17 96 27 41 72 50 2
39 95 90 59 48 24 7 88 65 20 62 2 49 94 70 32 91 18 93 86 94 4
40 71 58 76 33 80 7 85 90 16 39 28 43 33 19 71 29 18 1 37 6 3
41 9 73 73 47 38 30 2 4 81 80 7 49 98 58 91 96 56 73 49 72 3
42 17 53 45 12 74 78 2 37 37 40 83 85 84 79 75 84 79 34 18 15 4
43 82 9 27 39 71 70 16 92 19 46 100 55 63 9 82 57 19 96 12 90 3
44 22 10 30 89 39 67 47 46 26 40 12 21 32 54 20 31 50 17 81 40 2
45 58 74 71 76 83 79 96 73 55 55 85 48 21 48 55 83 54 32 31 44 2
46 88 89 68 27 49 66 29 96 71 25 62 75 19 62 55 23 44 63 45 1 3
47 80 93 64 67 41 50 25 24 85 56 28 41 11 39 13 66 23 17 14 62 2
48 68 54 88 85 1 15 21 54 35 20 26 36 57 3 67 82 70 17 6 34 1
49 49 79 25 90 2 100 78 19 22 91 39 80 58 97 45 65 60 18 98 71 3
50 74 50 83 84 91 19 100 53 75 59 77 49 100 29 14 35 89 11 50 59 3
51 6 59 98 50 91 48 83 39 55 39 57 67 49 78 31 25 36 16 74 7 3
52 10 4 23 39 35 73 48 8 61 76 48 25 85 13 38 52 19 39 8 76 1
53 12 3 81 66 57 28 26 91 95 94 45 55 39 75 17 33 27 54 3 88 4
54 7 60 76 34 44 1 13 67 46 20 36 64 12 58 87 5 57 43 19 68 4
55 77 67 34 5 90 44 47 82 57 26 91 69 59 30 36 11 92 82 2 50 2
56 22 68 34 15 55 69 75 16 42 49 67 69 85 48 42 65 66 25 16 46 3
57 7 98 84 44 68 83 53 29 55 85 23 30 78 10 85 78 32 25 84 11 1
58 91 19 68 2 44 84 21 67 82 71 94 68 13 67 7 96 65 39 100 16 2
59 6 9 19 28 31 54 44 73 7 93 36 22 45 24 77 92 30 24 69 65 1
