4 60
500 573 617 613 
0 33 33 52 51 63 70 95 88 13 63 13 74 8 72 66 47 31 99 67 18 1
1 107 97 25 32 72 66 19 9 46 48 28 31 13 67 18 20 63 61 49 29 2
2 96 95 60 66 35 36 7 15 23 90 41 79 79 89 64 47 30 61 49 71 2
3 33 28 84 75 20 29 79 76 40 73 22 76 87 35 27 27 61 64 95 32 2
4 51 49 105 100 43 42 89 93 23 9 21 39 1 32 93 83 7 24 79 2 4
5 58 55 13 9 60 56 15 10 21 48 82 80 46 56 79 33 32 20 19 71 3
6 11 6 32 33 53 59 82 86 15 1 40 27 24 15 80 61 38 97 73 11 1
7 42 45 93 83 12 22 63 60 26 6 35 100 54 93 52 32 11 20 19 26 3
8 1 2 82 77 38 43 15 10 65 62 88 29 50 66 15 46 65 30 10 38 1
9 24 27 75 82 31 28 82 83 77 39 95 62 2 84 72 16 80 33 39 87 4
10 82 77 23 15 72 62 100 100 2 4 58 82 75 91 79 81 26 17 89 53 4
11 59 64 73 75 77 85 91 96 14 1 57 5 57 4 9 98 97 34 50 53 4
12 1 1 52 52 99 94 35 45 94 24 98 71 87 34 72 14 43 14 10 1 3
13 22 25 64 64 20 10 49 57 34 15 71 11 62 20 1 40 69 36 73 48 2
14 1 2 29 28 67 63 89 89 7 90 79 97 100 72 13 85 3 20 96 26 1
15 81 86 5 8 21 31 37 45 28 62 79 28 31 18 71 63 87 21 67 96 3
16 13 6 98 93 73 71 66 58 61 76 79 36 58 41 2 95 47 91 64 68 1
17 40 37 24 32 27 18 19 13 100 53 36 50 57 47 40 46 31 54 35 39 4
18 27 26 56 49 64 71 85 86 87 69 49 94 85 96 2 12 76 31 16 48 1
19 6 15 87 90 47 56 28 31 74 45 39 59 98 97 66 83 91 69 100 38 4
20 14 10 27 17 19 23 32 30 68 46 42 42 79 23 97 13 23 55 17 27 2
21 55 45 4 3 61 70 31 36 77 60 95 85 35 79 74 22 73 59 2 76 1
22 3 1 45 52 1 10 51 61 85 5 70 40 5 66 70 93 86 12 68 37 4
23 73 64 45 38 17 21 89 95 35 38 84 73 68 27 12 93 77 64 55 9 2
24 34 34 59 60 76 79 93 97 5 96 73 44 64 79 32 58 61 63 74 57 2
25 71 65 76 80 89 94 15 9 35 75 87 15 92 9 86 28 76 41 95 75 4
26 80 71 24 14 58 48 86 83 13 36 62 84 27 18 72 30 70 36 85 90 3
27 65 69 12 7 45 38 71 76 43 87 67 77 28 26 70 69 67 56 38 25 4
28 17 23 53 45 68 68 91 98 78 73 35 23 73 11 100 22 30 94 69 40 1
29 19 28 4 7 73 77 42 48 26 98 80 70 83 60 27 87 64 41 89 40 1
30 1 3 22 25 46 56 78 86 65 18 77 18 77 39 69 83 76 78 95 8 1
31 78 81 53 59 36 46 32 32 58 46 88 40 61 73 92 56 49 4 5 61 1
32 21 13 42 43 84 74 13 4 4 31 92 70 100 30 16 77 41 31 68 80 2
33 12 2 96 93 70 75 67 66 73 65 81 87 24 49 53 40 86 67 32 35 3
34 45 41 31 40 38 38 45 37 57 21 77 66 67 12 81 71 43 28 46 8 2
35 57 66 4 1 33 27 72 62 81 55 51 96 33 55 42 8 22 36 86 2 1
36 13 13 83 88 72 70 50 53 67 20 38 4 69 33 17 79 51 10 74 39 1
37 18 18 75 84 45 51 15 17 81 62 25 74 45 12 38 48 71 100 29 28 2
38 106 97 32 40 84 74 10 17 99 40 49 99 19 84 56 100 92 76 22 48 4
39 77 76 24 34 86 85 33 43 33 17 47 61 88 67 37 26 30 67 14 36 2
40 5 4 85 87 55 61 40 36 64 33 64 21 5 43 52 95 12 58 91 30 2
41 37 39 11 13 87 96 61 70 41 43 9 11 96 3 79 38 19 17 47 87 3
42 7 15 82 82 41 40 100 99 28 46 91 83 65 54 28 53 95 78 29 54 1
43 34 27 39 49 86 80 12 10 72 19 7 64 4 77 20 57 34 9 96 37 4
44 64 68 55 47 25 25 3 4 52 27 79 64 69 43 57 37 56 43 23 83 4
45 6 8 1 2 1 5 1 7 28 7 34 28 64 27 51 78 63 51 10 68 1
46 72 63 8 1 46 40 74 70 31 26 53 82 19 95 73 46 93 4 19 41 2
47 86 91 67 65 45 48 26 22 20 6 14 67 92 39 23 35 93 42 70 21 1
48 1 8 34 39 76 77 2 8 44 4 5 78 91 57 46 42 92 70 45 42 4
49 31 29 37 40 43 50 78 69 93 88 74 14 51 96 37 30 17 17 64 55 2
50 85 76 25 18 57 53 89 87 91 52 6 80 71 100 19 33 11 5 21 98 4
51 72 73 56 64 69 62 53 53 6 44 48 74 33 47 30 12 100 34 38 96 1
52 53 46 86 81 9 15 55 50 66 23 46 76 68 64 1 91 52 20 67 24 2
53 23 13 73 76 34 38 1 1 57 94 64 81 31 67 47 62 60 26 75 71 3
54 55 46 28 20 93 87 58 53 15 46 90 57 95 87 33 19 97 62 18 45 3
55 42 37 76 75 10 14 57 52 94 25 48 51 74 50 40 69 26 44 20 54 4
56 45 50 101 97 44 51 1 6 27 7 73 77 7 20 3 41 24 64 23 73 2
57 60 60 13 6 50 45 82 91 31 27 78 72 73 64 47 16 10 4 17 94 1
58 56 65 56 48 20 30 28 21 96 22 33 62 3 6 39 61 4 77 86 91 3
59 96 87 6 14 27 32 58 59 1 66 21 71 16 8 30 49 33 18 54 54 3
