4 60
568 573 641 608 
0 28 37 60 55 71 74 82 92 78 73 87 53 3 50 1 1 28 19 15 26 3
1 89 81 15 24 62 58 9 1 25 97 4 67 69 36 75 69 58 89 21 42 4
2 55 51 32 22 94 92 71 63 77 66 99 11 88 45 55 22 67 62 83 27 2
3 21 28 72 75 29 29 67 76 77 48 62 44 65 95 77 98 47 23 21 19 1
4 86 81 32 24 78 74 32 25 90 66 69 15 10 18 44 32 99 3 83 4 3
5 45 47 92 93 47 48 94 94 86 79 32 44 71 75 4 53 81 19 11 49 1
6 64 74 6 1 35 27 56 54 55 8 34 86 70 70 97 43 53 37 99 90 3
7 16 21 54 59 107 98 45 36 39 27 77 36 72 61 1 77 65 18 7 92 4
8 3 6 80 73 44 47 8 14 55 100 93 93 52 93 11 63 50 47 57 17 3
9 15 11 66 66 22 12 73 67 82 19 36 51 58 26 61 23 80 53 62 60 3
10 95 89 44 35 72 74 21 20 24 97 61 9 62 28 81 23 33 59 32 74 1
11 1 4 13 7 25 17 18 28 62 73 57 58 28 48 60 50 53 36 21 46 2
12 63 65 12 8 67 58 1 1 18 49 74 45 38 36 18 56 74 29 82 28 1
13 46 37 67 76 23 22 65 61 16 77 21 89 33 52 36 84 23 56 56 1 3
14 8 14 38 40 68 75 1 1 77 18 87 35 99 61 34 79 6 26 59 35 2
15 56 58 80 80 1 3 12 17 97 3 17 53 43 31 33 82 59 29 29 45 1
16 50 46 43 33 26 19 1 6 80 9 76 79 80 53 13 30 53 29 65 95 2
17 45 49 37 44 48 38 32 25 13 99 3 48 67 24 17 30 29 19 82 1 1
18 24 22 45 37 53 59 74 74 41 5 2 9 11 75 33 92 43 62 80 57 2
19 1 3 75 78 35 44 8 11 86 87 73 53 61 84 82 52 66 78 33 71 3
20 27 22 19 29 24 27 37 34 21 62 69 78 21 45 13 84 40 89 43 2 2
21 13 21 91 87 40 46 10 12 81 76 93 58 31 72 45 44 41 15 31 22 4
22 19 29 82 80 38 38 88 89 90 93 93 5 75 62 98 13 96 12 59 56 4
23 105 100 69 74 49 57 21 31 63 8 69 92 16 94 23 48 79 40 14 11 4
24 38 30 55 48 80 75 84 93 36 36 86 44 2 93 98 34 57 92 91 21 4
25 19 17 24 32 37 46 63 61 22 85 40 4 6 87 3 66 90 26 72 49 3
26 62 55 98 98 32 32 76 75 90 64 1 87 85 18 61 30 19 70 100 13 4
27 98 93 16 23 57 62 104 100 66 29 99 39 84 36 14 98 100 64 70 47 3
28 67 63 82 85 18 8 33 30 20 21 4 14 44 47 94 30 91 17 31 78 4
29 69 68 46 47 23 17 92 88 73 6 42 40 97 59 37 63 95 25 61 10 4
30 37 31 69 61 93 84 17 14 45 27 3 23 26 80 54 27 78 95 49 5 3
31 33 37 21 15 4 2 87 88 65 59 78 67 83 62 93 72 73 49 15 35 3
32 24 25 45 55 95 86 16 16 57 100 70 90 40 36 86 21 85 22 27 93 3
33 12 10 88 93 91 83 59 66 49 63 29 51 83 3 33 95 85 77 18 59 4
34 54 57 61 56 47 54 54 53 69 98 65 97 78 57 12 92 18 40 9 49 3
35 75 70 93 97 30 31 56 66 54 71 49 41 34 62 20 95 35 60 34 20 2
36 46 41 24 24 105 98 83 81 46 12 12 79 20 98 62 7 16 61 55 72 4
37 39 46 9 12 87 79 36 45 46 77 40 96 10 82 80 72 13 25 70 41 1
38 66 73 26 16 44 50 91 93 96 48 61 31 75 25 32 66 42 71 38 72 1
39 52 56 20 14 69 73 37 31 99 21 18 29 14 73 22 54 56 49 63 84 2
40 88 96 73 71 43 45 15 20 40 65 96 40 36 99 68 59 82 10 9 84 3
41 92 91 66 65 34 40 16 22 95 82 55 71 54 33 46 51 5 14 57 99 2
42 41 47 1 6 59 64 34 31 72 38 54 32 43 24 70 88 77 100 79 25 3
43 95 87 21 17 47 48 65 70 42 39 68 19 46 7 7 21 72 93 7 94 3
44 10 20 101 99 71 77 49 56 70 7 17 22 42 36 43 84 15 51 46 2 4
45 85 92 86 94 87 97 109 99 86 13 39 30 82 21 60 3 61 51 58 87 1
46 83 87 19 25 49 56 85 94 34 58 51 91 12 92 46 64 68 71 70 93 4
47 19 27 16 9 78 84 75 66 98 55 79 89 7 1 61 96 91 42 94 62 2
48 69 64 11 3 24 33 71 64 89 50 27 22 89 75 73 27 8 34 17 100 1
49 29 29 35 40 41 50 76 69 1 1 47 46 70 88 66 100 61 5 65 14 1
50 23 16 55 50 87 85 19 19 19 92 63 71 9 75 73 20 19 40 26 22 4
51 67 61 51 52 43 50 48 41 14 86 44 69 79 28 6 65 22 24 92 79 3
52 82 78 15 13 38 47 84 82 20 58 34 1 10 23 11 86 61 22 91 9 1
53 20 29 83 92 52 54 15 17 26 51 72 25 28 68 39 92 81 98 83 15 4
54 33 42 6 16 92 83 57 49 93 72 78 83 1 9 62 34 64 91 85 61 2
55 20 29 75 67 1 6 35 44 62 58 42 70 30 42 77 45 67 44 36 70 4
56 27 26 83 73 26 27 82 82 100 43 51 91 73 53 89 90 82 30 58 39 2
57 87 96 40 42 85 81 22 19 50 92 5 82 13 11 8 2 77 22 99 32 1
58 39 29 18 12 95 94 74 77 29 81 7 35 34 99 99 26 55 35 84 48 2
59 17 27 40 46 69 72 84 91 7 33 59 61 31 20 6 91 7 86 89 64 1
