4 60
1571 1516 1415 1476 
0 27 17 45 35 64 54 82 72 99 61 75 41 88 82 11 29 50 63 95 15 4
1 41 31 18 8 94 84 79 69 68 28 65 70 22 91 95 36 29 25 18 79 4
2 39 29 74 64 16 6 51 41 19 42 89 63 30 47 31 22 57 7 1 59 2
3 18 8 34 24 43 33 59 49 6 67 43 28 60 45 78 26 27 34 42 95 1
4 97 87 68 58 38 28 17 7 68 51 9 45 19 36 1 63 60 77 53 79 4
5 67 57 76 66 76 66 77 67 96 14 98 56 83 2 1 86 38 67 60 72 4
6 38 28 85 75 39 29 86 76 64 29 55 22 2 100 52 1 73 66 32 88 2
7 43 33 28 18 104 94 81 71 58 55 67 38 49 5 79 82 12 41 24 64 2
8 39 29 90 80 32 22 83 73 65 71 15 50 82 40 30 35 59 87 43 51 1
9 49 39 17 7 94 84 62 52 77 48 100 73 33 7 16 3 92 29 32 13 1
10 105 95 59 49 106 96 60 50 58 98 12 58 74 94 8 65 20 7 94 59 4
11 48 38 49 39 57 47 66 56 33 18 92 91 95 15 9 59 56 73 19 77 4
12 36 26 63 53 89 79 16 6 49 36 85 34 57 97 37 41 29 3 77 29 3
13 101 91 49 39 98 88 54 44 90 93 51 80 84 56 45 18 54 61 10 22 2
14 67 57 105 95 44 34 82 72 32 60 1 77 80 26 23 71 68 7 86 74 3
15 75 65 107 97 48 38 80 70 40 56 14 12 87 9 82 71 5 38 4 85 4
16 12 2 79 69 45 35 20 10 38 71 43 14 8 10 19 22 6 61 70 17 2
17 102 92 62 52 15 5 67 57 44 28 49 65 98 10 91 53 39 100 62 40 3
18 101 91 56 46 102 92 57 47 62 45 19 69 47 44 55 34 73 63 49 83 4
19 46 36 106 96 75 65 35 25 76 21 66 60 71 76 65 50 75 65 29 14 1
20 107 97 53 43 92 82 38 28 27 79 16 18 29 1 57 57 40 78 88 60 2
21 78 68 63 53 55 45 40 30 90 63 33 11 71 95 76 17 50 36 60 78 3
22 30 20 41 31 51 41 62 52 81 11 68 78 4 4 83 53 91 64 63 54 4
23 74 64 39 29 11 1 76 66 65 52 13 26 84 39 12 97 60 93 75 63 2
24 71 61 22 12 64 54 107 97 67 84 72 81 12 71 17 20 82 14 34 1 3
25 78 68 39 29 99 89 60 50 68 75 79 59 23 57 37 53 5 40 71 4 2
26 95 85 34 24 80 70 27 17 33 12 50 67 88 17 41 72 78 24 31 25 3
27 33 23 74 64 14 4 55 45 27 7 29 28 4 14 98 14 30 40 30 87 1
28 72 62 106 96 33 23 67 57 76 68 73 90 24 12 36 68 64 32 45 87 2
29 46 36 11 1 83 73 56 46 94 43 94 85 83 82 61 33 65 14 9 67 1
30 100 90 22 12 45 35 67 57 12 21 72 60 100 62 87 89 73 79 38 54 3
31 11 1 64 54 108 98 61 51 27 63 34 13 63 33 78 16 89 38 74 66 1
32 48 38 27 17 13 3 100 90 59 43 96 59 92 88 28 99 93 67 89 28 1
33 77 67 22 12 66 56 19 9 78 60 48 62 17 23 70 62 41 72 81 54 4
34 91 81 86 76 80 70 75 65 90 26 83 53 49 34 81 78 12 35 47 87 1
35 65 55 102 92 38 28 75 65 14 45 57 23 7 9 63 14 65 87 38 57 4
36 76 66 99 89 21 11 36 26 92 78 21 79 25 48 67 7 36 42 61 39 4
37 42 32 78 68 15 5 51 41 93 4 79 95 5 4 44 56 49 67 1 69 2
38 89 79 56 46 22 12 97 87 22 31 47 60 94 27 74 44 69 5 84 65 1
39 93 83 81 71 78 68 74 64 94 25 41 71 78 62 89 4 53 91 97 73 4
40 104 94 11 1 17 7 16 6 39 88 62 5 89 13 53 90 93 57 27 11 3
41 25 15 21 11 18 8 14 4 10 14 76 18 53 75 77 68 8 63 17 36 1
42 43 33 109 99 76 66 34 24 95 24 70 2 12 18 65 47 58 28 83 24 4
43 94 84 55 45 15 5 68 58 43 1 29 90 25 34 57 16 19 7 55 57 1
44 99 89 50 40 108 98 59 49 42 43 7 12 77 35 97 96 49 60 41 55 2
45 27 17 80 70 32 22 77 67 76 56 51 98 99 41 9 58 62 99 27 92 2
46 30 20 12 2 87 77 69 59 32 99 80 6 78 66 73 76 20 55 20 52 4
47 15 5 100 90 92 82 85 75 4 44 36 5 24 22 60 20 76 46 38 4 4
48 68 58 86 76 105 95 23 13 83 65 66 8 84 15 8 45 19 14 42 87 4
49 36 26 81 71 25 15 70 60 29 10 42 35 54 44 28 85 74 78 84 35 3
50 67 57 82 72 96 86 11 1 21 49 29 96 10 32 80 89 63 2 93 14 4
51 86 76 50 40 23 13 95 85 34 58 42 8 28 85 24 65 30 64 55 30 2
52 37 27 72 62 14 4 49 39 9 5 65 35 29 48 32 29 76 99 34 12 1
53 87 77 16 6 44 34 65 55 79 99 18 52 18 72 41 37 43 75 40 66 3
54 99 89 37 27 68 58 106 96 59 40 60 38 82 1 60 33 39 31 51 58 3
55 27 17 95 85 64 54 24 14 65 15 67 72 79 99 8 93 48 37 49 36 4
56 81 71 103 93 26 16 48 38 68 98 17 64 36 28 21 65 76 28 56 56 4
57 81 71 86 76 98 88 11 1 47 54 60 81 40 52 93 76 47 31 1 93 2
58 78 68 49 39 19 9 98 88 34 36 24 2 48 35 68 36 43 87 14 87 4
59 32 22 48 38 57 47 73 63 100 16 34 68 82 40 38 63 27 25 43 70 2
