4 60
1504 1476 1808 1792 
0 75 93 52 11 28 30 13 48 53 52 1 46 6 51 26 92 55 51 55 16 1
1 56 73 72 8 81 50 89 85 5 13 78 40 41 10 51 40 7 90 22 78 1
2 13 27 22 98 22 68 31 39 95 50 79 22 28 47 12 66 88 84 12 50 4
3 21 24 6 79 82 25 59 72 19 85 71 96 31 77 75 89 24 21 99 55 4
4 11 25 79 76 48 18 24 69 10 68 8 14 31 84 45 83 44 12 76 89 3
5 6 27 15 81 15 28 24 82 46 4 71 47 66 20 76 67 68 76 76 95 1
6 99 30 47 57 96 83 52 18 57 70 97 99 32 88 21 26 36 27 50 76 2
7 97 73 37 11 78 50 10 96 44 27 22 80 9 20 56 63 37 33 97 90 4
8 92 54 44 29 97 95 57 62 99 67 58 24 41 74 76 11 52 1 70 19 4
9 80 91 40 38 9 92 77 39 94 41 40 16 93 88 40 72 94 7 54 78 1
10 72 69 65 15 49 54 42 100 79 93 43 50 90 93 98 50 37 15 4 33 1
11 76 52 49 63 13 73 86 84 79 97 55 52 30 34 4 100 77 30 94 54 3
12 16 57 77 100 37 42 98 93 8 92 56 62 3 61 11 63 42 59 29 65 3
13 3 1 52 40 92 86 33 33 87 62 41 60 98 43 50 38 83 61 2 16 3
14 96 74 61 8 33 35 6 69 9 71 60 88 63 25 26 34 65 67 13 43 4
15 45 74 90 88 42 11 95 33 68 68 63 72 10 91 69 9 84 55 88 18 4
16 71 10 16 97 68 83 13 70 90 25 84 91 60 74 36 82 61 1 14 19 2
17 91 21 28 8 64 2 1 97 87 68 11 78 40 34 23 89 23 77 99 15 4
18 20 54 56 77 93 91 29 14 8 19 29 50 15 75 11 64 85 66 99 84 2
19 47 35 43 2 32 76 28 43 17 12 70 75 31 19 63 55 8 85 57 90 1
20 87 74 83 81 80 87 76 94 8 90 14 62 32 61 8 4 57 62 71 45 1
21 56 89 17 47 69 14 30 80 51 21 11 7 84 90 44 8 57 46 52 90 1
22 61 21 14 72 66 30 11 81 57 28 54 40 45 44 72 70 71 99 11 19 2
23 17 100 10 82 2 57 95 39 13 66 15 52 56 42 14 71 60 16 23 20 3
24 26 78 71 96 23 15 68 33 5 74 85 46 43 4 48 96 93 83 89 84 3
25 96 45 60 60 33 82 5 97 64 93 52 70 14 65 64 65 54 25 95 72 2
26 85 39 14 74 42 16 71 51 78 35 28 12 56 25 47 100 35 95 96 85 2
27 45 17 13 55 74 94 42 24 14 21 96 85 86 16 7 75 23 65 72 35 4
28 75 23 88 45 100 68 13 90 76 80 14 19 35 82 81 85 38 80 37 86 2
29 62 36 70 7 87 77 95 48 4 48 77 45 61 12 65 47 92 15 73 42 4
30 82 23 55 53 19 84 92 6 25 7 66 63 23 44 73 6 96 56 35 13 1
31 37 17 62 3 94 90 27 68 91 9 86 23 29 79 29 2 55 1 80 16 3
32 5 85 34 15 62 46 99 76 1 66 66 64 20 23 37 73 76 90 31 78 4
33 28 18 73 1 17 91 54 74 54 30 31 8 23 30 60 38 46 8 98 100 4
34 93 85 49 84 6 82 62 81 20 86 57 1 68 72 19 37 42 79 80 88 2
35 70 22 39 49 99 83 60 18 4 49 49 56 37 86 64 1 6 63 56 83 3
36 10 33 47 16 75 90 12 73 7 78 83 21 49 93 69 47 57 34 2 30 1
37 60 42 13 8 73 75 26 41 87 91 55 97 85 78 3 54 31 70 67 1 4
38 80 33 24 76 77 10 29 53 82 18 86 12 3 12 77 86 16 5 98 89 2
39 61 76 25 34 90 93 54 51 47 22 85 93 47 25 14 51 14 42 12 62 4
40 1 68 6 43 10 25 7 100 23 98 92 57 62 47 57 75 72 83 68 48 4
41 67 7 23 89 88 64 52 46 40 88 100 52 36 27 4 55 73 47 68 79 2
42 83 87 11 46 48 4 76 63 78 40 17 30 100 98 58 92 97 63 9 9 2
43 24 35 69 65 13 96 58 18 43 45 46 4 59 20 33 3 87 40 69 6 2
44 32 44 40 23 49 1 65 80 25 64 83 33 59 39 79 73 23 92 47 37 4
45 8 80 21 82 33 85 54 79 81 19 83 56 66 27 20 88 23 79 61 45 2
46 62 19 42 57 23 96 3 34 82 78 61 41 38 75 77 56 22 13 46 46 2
47 54 35 30 17 15 92 91 74 64 64 3 86 34 12 33 10 27 42 68 12 2
48 82 60 94 91 15 21 35 60 71 97 21 63 97 14 64 86 12 94 24 61 1
49 91 29 67 40 44 50 20 69 8 43 94 27 42 13 31 51 14 35 65 73 3
50 76 72 85 6 93 41 2 75 93 17 43 51 98 26 44 60 40 96 47 92 2
51 8 93 100 84 93 82 85 73 36 8 83 49 1 61 67 63 95 43 46 11 1
52 76 26 89 61 1 95 22 38 35 37 22 75 82 12 39 21 38 21 60 19 3
53 74 45 43 8 19 70 88 33 4 31 19 24 85 70 88 5 40 82 51 39 3
54 29 90 98 56 66 31 35 97 1 56 82 95 69 80 26 83 12 39 42 86 3
55 31 21 88 59 36 98 93 36 84 36 53 33 24 46 100 54 52 28 73 98 1
56 36 82 56 37 77 91 97 38 66 17 30 59 17 83 75 30 7 72 37 44 4
57 97 100 74 38 58 85 43 23 78 33 45 86 2 69 96 15 17 69 31 63 1
58 33 17 10 100 94 90 71 73 81 55 41 97 64 65 22 78 54 33 24 86 4
59 48 79 61 6 73 24 78 51 53 62 35 62 42 6 85 60 57 93 58 50 2
