4 60
1371 1490 1401 1458 
0 75 65 93 83 12 2 30 20 36 100 39 32 13 46 81 98 30 43 96 37 3
1 69 59 46 36 22 12 107 97 89 90 13 51 76 36 79 90 20 61 5 49 1
2 39 29 82 72 16 6 59 49 72 35 53 7 16 72 77 58 28 30 39 54 2
3 18 8 26 16 43 33 51 41 42 30 24 10 28 22 67 99 12 36 57 1 2
4 69 59 40 30 18 8 89 79 42 42 90 61 90 72 38 97 7 12 27 26 4
5 103 93 104 94 12 2 13 3 60 57 68 24 58 59 29 32 91 40 58 74 3
6 34 24 89 79 35 25 90 80 41 72 29 78 8 17 29 51 49 33 60 37 2
7 79 69 56 46 40 30 17 7 78 34 10 43 82 24 66 85 98 56 9 16 1
8 27 17 70 60 20 10 71 61 20 67 16 47 96 87 8 88 45 59 22 8 1
9 21 11 89 79 66 56 34 24 83 28 38 12 46 40 74 93 1 97 34 65 3
10 109 99 63 53 110 100 64 54 17 63 90 23 78 52 84 73 98 95 76 13 3
11 100 90 109 99 17 7 18 8 55 3 79 69 80 28 13 4 40 83 37 69 4
12 48 38 75 65 101 91 28 18 20 27 65 56 86 95 84 80 97 32 18 8 2
13 105 95 53 43 110 100 58 48 72 20 47 27 95 74 64 46 47 37 53 16 3
14 83 73 21 11 60 50 98 88 95 61 88 49 7 64 75 35 44 89 16 42 2
15 67 57 107 97 48 38 80 70 36 20 44 20 82 21 81 63 27 14 56 52 4
16 60 50 27 17 101 91 68 58 4 13 67 31 59 81 23 43 77 88 88 63 4
17 46 36 98 88 51 41 11 1 84 42 100 99 53 14 71 61 62 76 96 72 3
18 13 3 60 50 14 4 61 51 93 13 66 22 99 9 21 68 49 91 54 45 3
19 62 52 30 20 91 81 59 49 60 95 93 61 62 54 65 41 41 51 2 78 2
20 47 37 93 83 32 22 78 68 50 11 8 100 85 83 17 24 66 67 96 54 4
21 78 68 71 61 55 45 48 38 39 18 62 3 53 62 14 88 69 79 79 90 1
22 14 4 25 15 35 25 46 36 69 37 88 82 8 99 5 24 100 100 62 59 2
23 22 12 95 85 59 49 32 22 34 60 8 77 35 45 53 87 98 7 98 11 4
24 43 33 86 76 36 26 79 69 80 6 20 50 35 3 100 61 32 74 86 27 2
25 54 44 15 5 75 65 36 26 67 41 92 65 6 84 43 93 47 68 99 82 3
26 35 25 82 72 28 18 67 57 62 96 4 38 36 95 69 15 41 19 38 21 3
27 65 55 14 4 54 44 95 85 28 80 97 18 35 99 45 38 1 33 13 68 1
28 16 6 50 40 77 67 11 1 80 24 61 83 8 98 58 10 68 4 56 22 2
29 110 100 75 65 47 37 20 10 97 36 55 91 68 59 7 74 61 49 58 75 2
30 64 54 86 76 109 99 23 13 42 85 17 96 19 43 99 42 36 78 24 71 2
31 107 97 60 50 104 94 57 47 49 23 86 79 22 47 64 55 24 31 55 1 1
32 24 14 11 1 97 87 76 66 62 43 22 92 3 55 84 12 99 72 54 62 2
33 57 47 110 100 54 44 99 89 2 28 33 91 79 41 84 64 85 30 12 59 3
34 39 29 26 16 20 10 15 5 61 7 38 87 81 27 81 63 97 41 85 44 2
35 57 47 94 84 30 20 67 57 80 25 31 90 45 32 64 57 89 19 4 94 2
36 32 22 55 45 69 59 92 82 71 38 78 25 82 20 10 25 55 52 74 84 2
37 34 24 70 60 107 97 43 33 26 18 9 71 51 54 3 22 92 24 7 96 3
38 45 35 12 2 86 76 53 43 22 97 33 70 33 13 3 79 1 92 62 3 2
39 33 23 29 19 18 8 14 4 34 45 20 67 75 33 23 37 26 65 10 60 2
40 48 38 55 45 61 51 68 58 88 86 4 77 71 51 83 36 67 39 40 36 1
41 97 87 93 83 90 80 86 76 57 86 78 72 49 72 18 51 74 61 70 90 4
42 59 49 25 15 84 74 50 40 42 48 20 18 40 27 93 35 85 61 42 95 1
43 62 52 15 5 75 65 36 26 16 49 48 72 82 5 91 70 100 22 23 58 2
44 35 25 86 76 44 34 95 85 48 61 6 64 69 37 27 2 63 32 15 94 2
45 23 13 76 66 28 18 73 63 38 40 83 90 10 34 23 17 19 27 33 98 2
46 58 48 40 30 23 13 97 87 20 11 72 22 34 15 63 27 96 73 36 71 2
47 31 21 24 14 16 6 109 99 97 88 89 41 5 18 18 81 17 56 60 29 1
48 16 6 34 24 53 43 79 69 6 62 37 46 26 2 61 35 95 3 3 91 1
49 92 82 45 35 89 79 34 24 90 95 82 10 92 77 14 57 32 6 67 52 4
50 83 73 106 96 20 10 35 25 9 35 19 42 20 99 91 91 19 17 5 91 2
51 34 24 106 96 79 69 43 33 64 91 5 93 91 47 58 61 69 52 66 61 4
52 45 35 80 70 22 12 57 47 41 84 52 16 9 38 83 5 55 93 78 54 4
53 99 89 20 10 48 38 77 67 12 99 52 42 32 72 19 48 76 39 52 76 4
54 91 81 21 11 60 50 98 88 11 99 12 99 96 92 18 74 77 96 83 91 4
55 51 41 19 9 80 70 48 38 69 88 3 35 85 1 32 49 94 90 62 75 1
56 61 51 83 73 106 96 28 18 51 59 65 68 58 86 3 11 72 39 34 11 2
57 65 55 78 68 90 80 103 93 22 55 53 35 98 42 98 80 4 9 89 22 2
58 58 48 29 19 99 89 78 68 63 12 66 52 95 67 14 93 38 38 43 24 1
59 32 22 48 38 57 47 65 55 99 53 60 53 57 10 60 6 47 80 48 42 4
