4 60
1719 1576 1371 1428 
0 23 13 41 31 60 50 78 68 84 28 99 46 15 10 63 55 28 35 73 56 1
1 97 87 74 64 50 40 35 25 26 16 41 11 93 12 84 24 9 54 100 53 4
2 47 37 82 72 24 14 59 49 38 40 54 59 16 77 78 84 40 41 72 57 1
3 110 100 26 16 35 25 51 41 4 91 58 98 30 39 87 13 87 35 92 50 2
4 49 39 20 10 90 80 61 51 55 96 30 85 92 55 38 61 26 64 51 44 4
5 39 29 40 30 40 30 49 39 73 86 98 79 33 2 83 69 88 96 96 24 1
6 38 28 85 75 39 29 86 76 100 20 22 94 9 21 56 88 15 23 67 5 3
7 107 97 92 82 68 58 45 35 10 54 76 32 53 28 88 85 74 39 100 90 1
8 107 97 58 48 108 98 51 41 25 10 38 6 26 35 74 45 30 42 63 21 1
9 93 83 61 51 30 20 106 96 84 45 85 88 42 69 20 35 99 64 52 32 1
10 21 11 67 57 22 12 68 58 47 29 12 7 87 83 92 97 53 98 86 56 3
11 60 50 61 51 69 59 78 68 97 6 79 68 49 27 72 80 28 54 39 7 2
12 60 50 87 77 13 3 40 30 37 95 18 31 8 94 32 57 11 58 32 78 4
13 17 7 65 55 14 4 62 52 42 98 60 60 57 75 23 96 24 15 66 21 4
14 99 89 37 27 76 66 14 4 51 5 56 50 93 19 10 85 84 16 81 24 1
15 67 57 107 97 40 30 80 70 81 29 41 5 72 51 87 67 52 59 76 71 2
16 108 98 83 73 49 39 16 6 30 28 13 58 65 59 74 22 91 34 51 38 4
17 82 72 34 24 95 85 47 37 3 90 66 78 96 12 89 61 27 91 89 37 4
18 17 7 72 62 18 8 73 63 78 14 75 57 54 89 14 35 23 80 30 51 3
19 78 68 46 36 15 5 75 65 67 98 72 43 41 82 43 54 57 100 93 2 2
20 95 85 33 23 80 70 18 8 52 96 52 11 99 21 41 97 54 83 42 40 1
21 86 76 79 69 63 53 56 46 15 92 57 45 66 69 45 68 85 90 47 78 1
22 90 80 101 91 11 1 22 12 94 80 51 23 97 76 73 100 94 96 5 9 2
23 78 68 43 33 15 5 88 78 63 74 100 17 8 85 35 22 41 25 19 26 3
24 15 5 58 48 100 90 51 41 23 24 56 43 57 77 58 83 25 98 86 7 4
25 38 28 99 89 59 49 20 10 78 4 85 61 61 48 93 70 43 21 45 82 3
26 83 73 30 20 68 58 15 5 70 85 64 11 71 12 44 43 16 91 30 32 3
27 105 95 54 44 94 84 35 25 82 87 53 22 48 60 87 83 77 80 20 72 1
28 60 50 94 84 21 11 55 45 99 16 67 33 57 65 65 49 63 16 51 1 4
29 74 64 39 29 11 1 84 74 26 83 16 73 99 5 88 91 16 19 3 45 3
30 28 18 50 40 73 63 87 77 97 86 11 54 62 3 44 84 64 72 85 87 1
31 103 93 56 46 100 90 53 43 48 100 2 74 6 20 49 80 84 11 27 33 4
32 100 90 87 77 73 63 60 50 56 45 33 95 81 68 34 4 83 89 74 37 2
33 45 35 90 80 34 24 87 77 58 8 6 22 97 75 79 39 56 97 99 7 1
34 79 69 74 64 68 58 63 53 9 30 30 6 91 32 19 96 91 75 48 93 1
35 49 39 86 76 22 12 59 49 65 59 85 83 52 44 95 89 60 81 68 89 2
36 88 78 11 1 25 15 48 38 1 80 22 30 14 14 37 84 54 14 10 18 2
37 26 16 62 52 99 89 35 25 64 62 8 94 35 14 52 22 89 98 90 38 3
38 101 91 68 58 42 32 109 99 17 12 76 5 19 70 80 39 37 69 57 40 2
39 73 63 69 59 58 48 54 44 35 37 58 69 91 20 42 26 79 22 75 42 2
40 100 90 99 89 105 95 12 2 50 85 95 25 97 33 9 21 14 66 47 79 4
41 69 59 65 55 62 52 58 48 12 84 94 79 22 91 25 70 94 4 57 5 4
42 67 57 33 23 100 90 58 48 13 39 91 98 16 71 8 55 49 37 97 78 3
43 22 12 83 73 43 33 96 86 45 48 98 66 38 19 42 85 87 25 46 28 3
44 71 61 22 12 80 70 31 21 3 57 79 40 95 9 97 3 35 84 20 75 3
45 27 17 72 62 24 14 69 59 84 21 37 23 77 12 39 97 75 76 100 94 4
46 94 84 76 66 51 41 33 23 68 73 16 67 59 26 50 85 10 64 65 56 1
47 55 45 48 38 40 30 25 15 89 36 29 80 4 12 4 88 84 33 62 45 3
48 72 62 90 80 109 99 27 17 49 4 41 45 60 31 44 20 22 22 31 53 3
49 56 46 101 91 45 35 90 80 24 90 29 14 28 73 32 61 47 62 52 28 3
50 107 97 30 20 44 34 59 49 33 91 66 86 4 21 62 22 67 3 69 26 4
51 90 80 62 52 27 17 99 89 79 2 49 18 82 43 76 46 88 81 73 34 3
52 53 43 88 78 30 20 65 55 24 14 88 8 31 10 21 53 94 37 9 31 3
53 103 93 32 22 52 42 81 71 14 11 87 30 96 99 21 94 78 67 85 76 1
54 75 65 13 3 52 42 90 80 11 65 43 48 88 94 60 42 80 94 68 47 2
55 75 65 35 25 104 94 64 54 89 48 15 57 10 22 94 81 28 21 95 98 2
56 41 31 63 53 86 76 16 6 77 67 87 20 28 32 20 30 64 66 10 62 3
57 57 47 70 60 82 72 95 85 93 8 75 97 60 35 81 85 52 21 43 24 4
58 38 28 109 99 79 69 50 40 73 8 30 9 4 94 64 80 23 17 16 6 2
59 32 22 40 30 57 47 65 55 65 83 20 39 70 73 37 11 35 70 77 57 2
