4 60
1258 1538 1512 1492 
0 6 7 25 25 36 44 68 62 50 71 26 49 74 70 33 19 3 100 82 41 1
1 45 43 92 86 18 20 65 63 4 56 40 91 47 100 9 100 42 80 57 78 4
2 82 85 59 56 21 26 98 97 49 37 66 34 95 96 53 42 42 53 56 58 1
3 28 22 87 77 23 23 82 78 89 13 88 73 91 44 21 75 93 62 93 88 2
4 43 43 81 86 35 36 81 87 32 90 40 40 90 100 28 56 97 4 59 42 1
5 62 57 9 11 56 58 11 12 23 54 74 29 93 79 3 19 5 32 10 46 3
6 3 12 45 39 66 65 95 92 6 59 26 9 92 50 90 19 8 37 45 73 1
7 103 99 49 45 81 84 19 22 45 30 68 90 89 82 72 16 14 27 68 17 4
8 87 84 43 51 20 17 84 84 100 38 22 18 38 42 8 44 4 12 2 5 1
9 38 29 89 84 32 38 75 85 13 81 59 96 11 42 1 88 41 88 46 54 4
10 49 47 77 85 26 32 75 70 75 82 29 28 59 15 55 20 59 48 97 35 1
11 16 6 9 17 21 27 48 38 52 85 84 49 50 14 9 29 10 88 76 44 4
12 82 87 39 38 86 80 14 23 91 33 72 48 35 60 50 81 3 18 80 99 3
13 89 95 39 42 87 80 37 27 56 73 84 96 7 2 44 53 30 75 42 91 4
14 27 24 65 58 95 85 25 19 95 5 26 39 46 91 88 80 85 15 97 1 4
15 61 68 98 90 14 5 17 27 34 27 79 39 26 84 85 83 55 56 81 10 4
16 49 44 21 31 25 17 89 96 8 84 90 69 35 75 89 24 25 53 17 6 3
17 9 7 1 2 91 96 75 83 85 81 19 18 76 15 48 48 40 77 95 74 2
18 14 8 14 23 43 45 72 68 5 80 56 51 93 52 14 55 35 93 58 27 2
19 88 97 69 64 29 38 10 5 78 44 88 44 40 63 17 55 22 49 45 24 3
20 45 36 37 43 50 49 63 56 36 19 21 85 19 73 57 62 94 54 45 21 3
21 9 3 58 61 36 28 85 94 64 70 5 52 68 74 67 70 22 40 84 96 4
22 20 19 70 70 26 28 89 79 100 61 90 17 67 8 29 72 54 83 1 76 1
23 69 78 70 60 34 35 14 17 23 68 14 76 62 67 31 67 6 82 28 69 4
24 10 16 27 34 44 53 61 71 7 63 18 29 1 12 60 54 38 24 42 17 4
25 28 23 41 46 54 60 67 75 32 48 96 20 91 90 96 90 20 25 49 97 4
26 28 25 64 60 1 2 34 37 62 7 32 3 59 24 50 78 95 86 1 65 2
27 20 15 59 53 79 84 18 22 51 92 12 29 28 51 26 78 42 92 77 60 2
28 19 21 34 43 70 66 85 88 70 48 43 43 30 95 18 91 96 65 21 17 4
29 19 18 88 89 73 67 42 38 77 25 86 46 25 34 52 7 51 91 21 14 2
30 23 17 55 47 79 78 11 8 65 61 4 8 10 4 26 16 64 15 74 10 4
31 15 19 103 97 86 84 69 70 85 76 74 33 13 71 19 34 33 35 13 93 1
32 34 35 63 65 105 96 34 26 42 27 86 6 29 38 92 62 56 82 96 46 1
33 41 48 46 39 12 21 17 12 83 50 5 14 56 51 97 93 74 9 29 73 4
34 31 35 38 34 37 32 23 31 96 56 67 80 84 3 2 4 28 77 4 14 2
35 96 96 27 23 51 57 82 84 66 39 15 43 55 93 91 100 69 46 28 14 1
36 31 27 9 10 98 92 68 67 61 52 21 32 57 3 10 1 47 94 14 66 3
37 93 84 42 50 20 17 90 83 44 3 64 7 37 82 5 27 76 59 57 94 2
38 49 51 88 94 35 36 66 71 7 24 11 57 31 63 98 44 66 70 21 14 1
39 3 2 50 60 20 19 67 77 49 100 36 51 77 88 94 47 24 38 63 34 3
40 10 10 82 85 73 67 45 42 87 16 48 36 36 97 96 24 39 3 77 59 1
41 45 53 19 27 16 10 90 84 90 53 23 40 68 61 59 94 25 12 63 71 1
42 67 65 34 24 72 82 39 49 15 94 50 62 74 41 91 85 86 5 45 18 3
43 30 33 56 63 95 86 21 16 52 28 99 51 39 48 99 81 30 50 53 46 3
44 73 82 64 61 34 39 25 18 57 23 6 2 18 83 72 35 34 74 82 50 4
45 2 10 1 4 17 7 5 9 75 88 96 4 12 38 51 25 85 39 27 29 2
46 12 9 48 47 78 78 14 16 89 1 47 97 44 46 20 87 85 52 20 94 2
47 4 5 85 79 63 62 44 36 62 96 1 51 2 83 18 43 63 17 30 50 3
48 36 38 70 77 4 7 46 46 77 3 24 33 59 13 93 40 58 10 99 70 4
49 71 79 98 90 104 100 18 19 88 51 76 95 61 89 10 85 5 75 89 85 4
50 21 22 53 56 85 91 17 25 75 89 91 82 49 77 33 80 80 60 91 61 1
51 45 51 50 42 42 40 26 31 74 79 43 30 88 44 24 38 74 18 3 76 2
52 78 84 24 19 55 53 88 96 96 45 88 42 1 17 100 81 10 40 59 72 3
53 66 63 29 26 90 88 61 51 97 49 15 82 52 7 85 79 91 58 60 76 1
54 31 28 96 94 61 61 34 35 47 5 90 81 53 24 67 2 77 3 33 9 2
55 91 91 25 29 59 68 6 6 52 79 29 64 56 88 52 5 53 4 71 35 2
56 56 52 1 7 55 61 11 8 99 20 81 1 4 83 36 76 91 33 74 7 4
57 27 30 72 68 17 15 62 53 98 33 77 46 7 84 72 45 85 26 90 88 3
58 5 3 84 86 69 68 48 51 98 9 79 28 39 94 35 89 25 76 51 39 3
59 79 77 10 4 31 22 41 49 74 48 81 93 85 55 44 98 61 97 77 27 4
