4 60
531 581 629 555 
0 91 49 68 67 52 86 29 4 34 69 11 4 7 73 82 100 1 100 81 70 2
1 64 57 80 100 89 34 5 77 5 25 15 82 3 99 31 30 41 62 70 45 4
2 13 3 22 74 22 44 31 23 19 13 12 4 63 7 48 23 17 57 36 90 3
3 29 28 6 75 90 29 67 76 8 91 74 98 43 64 60 95 28 99 85 92 4
4 95 69 63 20 32 62 8 13 76 58 88 56 34 59 17 87 96 7 28 62 1
5 34 15 43 61 51 16 60 62 84 20 14 69 23 84 55 60 28 75 63 28 3
6 79 86 27 13 76 47 24 74 25 91 98 76 3 41 51 39 80 38 79 19 4
7 13 33 45 71 86 10 18 48 63 40 99 91 12 2 50 2 60 25 84 22 3
8 76 10 28 77 81 43 41 18 88 39 56 79 64 51 30 9 16 11 96 81 2
9 24 63 84 18 53 64 13 19 58 7 59 15 15 33 85 60 50 34 27 87 3
10 48 49 41 87 25 34 18 72 58 40 27 14 70 91 99 94 49 28 78 20 3
11 16 8 89 19 61 29 26 40 68 96 4 86 51 93 51 76 78 97 92 89 3
12 72 41 33 92 93 34 54 85 82 67 68 36 7 56 92 23 52 93 48 24 1
13 91 65 32 12 72 50 13 97 45 26 58 95 4 98 60 35 46 35 99 9 2
14 96 42 69 68 41 3 14 29 70 1 16 10 59 83 87 3 85 26 5 36 1
15 57 82 2 4 54 19 99 41 57 85 87 68 79 6 83 57 44 87 32 50 4
16 15 74 68 61 12 47 65 26 22 61 77 4 54 60 62 7 82 14 21 80 4
17 23 85 60 80 96 74 33 69 19 76 69 44 45 23 93 9 35 84 97 15 1
18 44 86 80 9 17 31 53 46 69 63 7 98 23 86 52 38 44 57 8 10 2
19 27 59 15 34 12 100 100 67 24 72 65 48 89 100 19 22 55 37 93 88 4
20 71 34 67 41 64 47 60 54 35 29 56 32 2 69 69 73 48 76 20 18 3
21 68 49 21 15 81 82 42 40 61 49 4 23 40 71 17 23 75 95 16 9 1
22 73 13 26 64 70 22 23 73 16 82 70 67 27 77 47 66 98 83 61 8 3
23 53 100 46 82 38 65 23 39 84 27 95 74 21 32 98 78 84 59 95 6 2
24 42 18 87 36 39 55 84 73 41 48 95 23 30 42 96 64 86 67 20 63 2
25 36 81 8 96 73 10 45 25 8 57 31 6 50 21 80 98 42 54 58 46 4
26 65 15 94 58 22 92 43 35 95 30 92 63 53 74 75 11 1 55 23 66 4
27 81 49 49 87 10 26 78 56 23 1 19 74 96 70 9 4 9 35 6 63 3
28 99 83 12 5 24 28 37 50 43 69 33 96 93 44 43 55 98 49 14 22 2
29 70 96 78 67 95 37 3 8 50 45 4 33 93 33 86 74 72 11 3 14 4
30 30 15 3 45 67 76 40 6 66 79 84 32 24 86 93 94 44 50 78 34 2
31 21 5 54 83 78 70 11 56 22 91 32 52 98 25 40 10 18 67 24 1 4
32 33 53 70 83 98 14 35 44 25 7 14 74 65 52 15 8 36 27 58 13 3
33 24 26 61 9 5 99 50 82 46 42 92 51 90 24 64 6 13 35 16 7 4
34 69 13 25 12 82 10 38 9 40 34 91 34 13 6 99 53 28 92 34 78 3
35 38 74 99 9 67 35 28 70 86 94 47 28 70 55 84 84 26 6 39 35 3
36 30 25 67 8 95 90 32 65 17 88 29 48 84 7 77 10 88 51 94 57 2
37 12 38 73 4 25 71 78 37 60 62 29 73 57 2 77 18 91 69 80 14 2
38 100 1 44 36 97 78 41 13 78 5 97 95 52 47 37 13 98 31 80 80 1
39 29 4 93 62 58 13 22 71 62 6 41 38 84 39 35 50 23 4 42 82 3
40 49 48 46 23 50 97 55 72 65 23 71 22 67 14 6 42 16 17 92 11 1
41 59 31 23 13 88 88 52 70 100 44 62 8 70 64 1 34 77 2 58 86 3
42 43 19 71 86 8 44 36 3 32 20 20 32 43 28 18 48 85 55 85 43 1
43 32 91 77 13 29 44 74 66 97 65 13 35 45 69 5 63 42 67 71 11 1
44 4 76 12 55 21 33 37 12 40 56 46 59 31 33 69 61 94 26 14 96 4
45 100 68 13 70 25 65 38 67 30 42 39 64 58 2 97 96 29 3 20 35 1
46 6 59 94 97 75 28 55 66 29 10 78 18 5 37 74 72 38 38 70 80 4
47 14 43 98 25 75 100 59 82 57 21 92 76 29 93 61 49 8 46 90 11 3
48 62 48 74 79 95 17 15 48 85 50 48 29 23 96 4 85 20 12 20 42 2
49 7 29 83 40 60 50 36 69 33 11 5 75 13 79 1 71 69 91 23 84 1
50 72 28 81 62 89 97 98 31 26 27 27 65 34 97 23 76 11 72 92 75 2
51 4 25 96 16 89 14 81 5 96 26 23 31 41 18 38 76 44 34 45 84 4
52 44 82 57 17 69 51 82 86 9 57 42 94 25 61 14 46 43 19 99 20 1
53 50 61 27 24 95 86 72 49 28 5 7 73 59 57 50 50 57 13 18 42 4
54 85 38 54 4 22 71 91 37 92 44 14 41 69 87 91 19 69 75 43 56 1
55 31 13 88 51 36 90 93 28 90 26 55 74 32 44 36 67 64 71 97 75 3
56 100 46 12 93 33 47 53 2 80 6 16 27 1 100 16 92 35 57 86 96 3
57 17 4 2 42 78 89 63 27 10 62 36 64 28 81 54 4 35 88 32 86 4
58 41 13 26 96 2 78 79 61 1 98 37 56 57 3 61 7 72 50 43 57 1
59 64 39 77 58 89 84 2 3 100 82 47 52 83 15 32 7 42 91 33 32 1
