4 60
1358 1580 1500 1584 
0 25 29 44 47 76 66 87 84 96 82 64 78 6 99 75 3 43 61 67 98 1
1 1 5 35 40 82 74 8 17 61 12 49 89 22 21 12 8 67 69 6 16 4
2 53 47 9 18 92 88 69 59 70 78 9 10 17 64 5 25 23 31 80 33 3
3 24 28 75 75 32 29 70 76 87 23 33 46 67 66 52 22 49 46 91 43 4
4 16 17 70 68 16 18 54 61 52 88 2 73 57 48 67 5 58 70 25 6 1
5 71 63 26 17 73 64 28 18 61 9 36 49 18 66 61 93 90 8 44 18 2
6 29 38 58 65 100 91 21 18 35 50 78 41 34 43 16 73 22 13 79 44 1
7 68 77 19 15 59 54 97 92 6 59 2 24 76 37 81 55 24 57 26 89 2
8 12 6 76 73 32 39 17 14 56 47 77 32 15 9 30 71 81 54 9 33 1
9 33 43 97 98 40 44 91 99 86 56 5 54 65 74 88 90 83 81 48 57 2
10 53 57 102 95 51 42 79 80 29 3 87 3 42 79 38 16 86 16 60 75 4
11 24 24 38 35 42 45 56 56 93 16 50 2 30 52 80 79 45 14 28 81 1
12 35 45 84 88 39 38 88 81 93 85 27 22 39 68 98 35 69 29 58 12 3
13 19 13 69 60 88 98 46 45 53 71 50 37 37 87 72 86 43 13 56 3 3
14 90 90 28 24 58 51 88 85 37 74 89 2 61 43 21 53 47 55 77 79 2
15 6 14 30 36 46 51 83 73 38 35 49 2 9 12 78 65 91 61 84 74 4
16 68 66 45 45 28 31 21 18 26 21 99 67 1 45 19 81 15 78 49 52 1
17 27 25 11 12 1 6 1 1 3 78 57 62 24 72 41 61 21 73 5 29 3
18 38 38 67 61 67 75 96 98 57 33 3 98 7 86 16 42 92 62 58 37 2
19 26 35 7 2 67 76 48 43 33 71 10 58 60 2 48 29 33 46 91 84 1
20 9 6 14 13 27 19 19 26 89 51 64 31 15 43 30 18 48 2 58 96 3
21 76 69 25 27 103 94 52 60 75 43 79 61 16 25 67 97 26 77 71 23 4
22 66 73 16 24 85 82 35 33 76 87 64 12 89 63 12 46 60 9 99 33 4
23 20 28 1 2 93 85 65 59 3 40 86 31 25 51 32 18 97 72 11 88 1
24 51 46 68 64 85 83 2 1 4 28 12 69 79 63 74 38 1 74 18 64 4
25 23 13 28 28 41 42 67 57 44 66 98 63 80 23 72 67 66 4 30 99 3
26 85 87 21 22 55 64 91 99 93 43 70 74 98 23 62 38 46 77 59 47 3
27 40 45 79 83 28 22 67 60 43 97 47 70 59 99 29 78 58 28 31 4 1
28 96 91 11 13 26 36 54 58 99 53 31 42 8 57 49 45 51 56 92 13 2
29 90 88 67 59 44 37 1 8 53 37 53 79 65 69 40 92 79 44 90 3 3
30 72 67 96 97 28 28 52 58 14 26 4 81 47 83 72 73 49 80 43 61 2
31 31 25 1 3 81 90 85 76 77 52 98 23 7 98 19 92 45 75 71 83 3
32 10 1 39 31 60 62 89 92 8 28 85 47 70 38 96 3 91 97 79 34 2
33 91 94 75 85 70 67 54 58 71 82 76 62 53 14 7 86 60 29 3 96 4
34 23 25 30 24 29 22 15 21 8 37 3 64 21 92 4 60 97 68 76 13 2
35 68 70 99 97 23 31 54 58 71 80 20 27 36 23 4 31 15 31 80 42 3
36 80 85 50 60 39 42 17 25 68 24 62 1 61 73 69 45 52 82 56 52 2
37 97 90 54 56 24 23 81 89 37 66 59 24 31 83 66 73 81 28 36 83 2
38 12 21 72 64 90 98 50 41 35 16 63 74 72 91 75 73 77 31 43 26 4
39 81 88 49 46 1 5 66 63 66 68 100 82 50 55 25 13 68 96 87 15 2
40 17 20 102 95 80 77 52 52 70 81 25 50 82 54 56 36 93 98 18 10 4
41 82 87 64 69 40 44 35 26 73 10 28 32 5 60 4 7 84 10 92 80 3
42 89 91 56 58 15 16 82 75 71 17 55 81 3 82 100 2 38 93 40 11 3
43 52 59 99 89 17 12 43 42 7 39 36 18 16 34 42 9 23 78 21 13 2
44 18 16 88 95 66 73 57 52 82 98 72 32 32 6 1 64 34 73 88 88 1
45 19 16 12 10 13 13 14 15 36 69 4 75 10 41 49 67 17 86 71 19 4
46 32 39 68 77 14 16 42 46 56 88 27 98 10 2 16 88 61 79 52 27 1
47 37 47 26 29 1 4 85 86 69 77 45 22 85 32 67 5 85 31 31 62 1
48 44 44 86 83 20 13 46 44 79 11 60 4 58 55 100 80 57 65 14 56 2
49 33 29 39 40 53 58 59 69 42 28 28 94 92 56 76 56 21 90 9 94 3
50 42 44 74 78 6 13 38 47 41 98 60 1 41 38 96 63 57 57 6 11 2
51 77 85 82 76 74 74 58 65 17 22 21 6 25 94 88 66 63 66 68 54 1
52 24 14 57 49 80 83 26 18 44 44 37 65 57 96 23 18 64 45 12 94 2
53 13 5 63 68 24 30 95 93 51 50 27 98 75 64 60 11 24 55 89 14 1
54 56 50 29 24 94 91 59 57 38 83 25 31 58 95 34 12 87 67 61 53 1
55 51 45 77 83 32 22 66 60 62 19 93 89 32 4 68 12 6 7 98 75 1
56 84 74 27 29 75 75 39 30 65 26 32 29 81 13 84 27 93 25 29 26 3
57 41 32 78 70 2 9 55 55 43 94 8 82 2 50 96 46 97 3 59 57 4
58 1 1 89 92 66 74 66 57 87 73 71 65 6 7 32 45 28 16 75 70 1
59 41 47 72 74 93 92 24 19 99 14 50 19 51 50 40 72 84 72 64 30 1
