4 60
1474 1564 1400 1576 
0 79 81 98 99 9 18 41 36 86 79 61 42 16 72 3 22 50 66 59 30 2
1 104 97 30 32 77 74 3 9 18 42 77 1 25 55 63 94 93 30 51 59 3
2 60 67 37 38 7 16 84 87 69 49 92 23 30 89 40 86 88 18 43 39 4
3 31 24 77 79 26 25 85 80 32 65 50 99 68 84 29 97 16 16 66 29 1
4 27 37 73 80 40 30 86 81 93 25 78 35 62 99 77 60 47 48 76 30 2
5 58 59 13 13 60 60 7 14 77 74 55 58 97 87 54 25 43 97 50 66 2
6 16 18 37 45 66 71 108 98 46 24 95 1 56 46 35 99 88 31 91 74 2
7 51 61 89 99 42 38 80 76 67 45 56 23 55 99 18 85 57 63 78 77 2
8 48 58 25 25 89 91 66 58 93 70 84 20 65 81 19 73 1 16 92 98 4
9 47 39 82 86 33 40 89 87 38 93 55 67 69 90 8 50 100 34 92 36 4
10 24 17 52 55 1 2 50 40 24 78 86 87 62 5 40 5 73 40 57 94 2
11 39 48 66 59 78 69 84 80 37 95 79 58 14 30 41 19 67 69 39 97 3
12 82 73 10 16 65 66 14 9 13 15 79 12 36 11 33 58 4 79 8 39 1
13 64 73 6 12 54 58 104 97 56 98 43 53 34 79 72 86 1 17 23 57 2
14 55 46 72 80 2 7 32 41 58 90 20 88 20 92 87 15 12 97 23 32 1
15 54 50 78 72 94 87 10 9 35 19 45 86 78 88 34 20 36 27 71 81 3
16 72 82 78 69 48 55 33 42 41 16 68 25 30 44 28 54 87 44 1 23 3
17 86 77 78 72 68 66 60 61 36 82 64 70 52 50 15 24 71 70 64 1 1
18 72 82 1 5 22 19 51 42 43 74 86 20 72 14 23 42 95 46 79 92 3
19 70 79 51 46 3 12 92 87 78 12 78 1 38 34 24 1 97 95 64 35 1
20 55 62 68 69 81 75 73 82 85 87 7 90 24 95 75 92 53 31 3 44 1
21 55 53 12 19 82 86 52 44 70 23 53 94 34 8 48 32 71 76 24 34 1
22 45 37 87 88 43 46 93 97 100 88 19 75 45 96 14 16 28 24 2 41 1
23 86 92 79 74 51 49 31 31 78 95 16 86 97 81 69 88 65 15 71 63 2
24 99 90 16 8 33 27 50 45 21 52 58 16 85 1 69 26 79 71 67 85 4
25 93 89 6 4 11 18 24 33 40 87 76 7 22 78 32 59 51 54 45 7 2
26 76 79 4 14 46 56 82 91 36 27 91 94 46 59 20 86 4 87 89 8 4
27 67 61 85 91 26 30 73 68 3 14 73 89 16 11 6 52 27 9 10 71 1
28 21 11 36 33 51 56 87 78 18 8 98 91 87 82 76 75 20 61 7 1 2
29 1 8 88 79 52 57 21 28 3 86 61 56 87 71 22 50 73 5 2 64 2
30 35 39 59 61 91 92 15 22 32 70 48 42 28 47 18 24 64 91 32 67 1
31 57 49 40 35 23 22 90 100 38 91 22 36 22 80 70 71 96 34 59 90 4
32 55 57 97 87 26 18 47 48 90 90 9 96 48 76 92 36 11 67 83 43 4
33 1 2 75 85 70 75 67 58 8 67 56 43 33 25 19 5 98 7 97 13 1
34 30 29 37 28 23 26 30 25 76 39 7 23 100 61 36 25 76 22 19 32 4
35 27 18 37 45 74 79 21 14 33 30 45 23 6 82 66 57 34 58 72 76 1
36 57 49 27 24 16 6 94 89 8 65 72 52 52 28 16 76 72 65 10 64 2
37 47 50 17 16 74 83 44 49 98 19 37 11 92 95 20 81 75 72 71 73 1
38 13 13 52 48 91 90 30 25 22 37 45 21 82 81 98 8 49 94 31 80 3
39 37 36 76 86 46 45 1 3 72 91 82 54 90 20 18 81 50 94 87 33 1
40 15 16 87 91 70 65 42 40 32 23 3 76 31 47 90 99 74 57 78 64 4
41 74 67 48 41 24 24 98 98 79 12 45 22 18 20 53 20 96 75 11 74 4
42 6 7 65 66 24 24 91 91 1 2 34 53 13 68 100 12 32 16 78 56 4
43 39 39 65 69 91 100 17 22 61 61 52 81 7 52 11 82 88 11 36 4 4
44 95 96 65 75 56 53 34 32 16 36 43 5 30 52 60 17 12 23 57 22 1
45 6 12 1 6 1 9 1 11 75 68 24 65 52 9 35 83 68 6 15 46 4
46 52 55 88 85 26 24 62 62 19 27 89 98 56 60 21 98 95 82 31 55 3
47 22 19 11 1 81 76 49 58 42 77 59 77 66 4 44 69 27 45 2 25 3
48 72 76 6 7 48 45 74 76 31 50 95 71 38 37 18 67 86 70 47 8 4
49 32 29 38 40 44 50 79 69 75 21 86 4 43 26 19 36 67 1 40 94 1
50 70 60 102 94 34 29 66 63 8 53 60 75 18 8 68 25 65 33 48 71 3
51 39 29 23 20 15 18 1 9 10 83 71 21 92 26 93 29 36 48 75 34 1
52 32 30 57 65 101 99 26 34 54 83 24 93 96 90 41 29 99 21 42 11 2
53 22 13 72 76 25 30 88 93 39 96 37 60 76 97 24 91 81 29 52 98 4
54 1 2 64 68 29 35 2 9 42 63 24 63 80 26 11 50 49 84 27 55 2
55 40 45 74 83 21 22 47 52 84 89 44 14 96 29 22 37 83 58 32 21 1
56 54 62 18 17 66 63 9 18 60 60 70 75 94 84 42 9 33 3 13 3 1
57 94 100 39 38 76 77 29 23 100 1 98 86 70 1 36 52 1 9 10 56 2
58 25 33 25 16 1 6 97 89 58 31 48 89 93 38 15 69 19 86 31 2 2
59 62 67 93 94 6 12 37 39 5 57 68 26 48 80 100 39 54 45 83 41 3
