4 60
1521 1440 1615 1784 
0 101 91 19 9 38 28 56 46 59 5 56 46 78 4 28 55 93 82 2 41 3
1 55 45 32 22 108 98 93 83 5 54 50 9 45 86 39 1 13 25 16 90 4
2 85 75 28 18 62 52 105 95 97 1 2 67 71 16 27 67 13 27 55 27 2
3 68 58 84 74 93 83 101 91 46 3 50 97 1 45 32 53 72 3 83 77 4
4 87 77 58 48 28 18 99 89 50 70 88 60 17 14 51 66 32 57 72 4 2
5 85 75 86 76 94 84 95 85 4 61 31 26 33 93 34 73 77 74 99 61 2
6 40 30 87 77 33 23 88 78 54 33 60 92 22 21 56 7 74 45 67 71 3
7 65 55 42 32 18 8 103 93 40 91 20 98 46 14 4 13 1 3 80 92 2
8 33 23 84 74 26 16 77 67 2 43 79 67 73 49 73 10 69 93 57 24 4
9 31 21 107 97 76 66 44 34 16 12 90 64 36 50 29 6 72 58 77 73 3
10 107 97 61 51 108 98 62 52 10 70 94 74 81 27 80 85 78 43 10 74 3
11 74 64 83 73 83 73 92 82 65 26 48 30 41 23 24 76 79 35 87 41 2
12 42 32 69 59 95 85 22 12 66 23 48 15 59 93 88 2 97 24 65 96 1
13 103 93 51 41 108 98 56 46 68 20 2 82 55 93 1 86 49 50 19 78 3
14 29 19 67 57 106 96 44 34 69 69 71 27 66 9 72 88 66 79 27 49 4
15 21 11 61 51 94 84 34 24 9 73 83 92 92 93 55 73 38 82 100 99 4
16 86 76 53 43 27 17 94 84 91 78 68 85 35 66 31 28 96 42 44 66 2
17 28 18 80 70 33 23 85 75 50 18 58 57 32 12 56 84 60 65 47 45 4
18 103 93 58 48 12 2 59 49 21 71 1 70 98 36 8 56 69 56 91 53 2
19 104 94 64 54 33 23 93 83 51 38 64 18 13 71 77 36 26 79 48 81 2
20 77 67 23 13 62 52 108 98 40 48 86 19 38 3 100 67 63 4 42 91 3
21 32 22 17 7 109 99 94 84 34 64 11 45 67 43 30 91 38 77 76 29 1
22 72 62 83 73 93 83 104 94 33 30 85 19 81 1 8 78 91 18 52 93 3
23 48 38 21 11 85 75 58 48 32 49 56 12 63 7 56 30 76 65 1 12 1
24 57 47 100 90 50 40 93 83 85 69 25 56 89 73 4 53 63 42 79 38 2
25 12 2 73 63 33 23 94 84 56 77 49 17 32 16 22 7 35 42 12 90 2
26 65 55 12 2 50 40 97 87 90 19 26 9 16 50 59 89 15 40 6 33 4
27 95 85 44 34 84 74 25 15 57 68 95 27 24 33 7 44 98 57 70 31 4
28 94 84 28 18 55 45 89 79 15 40 65 38 93 30 66 52 53 54 77 73 1
29 28 18 93 83 65 55 38 28 67 91 3 73 62 94 87 80 40 6 7 20 4
30 82 72 104 94 27 17 41 31 30 30 50 96 32 31 64 79 6 87 10 13 3
31 105 95 58 48 110 100 55 45 15 15 65 98 76 98 26 8 96 29 87 89 4
32 86 76 73 63 51 41 38 28 78 99 46 93 47 30 15 67 26 9 56 92 3
33 63 53 16 6 60 50 13 3 62 30 94 93 10 44 6 22 7 1 20 92 4
34 61 51 56 46 50 40 45 35 18 15 15 52 65 32 81 78 60 64 13 23 3
35 11 1 48 38 84 74 21 11 94 22 43 24 33 64 96 99 18 54 6 34 4
36 58 48 73 63 95 85 18 8 94 11 62 39 94 31 30 9 7 43 97 39 2
37 88 78 24 14 61 51 97 87 71 68 81 40 20 55 44 15 2 27 54 60 1
38 63 53 38 28 104 94 71 61 66 82 21 72 9 99 93 81 5 10 7 36 2
39 63 53 59 49 48 38 44 34 82 100 11 53 33 13 45 67 84 82 64 43 1
40 22 12 29 19 35 25 42 32 84 29 40 98 28 44 84 82 63 54 2 52 3
41 11 1 107 97 104 94 100 90 85 44 7 80 26 72 42 8 22 66 82 90 4
42 101 91 67 57 34 24 92 82 50 21 5 77 18 18 89 22 89 6 90 97 2
43 28 18 89 79 41 31 102 92 47 34 35 59 62 27 14 79 62 97 43 68 3
44 17 7 68 58 26 16 77 67 93 3 1 2 13 43 73 60 39 41 58 80 2
45 29 19 82 72 26 16 79 69 7 96 22 86 88 28 84 7 37 15 11 85 1
46 44 34 26 16 101 91 83 73 1 41 84 1 78 21 1 36 98 100 5 34 3
47 77 67 62 52 54 44 47 37 62 64 3 31 17 92 59 32 12 39 84 87 3
48 42 32 60 50 79 69 97 87 95 29 84 37 40 100 13 24 44 50 93 45 4
49 14 4 59 49 103 93 48 38 15 10 83 88 44 32 17 21 62 38 26 8 4
50 25 15 40 30 54 44 69 59 77 46 64 100 41 60 1 56 44 80 79 10 1
51 60 50 32 22 97 87 69 59 68 30 7 95 21 37 15 97 51 83 97 91 2
52 91 81 26 16 68 58 103 93 74 31 79 66 49 6 88 86 24 25 54 33 4
53 93 83 22 12 42 32 71 61 79 78 64 35 7 19 76 51 55 21 51 75 3
54 45 35 75 65 14 4 52 42 65 70 67 13 61 32 90 75 66 89 43 32 2
55 93 83 53 43 22 12 82 72 17 28 14 8 46 71 28 58 72 20 57 95 2
56 71 61 93 83 16 6 38 28 90 28 55 35 46 49 17 11 7 57 56 99 1
57 23 13 36 26 48 38 61 51 73 42 18 55 28 17 14 69 90 90 46 34 1
58 68 58 39 29 109 99 88 78 76 36 98 98 17 57 77 81 14 76 96 78 1
59 82 72 98 88 107 97 23 13 11 50 59 97 4 100 21 50 86 20 33 4 1
