4 60
1983 2640 2485 2643 
0 71 61 89 79 108 98 26 16 92 92 51 19 61 50 46 27 42 98 81 45 4
1 25 15 102 92 78 68 55 45 58 80 90 6 8 68 96 79 60 12 82 77 2
2 47 37 90 80 24 14 67 57 87 38 67 22 57 40 42 23 30 49 37 62 2
3 110 100 18 8 35 25 43 33 90 42 100 25 9 42 82 95 18 44 47 64 2
4 21 11 92 82 62 52 33 23 23 35 28 61 58 59 47 65 58 6 61 34 2
5 67 57 76 66 76 66 85 75 8 58 79 30 95 25 26 82 45 61 30 10 3
6 34 24 89 79 35 25 90 80 49 96 31 5 28 44 16 78 28 46 35 56 1
7 43 33 20 10 96 86 81 71 43 81 84 39 96 81 93 17 96 34 1 65 1
8 95 85 46 36 88 78 39 29 94 42 23 91 32 46 94 20 98 77 80 55 1
9 65 55 33 23 102 92 78 68 55 30 67 17 8 57 33 81 36 26 3 16 4
10 25 15 71 61 26 16 72 62 80 73 10 92 78 69 11 26 62 63 52 48 1
11 12 2 21 11 29 19 38 28 82 82 42 41 84 29 5 74 40 59 16 29 4
12 72 62 99 89 33 23 60 50 23 69 79 8 57 85 64 67 14 36 64 18 1
13 21 11 69 59 26 16 74 64 90 58 73 100 33 45 94 48 61 97 7 16 2
14 107 97 53 43 92 82 30 20 41 32 7 41 45 2 63 46 77 12 65 29 3
15 67 57 99 89 40 30 72 62 68 91 17 100 74 97 73 71 59 97 77 58 4
16 56 46 31 21 97 87 64 54 46 39 64 76 30 76 17 38 36 6 22 93 1
17 18 8 78 68 31 21 83 73 28 82 44 19 69 72 44 30 52 13 7 93 4
18 29 19 76 66 30 20 77 67 12 27 37 99 59 3 91 75 71 77 83 25 3
19 102 92 62 52 31 21 99 89 34 33 66 97 27 10 40 7 3 31 61 79 1
20 35 25 73 63 20 10 58 48 52 12 90 5 18 87 76 70 29 99 75 30 1
21 94 84 87 77 71 61 64 54 61 94 72 73 10 22 89 74 54 46 33 97 2
22 74 64 85 75 95 85 106 96 2 16 40 1 70 78 29 37 20 27 20 60 1
23 26 16 99 89 71 61 36 26 33 57 49 85 69 10 94 82 67 44 68 19 1
24 79 69 30 20 72 62 23 13 5 49 81 81 9 55 54 45 13 59 31 83 4
25 14 4 75 65 35 25 96 86 63 69 71 83 60 80 83 17 35 87 27 59 4
26 31 21 70 60 16 6 55 45 31 14 62 31 35 10 41 33 73 97 33 32 2
27 45 35 94 84 34 24 75 65 94 94 43 6 6 78 76 28 54 89 97 38 1
28 12 2 38 28 73 63 99 89 89 5 21 77 56 88 79 18 29 81 26 72 2
29 38 28 103 93 75 65 48 38 78 90 53 79 52 67 2 57 35 57 8 32 4
30 92 82 14 4 37 27 51 41 43 41 65 40 56 36 4 84 4 35 6 58 4
31 99 89 52 42 96 86 49 39 85 53 10 79 81 46 84 73 29 17 4 91 1
32 84 74 71 61 49 39 36 26 56 7 77 100 33 15 37 53 66 13 30 62 1
33 25 15 78 68 22 12 67 57 47 39 86 30 70 83 56 46 47 25 25 30 2
34 27 17 14 4 108 98 103 93 47 43 34 39 50 43 75 52 91 43 35 60 3
35 41 31 78 68 106 96 43 33 27 57 2 45 32 3 39 34 59 77 74 87 2
36 44 34 67 57 81 71 104 94 50 88 68 77 62 89 25 74 43 87 70 71 4
37 18 8 54 44 91 81 27 17 11 33 61 86 20 94 97 1 70 18 58 19 3
38 57 47 24 14 98 88 65 55 5 74 65 15 96 2 3 31 39 7 90 44 2
39 13 3 109 99 98 88 94 84 25 51 6 2 75 5 83 32 48 78 47 52 4
40 44 34 51 41 57 47 64 54 77 45 46 20 66 13 69 88 31 62 33 9 2
41 41 31 37 27 34 24 30 20 93 29 50 56 44 93 25 71 3 19 1 12 3
42 83 73 41 31 108 98 74 64 2 36 56 53 44 77 53 60 55 61 66 93 4
43 90 80 43 33 103 93 64 54 31 34 94 67 25 46 18 67 53 23 90 17 2
44 107 97 58 48 16 6 67 57 16 81 88 1 15 96 17 41 4 4 84 52 4
45 23 13 68 58 20 10 65 55 49 59 45 95 60 79 7 79 37 63 60 25 2
46 30 20 104 94 87 77 61 51 51 8 84 97 88 93 18 4 62 1 46 94 2
47 79 69 72 62 56 46 49 39 18 18 68 38 73 12 12 52 62 71 15 3 4
48 20 10 38 28 65 55 83 73 30 22 41 31 39 59 82 6 92 90 21 92 1
49 20 10 65 55 109 99 54 44 46 98 91 84 92 85 72 88 76 85 98 90 4
50 31 21 46 36 68 58 83 73 51 75 88 89 12 51 19 57 63 88 11 75 4
51 38 28 110 100 83 73 47 37 48 19 16 1 19 94 50 81 85 97 82 75 1
52 53 43 96 86 30 20 73 63 97 21 52 45 71 89 4 33 96 60 42 92 1
53 107 97 36 26 64 54 85 75 53 3 37 73 89 13 11 3 63 53 16 33 1
54 67 57 105 95 44 34 74 64 98 18 17 19 41 28 63 19 3 21 19 16 2
55 91 81 59 49 20 10 88 78 38 66 76 66 35 39 18 77 34 24 82 27 4
56 29 19 51 41 74 64 96 86 82 68 83 96 32 78 6 46 89 100 82 24 4
57 49 39 62 52 74 64 87 77 17 37 53 88 69 50 67 58 92 45 5 38 3
58 18 8 89 79 59 49 30 20 36 66 26 51 51 88 80 91 98 47 46 10 1
59 24 14 40 30 49 39 65 55 77 11 24 62 87 79 23 62 37 91 30 8 1
