4 60
2512 2934 2340 2601 
0 45 63 22 81 98 100 75 18 45 31 25 35 15 3 91 39 35 85 77 18 2
1 98 35 6 70 23 12 31 47 71 9 67 52 97 23 98 66 34 81 52 40 1
2 3 61 4 32 12 2 13 73 62 28 6 16 13 77 72 96 75 38 82 35 1
3 7 26 84 73 60 27 45 74 100 8 46 46 98 42 98 94 67 57 26 62 2
4 37 87 5 38 82 80 50 31 70 97 86 1 61 20 57 48 97 25 56 23 3
5 44 45 53 91 61 46 70 92 93 61 68 5 4 64 62 21 62 49 100 76 2
6 17 68 65 95 14 21 70 48 33 6 41 44 61 88 62 64 54 81 82 85 4
7 43 59 83 97 16 36 56 74 84 12 32 2 86 37 2 26 88 23 73 43 2
8 90 32 42 99 95 65 55 40 67 70 100 79 7 4 26 85 27 71 82 31 4
9 78 9 46 64 7 10 75 65 31 42 58 55 75 77 78 67 94 76 50 48 4
10 42 19 27 65 19 4 4 50 27 38 89 3 9 91 46 57 32 39 86 24 1
11 62 62 27 73 99 83 64 94 52 8 97 58 12 40 80 54 50 56 66 75 4
12 18 79 79 22 39 72 100 15 70 21 24 32 28 52 65 26 97 48 55 8 2
13 53 59 94 6 42 52 83 91 75 73 83 9 25 49 39 75 91 34 64 33 1
14 6 92 79 18 43 53 16 79 20 94 80 2 77 61 57 31 38 96 88 40 4
15 39 76 84 98 36 21 81 43 57 39 40 21 33 17 5 44 11 18 36 92 1
16 33 8 78 95 30 81 75 60 24 71 97 84 77 77 66 6 26 45 68 73 1
17 13 79 50 74 86 60 23 55 16 6 60 23 30 14 71 7 51 30 42 46 2
18 58 40 94 63 31 77 67 100 100 72 82 60 60 20 59 84 87 24 12 79 2
19 5 29 93 96 90 62 78 37 99 55 23 63 14 46 37 14 53 6 40 80 2
20 17 96 13 3 10 9 6 16 56 81 12 39 68 6 83 59 9 53 78 65 2
21 18 63 71 29 31 96 92 54 44 84 20 81 25 18 66 90 15 28 33 30 3
22 55 11 8 62 52 20 5 71 92 53 92 72 57 97 15 54 92 55 32 37 3
23 27 78 12 60 4 35 97 17 15 79 16 23 17 73 64 44 66 62 66 100 4
24 32 56 77 74 21 93 66 11 50 50 10 24 70 49 54 52 48 95 61 39 2
25 74 59 46 74 11 88 83 3 81 7 48 36 90 33 43 57 92 86 30 74 1
26 7 1 36 44 56 78 85 21 20 82 70 52 25 61 5 74 49 77 75 93 2
27 51 47 11 77 80 16 40 54 69 98 75 28 47 90 30 97 7 50 56 34 2
28 9 73 14 95 26 18 39 40 80 97 99 93 58 49 32 7 43 95 79 46 2
29 4 78 12 57 29 27 37 98 61 95 53 64 72 62 18 43 56 73 84 37 2
30 60 9 33 39 97 70 70 100 35 2 85 61 62 30 22 25 14 53 89 14 1
31 31 99 64 85 88 64 21 50 47 46 69 67 95 6 31 43 55 69 16 98 3
32 39 3 68 33 4 64 33 94 18 37 73 36 66 14 97 9 60 99 70 30 2
33 70 56 15 47 59 29 96 20 9 4 4 84 89 82 40 72 55 87 84 47 2
34 99 63 55 62 4 60 60 59 25 53 5 56 12 51 57 77 6 86 30 59 4
35 52 48 13 75 81 9 42 36 34 33 11 56 47 40 4 72 14 24 15 88 4
36 60 19 97 2 25 84 62 59 33 4 45 88 51 64 47 76 40 49 92 14 3
37 82 80 35 46 95 13 48 79 2 24 42 49 30 63 47 58 36 41 41 69 4
38 58 19 10 54 63 96 7 31 28 56 90 90 23 72 54 89 42 74 87 99 2
39 35 30 99 80 64 39 28 97 26 16 36 39 38 44 96 59 36 71 11 35 3
40 51 90 48 65 52 39 57 14 30 51 37 52 99 57 51 80 13 7 63 23 3
41 17 77 73 51 38 34 2 8 15 97 34 33 65 51 16 62 55 72 32 38 2
42 1 5 29 64 58 22 86 81 35 66 71 39 52 17 22 10 63 22 82 60 2
43 30 81 75 11 19 34 64 64 59 74 26 4 35 57 81 49 87 3 68 95 4
44 26 6 34 85 43 63 51 42 62 50 30 86 42 20 35 5 63 49 5 24 2
45 74 90 87 92 99 95 12 97 67 35 14 36 49 18 92 61 34 7 80 90 2
46 88 41 68 79 57 18 37 48 29 67 69 76 36 68 6 7 62 94 28 81 4
47 64 13 48 87 25 70 9 52 73 20 45 91 36 98 97 6 19 60 68 73 2
48 28 34 48 65 61 95 81 34 66 48 100 5 26 72 84 59 7 28 93 11 3
49 61 79 37 90 14 100 90 19 7 73 15 77 16 9 25 54 65 27 64 22 2
50 46 78 55 12 63 47 72 81 42 55 17 72 67 7 12 56 97 61 22 36 3
51 50 83 42 74 35 72 27 63 31 69 65 28 100 23 24 23 58 35 46 67 4
52 58 40 71 75 83 9 96 44 64 55 30 79 90 74 30 44 68 24 67 100 4
53 100 79 77 42 45 4 22 67 86 13 4 47 93 60 45 76 16 83 69 19 2
54 99 68 68 34 36 9 5 75 63 27 53 55 78 53 31 10 73 29 69 23 4
55 13 83 70 21 26 60 75 90 92 45 40 74 66 1 45 53 33 4 75 54 1
56 6 16 26 71 47 17 59 72 57 25 6 91 93 89 31 10 91 94 20 81 2
57 39 34 24 72 8 19 85 57 26 98 78 11 83 24 92 6 96 74 79 100 1
58 3 91 88 74 64 64 41 47 70 15 25 60 40 1 10 89 6 99 59 93 3
59 82 37 95 56 7 82 20 1 69 22 49 31 16 16 68 65 11 9 37 8 3
