4 60
2647 2441 2167 2361 
0 44 51 76 69 95 88 6 6 15 56 20 78 61 47 87 58 99 64 21 5 2
1 60 59 86 94 33 36 80 71 20 60 45 67 23 91 11 60 52 65 75 26 2
2 8 1 80 80 55 50 19 21 29 59 6 73 85 16 29 60 42 25 53 49 4
3 25 26 63 73 20 27 71 74 99 61 59 92 27 1 32 96 24 98 53 53 4
4 105 99 43 42 89 92 43 43 72 48 39 7 35 66 57 10 14 8 83 90 3
5 75 77 22 23 77 78 24 24 96 47 44 35 82 81 3 66 27 53 1 68 4
6 55 56 76 83 5 9 26 36 95 30 94 100 96 39 7 90 77 93 98 38 4
7 46 47 76 85 16 24 54 62 77 2 5 55 1 48 60 14 38 79 50 69 2
8 24 28 101 95 65 69 29 36 44 20 73 34 14 93 67 84 62 46 66 88 3
9 49 57 13 12 56 58 20 13 78 86 44 14 8 38 75 63 53 67 93 23 1
10 57 67 6 5 55 52 83 90 89 100 99 88 85 50 61 1 62 51 56 44 2
11 40 50 54 61 79 71 72 82 61 71 11 34 3 24 59 11 22 8 72 18 4
12 101 95 37 46 84 88 41 39 57 51 69 25 76 9 10 91 81 33 96 22 1
13 28 31 78 78 18 16 55 63 62 49 81 92 19 87 3 23 28 33 45 75 4
14 53 56 91 90 21 17 59 51 20 72 28 44 77 73 27 79 37 85 4 9 4
15 59 60 75 74 91 97 15 19 11 68 26 9 63 54 92 82 3 26 57 9 4
16 71 80 77 67 47 53 24 32 6 14 7 41 14 2 18 40 44 94 1 6 4
17 37 35 29 30 19 24 24 19 100 42 9 31 68 54 47 99 58 83 79 7 4
18 62 68 91 91 20 13 20 28 4 38 28 79 1 20 36 17 93 52 76 24 2
19 56 65 45 40 1 6 86 81 28 15 13 23 15 27 97 91 55 91 43 16 1
20 86 76 78 83 91 89 104 96 72 55 64 12 54 63 2 51 55 14 93 23 3
21 30 35 1 1 70 60 27 26 22 67 34 61 87 65 63 61 17 9 100 46 3
22 33 27 75 78 31 36 94 87 32 23 85 85 63 92 84 23 7 78 84 93 2
23 79 78 51 52 44 35 16 9 52 84 85 45 54 62 16 25 81 99 69 89 3
24 63 68 80 86 1 5 22 31 32 56 57 31 49 90 96 3 60 25 53 92 1
25 102 95 15 10 36 32 41 47 12 66 76 3 57 52 32 95 93 33 31 100 4
26 42 49 78 84 25 18 69 61 89 71 41 9 50 66 86 64 32 93 76 100 4
27 89 83 28 21 56 60 87 90 96 22 82 62 80 85 30 62 82 50 58 78 1
28 65 61 80 83 16 6 31 28 4 77 19 67 10 38 39 98 98 56 61 54 1
29 48 58 38 29 2 7 71 78 83 57 85 38 33 4 31 94 41 79 52 96 4
30 21 25 53 55 77 86 9 16 48 28 92 64 44 57 37 95 43 46 17 40 4
31 26 31 22 17 97 96 80 82 11 1 58 26 57 95 43 58 4 68 25 92 3
32 73 75 2 5 44 36 73 66 97 33 33 43 93 58 11 93 78 13 54 27 1
33 49 40 33 31 20 13 4 4 33 36 16 86 37 63 69 61 2 5 52 95 4
34 7 7 14 6 13 4 1 3 17 20 23 48 19 12 50 8 57 93 29 100 2
35 40 44 79 71 1 5 26 32 73 83 88 37 73 20 9 39 3 37 13 30 4
36 42 35 20 18 101 92 79 75 100 71 11 41 33 69 53 77 66 88 58 5 3
37 80 88 50 54 28 21 77 87 40 18 84 58 94 1 36 58 28 88 7 14 1
38 96 91 35 34 74 68 13 11 74 21 61 42 13 10 17 96 77 17 15 75 1
39 88 82 35 40 97 91 44 49 44 56 69 79 50 94 66 78 70 22 93 78 2
40 37 30 17 13 87 87 59 62 29 3 96 34 66 38 6 14 17 69 91 94 2
41 27 29 1 3 85 86 51 60 72 65 96 90 43 46 49 56 26 9 58 70 2
42 32 25 91 84 37 42 4 9 29 13 80 85 85 38 4 66 70 52 23 23 1
43 95 85 21 15 39 38 65 68 61 45 68 94 23 26 81 34 30 78 27 26 2
44 58 58 28 37 19 15 89 94 29 14 87 8 70 44 34 83 37 73 72 54 2
45 15 22 16 24 9 19 31 21 51 86 69 19 58 16 90 43 28 72 60 19 4
46 68 77 17 7 55 46 91 84 91 38 39 91 98 1 92 47 56 53 47 76 2
47 99 97 67 71 58 54 26 28 53 77 57 59 55 46 10 82 13 57 34 82 1
48 60 50 94 89 28 19 41 50 36 50 29 11 49 58 89 50 60 22 3 48 3
49 74 79 80 90 15 8 21 19 48 94 36 21 79 8 65 16 37 96 24 93 3
50 76 66 108 100 40 35 72 69 16 74 90 14 13 25 86 21 2 73 93 83 1
51 17 19 1 10 14 8 98 99 63 45 55 3 54 67 2 69 9 18 53 40 2
52 28 36 74 71 1 5 43 40 11 73 19 48 38 4 79 72 74 87 4 62 1
53 47 47 10 10 79 72 34 27 42 86 64 37 83 26 49 4 59 9 81 41 2
54 89 80 54 46 27 21 92 87 9 14 29 62 91 95 30 38 94 35 53 64 4
55 103 99 37 37 71 76 18 14 95 16 66 57 61 4 19 27 88 40 76 23 1
56 91 96 39 43 103 97 46 52 15 6 3 25 51 2 46 71 87 58 28 69 1
57 18 26 71 72 16 11 40 49 54 58 80 25 62 8 53 80 68 85 36 55 3
58 1 7 99 90 76 72 71 63 62 46 29 70 72 56 17 20 70 19 58 57 1
59 32 25 34 44 63 70 86 89 42 93 74 28 92 35 76 84 85 66 53 80 2
