4 60
621 673 563 632 
0 95 85 6 3 17 22 49 40 64 14 89 4 16 12 97 10 70 75 28 29 4
1 94 89 20 24 67 66 1 1 31 8 73 59 85 47 11 24 49 65 39 43 1
2 32 23 96 94 71 64 35 35 28 33 90 17 92 8 31 24 50 18 83 93 1
3 19 24 86 79 35 25 73 80 51 83 69 78 81 13 71 28 18 26 82 45 1
4 54 61 8 12 54 62 13 5 45 66 8 21 66 59 1 78 77 2 7 61 4
5 45 51 92 97 60 52 107 98 46 83 45 9 51 100 62 56 29 49 28 63 1
6 98 94 27 21 48 47 69 74 97 23 20 19 25 15 58 19 90 35 91 1 4
7 25 29 63 67 16 6 62 52 68 67 50 90 27 96 93 25 84 87 37 76 1
8 46 54 39 29 95 95 72 62 85 77 1 40 51 28 42 61 13 62 16 67 1
9 17 23 73 70 24 24 80 71 65 43 11 85 55 43 51 62 7 7 1 91 2
10 32 37 73 75 30 22 50 60 100 7 76 54 10 10 36 58 68 72 27 18 4
11 79 80 93 91 5 1 11 12 40 89 83 65 20 94 57 68 92 52 91 56 1
12 21 29 78 80 25 22 82 73 13 17 67 64 36 37 57 98 67 95 60 90 1
13 80 77 30 24 57 62 7 9 2 19 49 23 65 17 59 20 94 87 85 23 1
14 64 58 94 84 24 19 54 45 70 63 14 35 85 34 76 72 23 83 39 30 2
15 29 22 53 44 69 67 85 81 29 60 48 45 94 85 4 34 31 43 87 9 4
16 25 30 2 9 93 95 78 82 74 9 22 45 64 9 84 43 49 57 73 99 3
17 99 89 91 84 81 78 73 73 93 76 89 11 5 35 74 35 26 58 59 36 2
18 61 70 90 93 19 15 40 30 94 12 17 58 44 38 57 28 86 33 20 3 3
19 50 59 31 34 91 100 64 67 94 76 59 86 80 44 69 31 47 99 78 3 4
20 60 66 73 73 86 79 78 86 56 28 17 80 33 53 28 18 56 41 1 81 1
21 34 29 91 95 61 62 10 20 31 67 6 89 50 72 95 75 23 58 53 71 2
22 61 65 24 16 80 74 30 25 13 79 22 83 13 59 38 83 72 65 47 30 4
23 31 28 11 10 83 85 76 67 79 80 92 71 35 23 4 41 92 6 85 66 3
24 90 86 7 4 24 23 41 41 79 2 7 40 21 60 49 16 15 29 67 4 4
25 41 41 54 56 80 70 93 85 44 82 66 73 66 53 72 71 100 10 62 90 3
26 71 63 15 6 41 40 85 83 92 55 74 9 62 68 2 55 42 18 18 63 4
27 71 77 10 15 59 54 90 84 13 99 1 18 72 72 50 28 29 17 75 21 3
28 42 43 57 65 93 88 8 10 53 44 13 4 82 67 27 36 8 4 60 93 4
29 40 48 25 27 94 97 71 68 21 38 40 93 19 47 13 56 90 6 58 22 2
30 61 67 106 97 30 20 54 50 80 45 19 36 98 31 11 83 8 60 51 23 2
31 12 5 95 91 70 78 66 56 96 76 86 40 86 80 67 30 34 40 8 75 3
32 79 69 108 99 29 30 50 60 53 88 16 11 20 92 89 67 68 62 25 73 2
33 12 2 88 93 83 75 67 66 74 19 48 69 91 78 61 23 9 91 30 57 3
34 39 45 54 52 53 50 39 49 18 49 1 44 82 99 4 71 76 56 10 75 3
35 24 22 55 49 79 83 10 10 24 93 82 3 54 16 70 42 47 12 19 88 2
36 69 77 60 52 28 34 27 17 41 36 89 7 63 77 70 95 1 1 37 6 3
37 89 86 46 52 16 19 94 85 15 48 87 74 32 100 63 97 80 15 5 32 2
38 94 89 25 24 72 66 3 1 67 53 31 97 87 81 43 23 15 88 8 91 2
39 25 16 72 74 42 33 81 83 79 73 20 63 80 99 51 35 22 80 65 1 3
40 103 100 75 75 45 49 38 32 71 4 64 61 67 48 92 98 57 53 76 51 3
41 21 11 103 93 71 68 53 50 89 52 39 92 7 34 51 64 86 75 67 10 1
42 24 31 83 90 58 56 17 15 26 4 79 71 69 5 84 4 52 49 28 34 3
43 8 7 34 37 52 60 99 90 94 30 49 15 38 47 4 16 26 21 70 16 3
44 41 48 32 27 2 5 80 84 93 47 97 92 81 28 12 71 97 29 77 25 2
45 106 96 107 98 8 1 9 3 93 22 41 42 35 82 87 41 90 4 88 96 1
46 71 79 1 9 58 48 94 86 26 62 76 57 41 96 85 62 85 91 41 84 3
47 55 55 31 37 14 12 90 94 14 28 24 33 14 27 37 76 81 48 55 88 4
48 49 40 62 71 1 1 30 40 1 95 28 85 10 65 16 19 55 80 42 47 2
49 30 29 36 40 42 50 77 69 83 73 100 65 24 96 82 21 42 22 73 63 1
50 108 100 40 34 72 69 4 3 2 95 56 16 37 63 4 12 39 22 26 38 4
51 13 17 18 8 10 6 94 97 17 84 7 63 80 21 60 15 54 24 52 56 2
52 61 62 107 97 30 31 76 66 8 61 62 48 50 41 45 50 57 34 1 35 3
53 11 21 74 84 43 46 6 9 38 54 91 53 16 78 48 53 25 19 73 4 3
54 98 98 63 64 28 31 1 5 86 46 89 51 60 10 74 64 95 34 2 32 4
55 39 37 65 75 20 14 54 52 34 90 10 79 1 44 22 3 87 11 57 20 2
56 36 38 92 85 35 39 91 94 75 16 72 12 10 84 11 87 100 58 99 12 2
57 34 28 66 74 11 13 56 59 50 29 99 7 94 49 47 24 76 41 47 66 3
58 87 97 87 80 64 62 51 45 25 81 93 85 78 10 79 91 94 28 78 60 4
59 17 7 19 26 48 52 71 71 52 63 18 49 95 34 34 73 66 26 51 84 1
