4 60
1445 1540 1575 1458 
0 49 39 67 57 86 76 104 94 95 94 35 30 41 100 16 37 1 4 25 95 4
1 83 73 60 50 36 26 21 11 50 9 17 85 50 29 83 92 81 92 66 29 4
2 93 83 28 18 70 60 105 95 54 46 48 68 30 92 65 68 94 25 81 91 3
3 68 58 76 66 93 83 101 91 64 43 56 55 80 67 68 60 84 9 32 64 1
4 59 49 30 20 100 90 71 61 54 83 9 97 69 8 72 12 61 52 58 17 4
5 21 11 22 12 30 20 31 21 92 36 6 61 26 60 22 29 44 90 91 45 3
6 36 26 83 73 37 27 84 74 11 99 69 73 63 28 8 14 18 94 91 87 1
7 93 83 70 60 54 44 31 21 66 8 92 65 80 8 4 74 41 89 61 80 3
8 13 3 64 54 14 4 65 55 31 100 23 72 70 69 92 32 79 41 18 28 2
9 103 93 79 69 48 38 16 6 33 30 40 46 92 7 87 95 66 97 55 29 2
10 19 9 65 55 20 10 66 56 54 24 86 55 74 100 89 63 2 9 59 5 4
11 26 16 35 25 43 33 52 42 88 26 46 54 10 49 89 45 45 3 2 23 2
12 54 44 81 71 107 97 34 24 5 79 43 82 77 30 21 61 12 83 26 3 1
13 107 97 63 53 12 2 60 50 4 42 86 26 84 61 66 81 72 74 86 34 2
14 37 27 75 65 14 4 60 50 60 48 20 44 32 81 1 4 35 89 37 44 1
15 21 11 53 43 94 84 26 16 20 39 8 52 92 7 61 25 63 6 26 34 4
16 34 24 101 91 75 65 42 32 77 49 6 11 65 21 56 33 76 2 72 76 3
17 64 54 16 6 69 59 29 19 97 14 13 90 81 100 74 88 49 88 60 36 2
18 15 5 62 52 16 6 71 61 88 96 12 97 4 22 14 79 32 67 100 6 1
19 20 10 88 78 49 39 17 7 10 80 42 65 49 65 45 65 79 47 48 12 4
20 17 7 63 53 110 100 48 38 50 33 17 72 55 90 10 5 41 27 56 70 2
21 32 22 25 15 109 99 102 92 35 21 42 23 8 100 63 93 37 32 58 24 1
22 48 38 59 49 69 59 80 70 80 77 73 71 42 28 8 65 49 54 40 1 1
23 104 94 69 59 41 31 106 96 22 80 66 52 67 11 71 30 29 56 65 87 1
24 29 19 72 62 22 12 65 55 59 39 13 13 10 95 94 30 32 42 54 23 2
25 96 86 57 47 17 7 78 68 31 10 3 93 61 38 28 42 57 85 11 1 3
26 13 3 52 42 98 88 37 27 90 86 3 51 23 2 90 98 41 70 12 72 1
27 35 25 84 74 24 14 65 55 95 83 68 24 12 34 18 71 28 45 51 83 1
28 38 28 72 62 99 89 33 23 60 70 63 75 60 37 18 36 6 32 17 82 4
29 92 82 57 47 29 19 102 92 23 80 43 96 25 38 2 80 23 37 15 81 1
30 46 36 68 58 91 81 105 95 16 81 27 13 48 92 80 41 27 49 42 36 2
31 101 91 54 44 106 96 51 41 33 67 47 2 70 52 72 56 72 70 25 45 4
32 62 52 49 39 35 25 22 12 26 46 75 53 92 93 8 15 36 45 30 36 4
33 51 41 96 86 48 38 93 83 98 19 55 81 43 11 8 37 66 46 37 1 4
34 109 99 104 94 98 88 85 75 16 30 45 43 7 20 37 31 47 84 78 6 4
35 103 93 40 30 76 66 13 3 28 60 55 89 52 33 68 10 89 6 62 16 3
36 14 4 29 19 51 41 66 56 31 49 92 27 54 7 76 52 86 58 83 79 3
37 80 70 16 6 53 43 89 79 33 95 74 80 77 19 16 21 8 81 27 29 4
38 19 9 94 84 60 50 35 25 1 6 44 14 52 78 95 38 43 63 59 97 2
39 103 93 99 89 88 78 84 74 15 29 75 2 99 54 53 39 75 96 47 12 4
40 74 64 81 71 87 77 94 84 9 44 55 39 63 53 75 70 15 76 47 5 2
41 83 73 79 69 76 66 72 62 36 28 73 83 17 22 53 93 22 11 69 81 1
42 17 7 75 65 42 32 108 98 34 6 18 34 69 65 76 52 88 7 13 10 1
43 88 78 49 39 109 99 70 60 61 55 88 26 1 8 12 60 25 95 10 46 2
44 53 43 104 94 62 52 13 3 15 70 69 36 96 66 29 96 7 95 45 76 2
45 25 15 78 68 22 12 75 65 11 50 28 7 84 69 75 15 16 52 3 89 1
46 80 70 54 44 37 27 11 1 17 80 28 91 62 23 63 91 19 67 60 72 1
47 93 83 86 76 78 68 63 53 9 64 75 98 42 51 100 58 39 45 41 98 4
48 98 88 16 6 35 25 53 43 82 16 80 68 7 2 7 53 77 25 3 8 3
49 78 68 23 13 67 57 12 2 77 83 8 97 8 53 50 57 67 21 99 7 1
50 49 39 64 54 78 68 93 83 3 91 4 51 99 67 76 83 89 32 26 5 3
51 16 6 80 70 53 43 17 7 9 78 83 3 81 83 90 35 81 88 89 73 4
52 99 89 34 24 76 66 11 1 81 64 88 77 14 52 64 11 33 68 95 38 1
53 97 87 26 16 54 44 75 65 50 24 43 41 39 4 51 74 44 29 89 99 3
54 29 19 67 57 106 96 44 34 38 90 12 100 26 99 75 2 39 27 35 44 4
55 109 99 77 67 46 36 106 96 6 52 61 18 32 35 33 28 53 2 86 46 2
56 51 41 73 63 96 86 18 8 86 69 92 86 75 96 1 43 43 90 4 57 1
57 15 5 28 18 40 30 53 43 65 29 8 8 72 37 19 42 53 61 100 49 4
58 48 38 19 9 89 79 68 58 91 10 23 59 39 43 58 49 5 11 24 52 2
59 82 72 90 80 107 97 15 5 71 39 57 12 35 3 86 50 61 70 97 2 1
