4 60
617 693 578 596 
0 49 27 26 45 10 64 87 82 68 85 31 14 68 86 82 25 70 8 28 94 4
1 22 3 38 38 47 80 55 15 15 84 4 82 95 21 95 84 17 27 28 66 3
2 67 41 68 12 76 90 77 61 85 6 12 57 40 91 67 41 58 56 49 100 2
3 79 22 64 77 40 23 17 78 96 65 80 49 62 14 12 32 13 46 28 56 1
4 33 95 9 38 78 88 46 39 82 66 97 33 33 53 1 75 16 21 71 11 1
5 48 9 57 55 65 10 74 56 48 20 19 43 28 29 33 49 22 18 66 83 2
6 65 68 13 95 70 21 18 48 27 70 88 21 71 21 92 41 40 78 6 13 2
7 67 63 99 1 40 40 72 78 54 74 51 6 56 1 42 91 77 24 26 88 1
8 14 88 74 55 27 21 79 88 52 32 93 7 44 90 50 72 13 71 73 83 2
9 42 57 2 4 71 58 39 5 76 45 95 19 66 82 4 83 73 42 61 43 2
10 94 39 79 77 71 24 56 62 83 65 79 3 79 49 61 16 49 70 68 71 4
11 94 82 59 93 31 3 96 14 13 79 14 40 13 95 83 10 84 15 46 50 4
12 54 91 15 34 75 84 36 27 17 64 20 12 69 34 51 28 24 32 54 50 2
13 81 47 22 94 62 32 3 79 28 11 84 2 69 96 8 40 7 83 99 77 4
14 50 76 23 2 95 37 68 63 59 92 50 67 53 80 73 92 81 38 71 99 2
15 59 36 12 58 56 73 9 95 8 40 21 72 48 7 40 24 81 1 88 64 3
16 41 60 94 39 38 25 83 12 26 18 90 100 68 78 61 15 21 83 65 69 1
17 85 75 22 70 58 56 95 51 65 23 15 73 26 85 100 8 11 95 89 46 3
18 6 56 42 79 79 93 15 16 67 26 47 73 84 80 28 57 34 35 11 18 1
19 17 29 5 96 2 62 90 37 59 53 43 14 2 45 41 12 17 69 52 78 2
20 21 64 17 71 14 77 10 84 53 35 59 95 56 76 65 73 32 12 73 98 2
21 66 83 27 49 87 8 40 74 31 100 38 43 95 40 13 7 94 34 39 95 3
22 83 59 28 10 80 68 25 19 96 16 53 37 7 60 48 57 21 83 22 48 2
23 75 58 60 32 52 15 45 89 15 95 15 23 60 80 71 16 12 84 5 98 4
24 100 88 45 6 97 25 42 51 99 5 58 70 27 32 77 88 55 12 94 68 3
25 14 91 78 6 51 20 15 35 100 12 97 49 98 31 9 27 30 10 94 56 4
26 55 53 84 96 12 30 33 73 20 89 66 8 49 51 89 39 97 74 28 72 3
27 99 19 67 49 28 88 96 26 61 53 88 85 73 76 61 91 4 94 23 12 1
28 65 13 78 35 90 58 3 80 76 19 65 69 98 11 72 70 13 40 9 22 1
29 20 26 36 97 45 67 61 38 74 29 18 49 11 12 57 10 24 57 77 25 3
30 8 65 73 95 45 18 10 48 68 81 52 45 6 67 25 26 48 87 40 97 1
31 63 99 96 77 20 64 53 50 27 63 51 20 100 13 9 38 54 36 73 87 1
32 51 79 88 9 16 40 45 70 16 59 18 11 89 19 2 37 10 82 7 9 1
33 14 80 59 63 3 53 40 44 20 73 64 70 63 31 74 7 78 82 90 65 3
34 7 23 63 22 20 20 76 19 34 23 69 49 84 9 86 35 65 79 53 10 1
35 72 100 33 35 1 61 62 96 91 74 80 33 84 58 92 95 44 99 63 4 2
36 40 75 77 50 5 32 42 15 40 45 69 15 91 6 22 83 34 54 88 83 4
37 42 32 95 98 55 65 8 31 57 58 73 65 75 79 18 96 24 77 81 57 2
38 10 31 54 66 7 8 51 43 97 33 44 92 96 28 21 19 94 89 20 65 2
39 63 10 27 68 92 27 56 85 61 58 72 2 44 38 33 75 55 10 29 94 1
40 19 38 24 13 20 87 25 62 78 25 53 13 88 95 9 100 81 35 67 33 4
41 9 97 73 71 38 46 94 28 82 3 67 31 60 47 56 8 70 83 54 6 1
42 77 93 5 52 34 10 70 77 84 70 25 44 22 87 10 61 7 22 35 12 4
43 90 65 35 87 79 18 32 40 54 41 50 14 44 49 71 34 65 82 16 54 1
44 94 34 2 13 11 91 19 70 17 74 24 96 44 84 48 71 52 46 95 6 4
45 42 62 55 64 67 59 80 61 85 17 98 4 76 67 65 63 46 55 45 20 2
46 32 29 12 59 93 98 81 36 17 8 94 61 91 58 60 84 81 10 98 7 3
47 48 1 24 75 9 58 85 32 37 64 51 19 7 32 93 53 76 93 74 88 4
48 48 42 68 73 89 11 1 42 9 60 83 49 99 27 69 73 94 49 14 59 4
49 65 79 41 90 18 100 94 19 52 73 92 76 100 22 14 58 68 66 24 39 3
50 70 6 79 40 87 75 96 9 76 2 69 13 65 62 68 66 19 59 10 5 2
51 94 91 86 82 79 80 71 71 28 35 23 60 95 73 100 21 78 91 44 58 1
52 70 52 91 87 3 21 16 64 94 19 93 6 90 94 70 82 90 48 65 93 2
53 96 27 65 90 41 44 10 7 71 72 33 92 56 37 28 5 24 12 46 60 3
54 55 8 24 74 92 41 61 15 20 40 59 92 51 81 92 4 46 65 43 6 1
55 77 59 34 97 90 36 47 74 95 25 27 75 7 8 43 20 60 22 50 50 4
56 78 24 90 79 11 25 31 80 92 93 86 41 67 50 41 31 95 42 59 99 2
57 27 2 12 48 96 87 73 25 86 29 49 98 37 57 21 76 47 48 3 25 3
58 99 7 76 90 60 72 37 63 36 89 61 82 85 55 96 96 72 87 4 38 4
59 22 61 35 88 47 6 60 33 71 41 85 60 60 6 89 9 29 46 69 13 3
