4 60
1628 1396 1570 1634 
0 61 19 38 37 14 56 99 74 44 8 94 31 80 95 59 37 42 47 83 42 4
1 6 19 22 62 31 96 47 31 84 5 11 85 33 34 20 60 43 53 33 6 3
2 3 37 4 8 12 86 13 57 33 29 89 55 47 31 76 83 3 75 87 24 2
3 7 22 92 77 68 23 45 78 95 63 26 79 19 15 14 37 65 97 31 83 4
4 21 31 89 82 66 24 34 75 19 13 46 20 34 92 81 75 74 2 31 1 4
5 80 25 81 79 89 26 98 80 60 85 90 43 44 7 5 43 95 52 64 82 4
6 97 24 45 51 94 77 42 4 7 34 66 91 98 66 60 37 69 19 79 79 2
7 51 19 91 57 24 96 64 34 90 97 67 49 69 74 91 57 89 87 1 74 3
8 74 80 26 55 79 21 39 88 39 23 39 90 15 82 14 44 20 50 76 2 3
9 22 89 82 36 51 90 11 37 51 37 17 78 77 95 90 13 65 33 71 81 1
10 18 99 11 45 95 84 88 30 20 32 76 42 7 74 97 23 2 26 69 15 2
11 2 10 67 21 39 31 12 42 13 16 81 88 43 58 90 94 13 19 73 48 4
12 74 71 35 14 95 64 56 7 75 100 61 21 98 4 32 21 47 25 100 86 1
13 33 31 82 70 22 16 63 55 16 94 24 3 28 22 34 35 35 100 96 16 1
14 14 52 79 86 51 13 24 47 41 64 88 17 100 56 98 15 10 82 49 98 1
15 43 92 96 6 48 29 93 51 39 23 24 61 42 51 23 72 4 83 100 14 4
16 77 72 30 59 74 45 27 24 80 29 57 67 84 48 17 83 93 16 18 92 2
17 45 43 82 38 18 32 55 27 46 71 5 32 33 68 86 74 1 94 5 44 4
18 74 80 10 95 47 17 83 32 12 61 27 57 22 82 26 39 44 20 6 19 2
19 77 53 73 28 62 94 58 61 51 63 16 38 51 10 46 28 8 21 90 41 2
20 1 56 97 63 94 69 90 68 19 82 99 84 92 16 62 76 83 1 15 9 2
21 22 31 83 89 43 56 96 22 95 47 14 9 79 11 15 65 76 67 34 82 3
22 67 3 12 54 64 12 17 63 27 21 13 66 99 8 79 48 97 66 10 81 1
23 63 86 48 60 40 43 33 17 87 36 59 70 1 87 77 82 83 51 61 28 1
24 48 96 93 22 37 41 82 59 62 29 74 43 69 86 12 31 49 19 43 76 2
25 22 87 86 2 59 16 23 31 49 19 49 50 29 80 73 54 72 16 77 75 1
26 87 85 8 20 36 62 65 97 25 98 77 100 95 63 76 22 55 81 92 45 4
27 87 71 47 9 16 48 84 86 81 43 99 48 78 47 20 7 80 72 37 1 4
28 33 33 46 55 58 78 63 100 86 55 12 15 34 20 20 85 70 67 56 58 2
29 12 46 20 17 37 87 45 58 64 57 74 49 23 70 16 30 49 86 76 47 1
30 8 1 81 31 45 62 18 92 79 75 56 58 6 13 75 43 24 26 28 62 4
31 15 87 48 65 72 52 5 38 78 21 2 26 66 43 57 58 40 35 47 47 1
32 75 63 4 93 40 24 69 54 43 99 74 36 32 93 85 88 87 16 12 8 4
33 66 64 3 55 47 45 92 28 8 86 10 95 53 45 33 65 20 96 15 68 1
34 75 91 31 90 80 88 36 87 18 99 90 81 47 14 67 76 51 75 33 10 4
35 12 100 81 27 41 61 10 88 91 100 8 19 97 42 15 100 56 50 100 38 3
36 80 19 17 94 45 76 82 51 39 24 5 50 96 89 39 75 77 24 81 81 4
37 34 76 95 42 47 9 8 75 68 4 100 12 95 18 93 47 36 20 4 70 1
38 78 79 30 22 83 56 27 99 18 41 54 11 62 52 72 66 20 72 71 25 1
39 3 50 67 8 32 67 96 17 29 5 62 30 10 26 41 81 1 29 56 53 3
40 91 70 96 45 100 19 97 94 3 35 88 52 19 84 89 56 95 76 33 32 2
41 9 93 73 75 38 50 2 32 58 12 9 16 96 49 64 64 4 89 67 78 3
42 61 37 89 4 18 62 54 21 11 7 7 59 31 80 3 48 92 87 34 42 2
43 38 29 83 59 27 82 80 12 84 14 44 51 77 84 41 32 56 94 81 56 2
44 98 38 6 17 15 95 23 74 45 83 95 48 10 31 61 98 83 61 55 88 3
45 58 78 71 80 83 83 96 77 86 73 94 61 28 27 63 65 82 23 4 87 2
46 40 81 20 11 1 50 81 88 93 12 69 54 77 74 18 3 8 12 80 19 1
47 32 21 8 3 93 78 69 60 50 31 24 94 40 69 46 95 54 93 51 23 4
48 8 22 28 53 41 91 61 22 49 48 65 12 2 30 81 18 20 62 23 93 1
49 77 79 53 90 30 100 6 19 54 77 21 15 32 91 52 10 100 38 51 100 2
50 42 34 51 68 59 3 68 37 67 79 55 40 35 61 4 50 7 42 78 32 2
51 46 15 38 6 31 4 23 95 54 88 19 23 50 57 99 65 23 74 18 51 2
52 18 88 31 23 51 57 64 92 62 98 25 24 60 87 2 67 70 3 4 36 4
53 84 3 61 58 29 20 98 83 21 33 90 3 11 16 45 7 54 44 49 17 2
54 55 16 24 82 92 49 61 23 16 78 72 87 10 25 100 67 51 99 10 23 2
55 13 67 70 5 26 44 75 82 10 63 96 17 70 4 82 29 15 38 84 27 2
56 62 80 82 27 3 81 23 36 3 8 59 95 75 32 63 98 17 77 95 58 2
57 67 38 44 76 28 15 13 61 71 9 89 68 69 23 71 44 63 95 39 8 2
58 19 87 96 70 72 52 57 35 95 9 37 88 32 25 24 76 32 17 100 82 1
59 98 89 11 16 23 34 36 61 11 14 65 69 46 8 95 80 93 61 90 33 3
