4 70
703 740 747 767 
0 87 77 105 95 24 14 42 32 64 47 18 41 52 30 96 11 93 64 55 29 1
1 93 83 70 60 46 36 23 13 60 8 12 69 66 10 1 21 67 56 56 81 1
2 19 9 62 52 96 86 39 29 31 78 88 50 20 29 18 64 93 46 20 98 2
3 46 36 62 52 71 61 87 77 5 70 51 38 78 43 74 5 8 5 56 75 4
4 77 67 48 38 18 8 89 79 62 81 84 40 21 93 53 37 28 50 20 93 2
5 47 37 48 38 56 46 57 47 1 66 87 28 52 86 3 27 92 17 30 58 4
6 38 28 85 75 39 29 86 76 80 40 26 92 24 46 93 57 60 24 23 81 3
7 83 73 60 50 36 26 21 11 3 2 2 4 35 64 69 21 61 34 62 99 2
8 43 33 86 76 36 26 87 77 55 86 85 95 6 78 36 21 50 5 63 18 3
9 81 71 49 39 18 8 94 84 29 43 14 22 31 10 18 98 56 91 9 4 3
10 109 99 63 53 110 100 64 54 16 6 60 39 71 13 11 45 19 81 24 58 4
11 68 58 77 67 85 75 86 76 33 65 68 69 91 79 3 45 39 61 31 65 1
12 24 14 51 41 77 67 104 94 96 48 97 30 40 50 22 15 54 93 29 85 4
13 37 27 93 83 42 32 90 80 83 4 66 58 29 27 14 88 58 90 33 92 3
14 47 37 85 75 32 22 70 60 85 66 47 100 68 99 73 92 47 64 35 63 2
15 11 1 51 41 92 82 24 14 69 18 64 45 47 50 1 94 25 8 51 93 4
16 104 94 71 61 37 27 104 94 55 49 3 30 90 25 92 38 81 18 74 15 3
17 78 68 38 28 91 81 43 33 80 51 56 75 93 12 4 58 1 98 59 76 3
18 61 51 108 98 62 52 17 7 33 6 41 91 40 17 64 94 74 48 63 90 4
19 30 20 98 88 59 49 27 17 17 86 83 68 61 99 14 11 23 65 6 50 2
20 23 13 69 59 108 98 54 44 30 1 89 29 51 21 21 21 67 20 86 73 1
21 14 4 107 97 91 81 84 74 89 34 5 41 71 11 39 76 63 78 99 56 2
22 70 60 81 71 91 81 94 84 8 29 4 19 100 3 77 97 77 94 91 84 4
23 22 12 95 85 67 57 32 22 4 64 8 68 58 31 83 62 64 78 81 16 2
24 71 61 14 4 64 54 107 97 70 100 73 46 9 51 40 34 7 21 96 50 3
25 94 84 55 45 15 5 76 66 68 20 42 44 53 97 38 34 1 84 4 100 3
26 91 81 38 28 76 66 23 13 83 26 90 45 34 39 63 78 38 76 73 26 1
27 17 7 58 48 106 96 47 37 38 57 40 70 61 31 43 81 96 42 70 84 4
28 76 66 110 100 37 27 71 61 93 89 97 81 51 22 96 96 41 70 69 99 1
29 34 24 107 97 71 61 44 34 34 5 83 49 70 82 21 61 51 11 85 4 3
30 64 54 86 76 109 99 31 21 68 34 35 48 98 85 43 82 23 61 5 41 4
31 39 29 92 82 44 34 89 79 56 75 20 68 38 55 9 20 50 85 34 39 2
32 24 14 11 1 89 79 76 66 13 82 1 31 9 55 71 49 98 40 27 30 3
33 57 47 102 92 54 44 99 89 16 38 64 85 28 64 48 31 59 75 57 62 2
34 63 53 58 48 44 34 39 29 75 59 15 67 26 72 63 22 45 91 77 57 1
35 65 55 102 92 38 28 75 65 99 78 35 17 69 25 70 60 30 92 60 12 4
36 80 70 95 85 17 7 40 30 40 60 60 66 14 10 22 74 7 92 87 84 1
37 106 96 42 32 79 69 15 5 29 97 17 4 35 70 11 68 39 69 29 5 3
38 25 15 100 90 66 56 41 31 21 90 57 86 15 20 58 63 35 4 98 25 1
39 17 7 105 95 102 92 90 80 17 75 62 8 15 41 98 83 47 2 8 10 3
40 48 38 55 45 61 51 68 58 51 42 47 41 62 38 48 77 28 57 20 66 2
41 49 39 45 35 42 32 38 28 38 50 21 25 82 28 71 85 100 98 57 51 1
42 75 65 41 31 108 98 74 64 57 62 55 80 12 36 72 56 48 36 96 29 4
43 74 64 35 25 87 77 48 38 57 29 44 34 96 15 70 55 30 65 71 37 1
44 19 9 70 60 28 18 79 69 72 4 2 97 14 40 80 69 3 26 13 14 3
45 63 53 16 6 60 50 13 3 87 54 79 68 31 61 24 38 62 35 4 25 1
46 78 68 52 42 35 25 109 99 73 94 38 44 48 26 6 59 87 46 47 64 4
47 47 37 40 30 24 14 17 7 84 22 35 6 51 60 12 70 55 30 15 44 1
48 16 6 34 24 53 43 71 61 52 94 76 75 88 26 3 27 17 86 19 41 4
49 60 50 105 95 49 39 94 84 9 11 50 47 95 40 89 25 52 11 20 100 3
50 31 21 46 36 60 50 83 73 70 13 91 87 36 2 35 24 28 72 29 72 3
51 34 24 98 88 71 61 35 25 16 50 40 25 60 35 63 46 65 37 26 28 4
52 73 63 16 6 50 40 93 83 89 7 53 52 39 46 14 18 72 39 61 75 4
53 31 21 52 42 80 70 109 99 95 15 34 39 24 93 61 39 78 19 78 97 2
54 99 89 29 19 68 58 106 96 38 87 89 53 20 6 42 18 46 56 55 9 1
55 51 41 19 9 80 70 48 38 91 25 42 45 40 88 44 94 84 69 89 13 2
56 97 87 19 9 42 32 64 54 69 97 87 5 35 35 58 99 94 45 87 59 1
57 105 95 18 8 30 20 43 33 58 80 61 30 40 37 44 62 15 8 68 74 1
58 70 60 41 31 11 1 90 80 44 84 54 41 15 25 98 64 42 3 53 44 2
59 84 74 92 82 109 99 17 7 19 92 16 66 61 19 67 4 18 43 63 15 1
60 105 95 35 25 66 56 96 86 20 13 29 5 99 6 70 39 93 95 34 43 4
61 72 62 37 27 109 99 82 72 63 80 30 58 23 66 49 53 39 18 22 68 1
62 107 97 93 83 72 62 58 48 54 68 88 44 26 56 65 66 8 97 12 81 2
63 107 97 40 30 72 62 97 87 59 14 3 89 64 80 36 78 46 71 31 10 2
64 95 85 25 15 56 46 86 76 92 51 89 33 69 99 13 19 15 68 86 64 2
65 35 25 64 54 100 90 29 19 32 41 13 91 65 90 59 14 8 76 6 5 2
66 32 22 23 13 105 95 96 86 73 61 61 78 69 25 94 23 58 40 2 43 2
67 54 44 99 89 35 25 80 70 60 19 92 65 50 16 87 19 72 51 62 10 2
68 103 93 102 92 100 90 99 89 20 62 75 1 90 82 2 68 87 76 64 62 1
69 67 57 23 13 80 70 36 26 25 33 18 25 55 94 95 86 91 19 59 77 2
