4 70
656 746 773 665 
0 19 53 4 71 80 90 57 8 48 57 25 71 36 70 48 51 8 87 53 27 2
1 84 53 100 96 9 30 25 73 31 71 81 24 69 59 17 31 2 20 35 3 3
2 93 7 2 78 2 48 11 19 8 91 89 32 19 30 80 48 59 33 18 22 1
3 61 24 38 79 14 25 99 80 3 52 41 72 66 5 35 58 96 95 6 42 4
4 35 21 11 72 80 22 56 73 83 27 93 31 82 87 56 60 4 11 2 42 1
5 26 31 35 85 43 32 52 86 46 8 39 68 85 14 18 36 45 2 100 75 3
6 35 26 91 53 40 79 88 6 59 100 66 9 91 39 7 20 25 72 52 84 3
7 41 53 81 99 14 38 54 76 26 71 72 69 59 60 87 50 92 89 90 50 2
8 68 46 20 13 73 87 33 54 58 53 36 94 49 28 41 73 68 72 36 42 4
9 72 51 32 98 1 52 61 99 47 21 5 90 41 67 43 39 75 24 56 30 2
10 16 85 1 23 93 70 78 16 100 69 62 49 64 2 66 39 77 52 94 83 3
11 32 92 97 3 69 13 42 24 24 51 32 19 39 22 26 55 7 78 13 69 4
12 32 49 93 100 53 42 14 93 56 11 75 77 71 93 27 86 6 33 97 86 4
13 95 97 36 44 84 82 25 29 44 65 78 6 42 58 37 20 16 54 91 44 3
14 84 78 57 12 29 39 94 73 85 47 56 10 24 91 32 76 75 48 1 45 2
15 73 38 26 52 78 75 23 97 77 44 63 49 43 75 87 93 62 41 54 45 2
16 51 86 4 73 48 59 93 46 68 3 62 62 3 17 31 99 33 15 25 48 4
17 83 85 20 80 56 74 93 69 33 80 84 53 72 28 56 38 82 50 65 37 1
18 84 50 20 73 57 95 93 10 56 37 36 64 65 76 99 78 54 99 88 24 4
19 71 79 59 46 56 12 44 87 91 35 56 44 6 68 18 20 45 40 11 31 2
20 11 26 7 25 4 31 100 38 96 34 76 10 55 83 92 86 83 22 14 24 1
21 36 21 89 79 49 46 10 12 57 58 27 63 25 74 21 63 89 56 44 36 1
22 97 41 50 92 94 50 47 1 40 65 89 37 1 96 27 89 74 24 76 32 4
23 57 48 42 22 34 5 27 79 66 61 5 29 58 89 33 77 94 62 81 74 3
24 50 26 95 44 47 63 92 81 43 45 52 86 68 13 48 8 21 5 28 26 4
25 44 17 8 32 81 46 45 61 98 73 47 76 68 55 74 46 65 49 68 79 4
26 29 75 50 10 78 52 7 87 60 40 1 2 81 10 35 76 64 45 34 55 3
27 69 17 29 55 98 86 66 24 73 24 80 18 85 81 67 31 53 44 83 71 1
28 7 39 20 61 32 84 45 6 56 79 17 45 49 97 48 82 30 32 81 58 1
29 6 20 14 99 31 69 39 40 91 22 51 72 92 55 53 99 2 55 73 21 2
30 98 35 71 65 35 88 8 18 47 69 37 92 53 61 49 43 39 37 94 34 4
31 5 57 30 43 62 30 95 8 74 77 46 26 67 85 83 63 1 60 49 77 3
32 9 97 38 27 66 58 3 88 52 68 10 51 3 85 71 89 41 47 24 4 4
33 64 62 9 45 53 35 90 18 40 34 70 46 31 94 97 73 17 30 85 85 4
34 25 9 73 8 30 6 86 5 45 76 66 35 68 13 90 72 76 3 89 64 2
35 94 6 63 41 23 67 92 2 48 26 91 99 43 80 62 45 21 28 90 84 1
36 10 45 39 28 75 2 4 85 94 85 82 5 96 13 26 79 48 58 34 17 3
37 36 46 97 12 49 79 10 45 47 10 6 14 14 97 41 97 31 64 30 52 4
38 52 89 96 24 49 66 93 1 26 17 36 94 10 97 93 44 12 34 61 84 2
39 69 60 33 18 98 77 62 27 94 8 9 43 34 40 75 49 10 44 16 56 2
40 69 20 74 95 78 69 75 52 45 6 77 97 25 92 76 49 4 64 52 1 1
41 75 27 39 1 96 84 60 58 33 79 53 9 2 59 14 84 66 49 64 1 1
42 3 23 39 82 68 48 96 7 78 31 73 93 53 61 66 54 7 78 10 25 1
43 64 87 9 9 53 40 98 62 87 22 6 29 98 44 6 2 79 33 92 9 4
44 52 40 68 19 77 97 85 76 9 18 33 22 84 11 74 43 51 17 94 50 3
45 96 76 9 70 21 73 34 75 74 65 58 35 82 6 49 4 95 33 74 39 3
46 86 87 66 25 47 64 27 94 64 11 95 66 87 1 21 30 26 16 83 24 1
47 58 43 42 25 19 100 3 82 98 57 4 78 100 66 68 22 22 32 47 53 2
48 74 52 86 91 7 21 19 60 55 82 20 27 46 76 98 67 18 35 32 14 3
49 51 29 27 48 4 58 80 69 90 76 79 23 40 61 61 41 18 19 75 81 4
50 52 96 61 30 69 65 78 7 99 72 36 63 88 37 23 68 18 26 90 84 3
51 44 5 36 4 29 94 21 93 27 4 15 6 96 38 26 81 1 27 91 99 3
52 16 90 29 25 41 59 54 2 32 33 97 16 88 42 44 98 7 79 20 61 4
53 22 25 99 88 67 50 44 13 4 19 70 29 68 92 50 3 8 3 52 52 2
54 97 30 66 96 34 63 3 29 9 27 88 72 41 75 80 28 51 64 21 45 2
55 95 85 52 23 8 62 57 100 41 53 52 82 75 57 82 28 54 13 53 70 4
56 88 46 8 93 21 47 41 2 99 68 62 87 93 95 29 48 35 3 68 53 1
57 73 56 58 94 42 33 19 79 45 65 70 40 22 46 54 67 9 26 51 99 4
58 25 9 2 92 86 74 63 57 48 71 4 5 48 91 27 17 75 31 86 82 4
59 36 11 49 30 61 56 74 75 19 61 79 32 23 30 96 77 15 96 56 57 2
60 57 58 78 76 6 95 27 13 98 11 2 92 85 69 13 99 82 76 81 98 2
61 27 32 68 30 8 29 57 19 33 89 57 80 42 64 31 77 14 11 7 40 3
62 3 9 23 87 44 66 72 44 99 20 89 18 58 3 83 20 11 10 86 59 4
63 15 40 67 78 28 17 80 55 47 75 59 59 86 70 89 69 65 70 40 63 1
64 28 1 96 51 73 10 41 60 17 83 38 50 9 11 97 100 92 21 55 83 3
65 50 33 7 80 55 18 4 57 4 76 90 77 90 37 47 82 19 17 19 87 1
66 58 42 23 72 79 95 44 25 55 26 9 85 29 81 52 10 18 87 21 54 1
67 99 56 59 70 20 85 80 91 69 70 26 79 68 3 39 15 84 39 99 56 1
68 18 53 30 44 51 26 71 17 38 69 96 24 24 2 47 41 100 89 81 93 4
69 71 79 63 25 64 64 56 10 93 87 8 67 8 24 21 89 77 70 76 48 3
