4 70
1810 1920 1709 1827 
0 79 69 97 87 16 6 34 24 82 51 91 64 11 89 54 18 47 84 50 72 4
1 97 87 82 72 58 48 35 25 37 76 17 21 43 4 7 66 57 71 90 37 4
2 35 25 78 68 12 2 55 45 25 16 87 15 17 79 39 23 31 91 50 9 1
3 38 28 46 36 63 53 71 61 49 91 79 61 15 84 95 41 1 41 92 16 3
4 73 63 44 34 14 4 85 75 94 88 27 62 84 45 26 42 24 7 73 67 1
5 83 73 84 74 92 82 93 83 94 83 44 2 70 27 68 77 2 61 83 35 3
6 38 28 85 75 39 29 86 76 74 53 30 5 47 42 44 77 83 16 66 82 4
7 11 1 88 78 64 54 41 31 9 93 92 68 33 56 97 85 70 65 25 23 2
8 79 69 30 20 72 62 23 13 22 53 90 42 85 56 16 99 71 4 52 3 1
9 69 59 37 27 106 96 82 72 13 45 23 4 86 85 73 10 80 4 69 58 4
10 33 23 79 69 34 24 80 70 58 26 74 71 2 47 43 15 49 42 5 7 1
11 92 82 101 91 109 99 110 100 100 14 1 59 74 89 89 73 15 13 75 48 3
12 80 70 107 97 33 23 60 50 68 90 68 15 40 6 97 64 89 2 65 97 1
13 69 59 17 7 74 64 22 12 55 38 58 93 1 72 79 58 29 62 57 41 4
14 103 93 49 39 88 78 26 16 85 84 45 29 62 7 80 83 22 29 16 13 3
15 103 93 43 33 76 66 16 6 11 29 79 25 15 77 55 2 98 96 76 48 2
16 96 86 71 61 37 27 104 94 6 3 83 52 20 75 56 46 74 82 91 13 4
17 38 28 90 80 43 33 95 85 87 11 76 45 39 7 91 42 58 63 7 89 1
18 93 83 40 30 94 84 49 39 30 84 80 100 80 91 60 9 9 37 10 41 3
19 110 100 78 68 39 29 107 97 71 97 24 7 36 29 30 81 70 39 13 61 3
20 91 81 29 19 76 66 14 4 94 6 1 43 6 82 62 23 37 96 6 65 2
21 46 36 31 21 23 13 108 98 19 57 15 89 17 55 10 63 61 54 70 92 3
22 98 88 101 91 11 1 22 12 71 25 4 30 31 46 76 59 24 2 23 56 3
23 38 28 103 93 75 65 40 30 39 31 94 35 75 46 64 89 33 50 84 65 3
24 51 41 94 84 44 34 87 77 96 67 29 58 55 60 44 68 15 90 13 80 3
25 14 4 75 65 35 25 96 86 93 29 57 65 80 74 65 75 17 55 60 7 3
26 67 57 14 4 60 50 99 89 23 86 11 41 83 45 14 30 14 2 41 49 2
27 77 67 18 8 58 48 107 97 6 73 74 15 27 36 88 20 55 14 55 55 3
28 60 50 86 76 21 11 47 37 33 2 57 74 27 67 97 80 63 2 91 16 4
29 90 80 63 53 35 25 100 90 12 25 5 64 33 2 5 61 95 94 81 80 1
30 20 10 42 32 65 55 79 69 35 18 10 44 28 8 27 22 69 55 76 85 4
31 31 21 76 66 28 18 81 71 35 88 19 25 16 76 15 84 31 71 81 6 3
32 36 26 23 13 109 99 96 86 1 10 95 79 45 58 75 59 41 62 34 29 1
33 93 83 38 28 90 80 35 25 57 48 25 77 31 32 51 75 29 70 84 12 1
34 39 29 26 16 20 10 15 5 2 96 43 74 89 39 83 70 49 34 25 76 1
35 25 15 62 52 98 88 35 25 30 88 71 33 53 18 50 87 23 65 31 87 1
36 96 86 19 9 33 23 56 46 86 62 56 59 45 100 18 100 4 71 32 27 3
37 74 64 110 100 47 37 83 73 49 19 28 55 11 78 31 87 76 19 97 33 4
38 57 47 24 14 98 88 65 55 22 51 82 42 36 4 37 84 7 25 51 75 2
39 77 67 73 63 62 52 58 48 78 14 6 9 100 89 51 40 67 40 44 55 3
40 32 22 39 29 45 35 52 42 83 48 75 10 43 68 45 18 89 19 50 82 3
41 37 27 33 23 30 20 26 16 44 35 14 69 68 83 13 32 72 55 21 63 2
42 23 13 89 79 56 46 14 4 62 87 23 44 98 28 95 7 30 60 34 96 1
43 30 20 91 81 43 33 104 94 56 43 23 1 74 10 87 9 56 40 55 31 3
44 63 53 14 4 72 62 23 13 32 96 18 85 48 98 67 91 26 4 88 8 1
45 47 37 100 90 44 34 97 87 74 25 57 23 32 2 67 40 12 79 4 38 3
46 106 96 80 70 63 53 37 27 44 63 18 92 42 98 41 57 11 18 26 22 1
47 35 25 20 10 12 2 105 95 52 11 89 91 97 61 45 87 50 44 44 18 4
48 24 14 42 32 61 51 79 69 79 84 39 20 90 96 72 75 33 29 68 20 4
49 100 90 45 35 97 87 42 32 12 61 53 76 98 47 78 25 72 3 59 64 3
50 27 17 42 32 56 46 71 61 69 43 52 16 8 90 44 69 90 10 29 65 2
51 42 32 106 96 79 69 43 33 43 87 38 83 28 9 32 33 73 91 83 37 1
52 105 95 40 30 74 64 17 7 8 100 77 65 24 58 55 79 31 5 95 71 1
53 55 45 84 74 104 94 33 23 31 56 19 44 76 84 37 17 39 53 34 25 4
54 59 49 89 79 28 18 66 56 5 39 67 54 60 83 92 36 30 83 37 65 4
55 39 29 99 89 68 58 36 26 22 13 91 3 34 66 17 2 21 42 68 20 4
56 25 15 47 37 70 60 92 82 30 8 5 5 25 8 80 43 78 32 85 46 3
57 73 63 86 76 98 88 11 1 99 59 67 54 67 56 91 39 16 53 80 89 1
58 90 80 61 51 31 21 102 92 87 90 50 14 87 45 40 62 91 22 8 9 2
59 68 58 84 74 93 83 109 99 78 53 63 10 62 43 24 39 15 42 63 19 2
60 49 39 79 69 102 92 32 22 82 22 5 56 77 2 47 82 36 57 72 48 1
61 72 62 45 35 109 99 82 72 33 16 43 97 59 81 88 66 20 21 14 30 1
62 95 85 81 71 60 50 46 36 23 24 95 57 75 4 61 20 51 58 19 76 4
63 67 57 92 82 24 14 57 47 99 6 2 67 19 32 91 8 67 80 71 10 1
64 79 69 109 99 40 30 70 60 69 10 40 2 24 91 30 100 2 4 5 98 1
65 59 49 88 78 16 6 53 43 35 83 4 84 26 77 11 68 56 20 99 65 4
66 24 14 107 97 97 87 80 70 78 64 12 1 82 1 31 48 98 40 30 1 1
67 98 88 43 33 87 77 24 14 34 62 22 8 36 20 60 90 88 85 34 81 3
68 63 53 62 52 60 50 59 49 1 1 63 15 1 6 76 81 49 25 7 40 3
69 35 25 91 81 48 38 96 86 2 30 16 60 10 19 18 4 39 33 48 2 2
