4 70
1890 1742 1587 1705 
0 65 59 76 77 87 96 6 14 69 10 94 66 24 76 61 30 20 52 40 86 3
1 39 47 78 82 33 24 51 59 24 37 77 34 43 2 6 45 99 37 16 36 3
2 70 61 26 32 9 2 65 73 84 63 46 13 28 22 38 90 32 86 67 18 4
3 25 30 76 77 41 31 71 78 14 96 51 59 9 68 64 60 32 25 94 8 4
4 73 83 27 34 86 76 19 27 66 12 12 33 96 97 93 45 25 23 67 29 3
5 87 85 34 31 89 86 36 32 57 79 69 1 95 18 48 69 99 35 13 79 4
6 64 64 85 91 14 17 35 44 89 92 42 89 9 70 56 13 67 31 88 25 1
7 41 43 79 81 11 20 49 58 97 37 93 45 8 8 4 20 30 57 66 7 4
8 78 68 34 35 1 1 83 76 52 77 82 87 84 63 42 64 86 2 76 48 2
9 22 21 86 76 29 22 72 77 10 40 74 72 97 54 39 54 85 57 100 13 1
10 18 23 59 61 16 8 36 46 57 8 35 79 15 78 10 66 14 91 52 52 3
11 76 74 82 77 86 87 100 98 2 83 71 6 100 72 81 71 11 29 88 19 1
12 72 67 1 10 55 60 4 3 78 67 86 7 12 51 79 8 52 64 25 85 4
13 77 75 6 14 54 60 4 7 76 80 33 81 23 11 10 23 11 81 1 79 1
14 4 12 47 38 64 73 94 99 26 98 45 100 55 7 94 67 56 40 75 97 1
15 82 88 19 10 35 25 38 47 89 54 23 96 7 53 18 14 76 68 10 61 2
16 40 32 12 19 1 5 88 92 57 42 66 13 47 61 68 21 41 47 92 100 4
17 43 47 35 42 46 36 38 31 98 39 2 35 91 69 87 25 12 71 48 65 1
18 25 28 46 43 75 65 75 80 90 42 30 94 77 4 68 66 75 29 1 92 4
19 59 65 48 40 1 6 89 81 23 51 69 8 49 52 53 57 80 76 10 92 3
20 66 72 79 79 92 85 84 92 49 59 29 62 79 66 37 66 45 41 52 95 1
21 66 75 36 41 14 8 63 66 35 60 11 91 37 17 2 98 68 92 80 34 2
22 76 83 26 34 95 92 45 43 6 89 29 62 95 81 64 29 27 63 43 59 1
23 49 54 21 28 14 11 86 85 43 64 61 64 75 3 16 90 50 47 75 11 3
24 74 72 91 90 8 9 25 27 75 89 58 75 26 9 78 83 16 77 14 38 3
25 89 91 15 6 28 20 33 35 19 77 63 33 21 67 85 52 82 25 34 47 4
26 87 93 36 28 78 70 14 5 93 34 57 85 86 13 13 72 2 85 32 38 3
27 80 75 1 5 39 44 86 82 58 31 47 97 72 55 53 58 78 85 54 38 1
28 53 57 89 79 4 2 19 24 12 73 88 65 65 32 64 25 96 1 82 90 2
29 27 30 1 1 81 79 50 50 41 47 90 20 73 32 90 77 52 93 57 99 3
30 70 73 1 3 18 26 63 56 10 95 100 72 86 62 70 65 69 36 97 3 1
31 48 47 15 25 19 12 102 98 90 30 11 89 76 98 66 18 66 30 41 82 1
32 30 23 51 53 80 84 22 14 52 87 99 58 89 45 33 34 94 63 3 25 1
33 84 84 60 67 63 57 39 48 81 29 63 38 52 71 12 49 84 73 1 51 4
34 26 19 12 18 19 16 18 15 93 55 51 40 78 97 13 78 18 36 30 17 4
35 77 72 16 7 40 41 71 68 2 74 80 100 10 69 28 15 22 73 54 50 3
36 90 83 52 58 49 40 19 23 64 18 13 66 46 54 61 27 93 71 39 33 3
37 15 24 85 90 63 57 33 23 72 76 95 30 43 25 15 79 2 60 75 86 4
38 46 55 93 98 32 32 71 75 18 87 19 84 59 42 92 94 78 97 75 67 2
39 17 18 85 76 34 35 102 93 57 27 66 67 79 14 87 83 6 39 19 75 1
40 90 94 62 69 53 43 25 18 46 88 60 98 2 51 90 4 22 89 54 24 4
41 62 69 57 51 33 26 15 8 97 29 41 12 42 26 58 70 39 91 35 16 4
42 45 53 4 12 63 70 38 37 7 81 27 9 99 66 24 54 72 73 50 70 1
43 40 49 79 71 5 2 31 32 58 61 7 5 36 69 69 65 72 49 74 70 4
44 74 74 44 53 35 31 5 10 20 53 62 76 27 47 4 77 50 99 9 51 1
45 11 14 12 16 13 19 14 21 22 6 87 24 78 56 22 57 16 15 81 5 1
46 38 29 74 67 104 98 40 36 1 69 4 92 43 54 95 69 42 16 3 95 1
47 25 33 14 15 84 90 81 72 65 41 31 46 24 96 39 35 72 48 63 21 4
48 20 18 54 57 88 87 22 26 60 10 69 22 8 54 40 27 65 33 59 47 1
49 74 79 88 98 15 8 21 19 78 67 48 63 74 84 69 65 99 51 49 66 4
50 71 74 3 8 43 43 75 77 95 64 87 76 24 85 74 7 3 78 38 71 2
51 97 87 81 78 73 76 57 67 55 61 16 78 35 27 95 64 24 53 28 58 1
52 93 84 18 19 62 53 87 88 47 19 96 3 95 77 85 39 77 68 100 7 1
53 14 19 77 82 46 44 9 7 74 76 56 20 52 13 57 8 94 89 100 80 2
54 72 68 37 34 10 9 75 75 32 95 60 89 27 91 28 63 22 10 99 89 3
55 61 71 16 9 50 48 76 86 93 69 65 35 50 69 29 84 30 61 65 21 3
56 64 64 28 19 71 73 19 20 31 69 85 42 41 63 44 30 51 65 81 24 1
57 11 14 56 52 101 99 46 37 35 34 77 95 38 87 37 68 85 59 80 86 1
58 70 67 49 50 34 32 13 15 17 45 87 90 60 46 8 59 11 31 13 96 3
59 29 37 52 56 81 82 4 1 86 22 53 96 22 71 24 79 28 77 15 45 2
60 92 84 8 2 16 21 45 39 33 69 16 79 50 94 23 52 34 42 44 34 3
61 90 98 97 96 96 95 95 93 19 75 28 16 27 80 77 98 49 65 48 61 3
62 9 11 85 89 71 76 47 54 34 21 47 94 82 27 100 83 40 22 67 13 2
63 1 2 49 40 78 87 31 25 81 46 22 70 1 78 28 91 99 28 55 12 4
64 38 35 88 85 35 44 85 94 36 78 69 34 41 56 73 70 61 59 65 62 3
65 32 23 63 62 105 100 49 39 47 22 37 25 75 57 95 51 97 99 25 27 2
66 66 56 91 86 8 9 46 39 63 53 57 93 17 49 76 94 26 20 41 7 2
67 78 86 102 100 1 7 23 21 100 87 90 7 63 87 26 83 46 95 51 86 1
68 2 3 92 94 66 76 77 67 76 55 34 93 5 98 11 90 4 80 81 50 1
69 22 13 69 59 5 6 52 44 62 40 8 90 100 71 73 66 83 27 57 17 4
