4 70
669 737 710 692 
0 73 63 84 81 95 100 14 18 1 76 70 32 43 33 83 86 50 30 44 33 4
1 29 39 68 74 23 16 41 51 69 100 65 93 1 9 51 43 45 72 24 76 2
2 13 9 77 80 52 50 24 29 19 60 69 47 30 76 89 78 21 49 82 70 1
3 34 30 85 77 29 31 80 78 24 61 72 20 14 53 3 84 42 47 49 21 1
4 16 15 54 58 1 8 54 59 36 26 54 27 63 6 45 19 86 25 54 4 1
5 66 69 21 23 76 78 15 24 79 80 72 10 13 25 3 98 82 85 89 3 3
6 38 32 67 59 88 85 9 12 39 24 80 72 44 2 64 92 85 49 63 35 3
7 15 11 53 49 85 88 23 26 82 60 24 43 87 19 27 45 4 60 18 66 2
8 63 72 48 39 4 5 81 72 21 89 98 98 21 1 87 45 24 53 60 18 1
9 13 5 56 60 1 6 71 61 40 39 93 31 19 10 38 77 15 6 33 62 4
10 39 43 80 81 37 28 57 66 60 92 68 40 2 4 9 11 53 59 63 5 4
11 3 6 17 17 21 27 35 38 29 60 19 24 94 56 59 61 47 91 34 81 2
12 32 23 68 74 15 16 72 67 93 78 79 32 40 85 3 1 76 19 34 62 2
13 88 87 30 26 78 72 20 11 61 1 91 59 11 50 76 3 59 88 81 10 1
14 18 16 56 50 86 77 3 11 32 88 68 11 37 64 69 48 77 60 57 63 3
15 57 60 73 82 89 97 26 19 38 67 47 68 98 77 54 2 26 15 41 4 4
16 72 80 65 67 40 45 33 32 61 57 23 44 69 72 87 65 17 17 90 18 1
17 69 59 61 54 51 48 43 43 41 39 82 46 63 59 71 43 13 52 1 87 2
18 14 16 43 39 43 53 72 76 16 59 22 16 60 31 75 29 10 69 6 46 4
19 47 53 28 28 88 94 61 61 65 51 61 16 90 1 50 18 86 86 63 31 1
20 79 76 92 83 84 89 97 96 57 10 52 78 81 2 65 27 48 48 21 45 3
21 45 51 15 17 93 84 50 50 76 90 11 81 4 47 69 37 8 4 11 30 2
22 13 11 63 62 11 20 61 71 94 82 41 37 87 86 15 91 60 84 81 64 3
23 81 90 66 64 46 47 18 21 24 94 41 73 45 49 90 66 62 45 68 96 2
24 78 68 95 86 12 5 29 23 67 77 29 75 56 85 100 34 61 54 28 4 1
25 37 43 63 58 76 72 81 87 86 14 47 38 75 83 76 39 14 69 42 44 4
26 82 77 18 12 52 54 88 89 33 27 3 14 19 3 53 77 78 24 11 85 2
27 84 91 23 29 64 60 103 98 7 67 93 86 64 18 70 48 72 93 62 38 3
28 103 97 18 19 33 42 69 64 40 34 4 96 31 77 34 74 100 80 30 43 2
29 77 70 46 41 23 19 100 90 61 98 6 78 98 19 43 23 70 77 68 57 4
30 9 1 41 31 65 62 89 84 73 6 67 78 75 51 80 39 96 7 67 77 3
31 1 3 91 81 74 68 49 54 76 33 56 31 8 7 27 7 84 51 70 39 1
32 33 35 62 65 104 96 25 26 39 26 37 77 96 93 86 21 74 81 6 20 1
33 84 92 81 75 63 65 52 48 79 2 82 14 20 38 45 62 40 44 50 87 4
34 43 43 42 42 49 40 35 39 19 20 58 62 94 45 59 61 25 91 56 66 2
35 74 76 13 11 29 37 68 72 99 5 24 47 32 19 71 88 16 94 76 60 2
36 2 11 93 94 61 68 52 51 45 37 50 81 97 37 85 41 92 89 99 70 2
37 57 60 35 26 84 93 62 59 100 95 68 35 82 52 62 62 91 26 91 83 4
38 27 31 74 74 5 8 52 51 44 34 1 52 29 34 34 95 16 63 70 64 3
39 105 98 52 56 22 15 69 73 47 95 50 81 6 32 85 90 91 57 99 31 3
40 86 78 58 53 20 27 1 2 52 19 7 99 35 6 54 69 29 13 5 49 4
41 17 21 104 95 88 78 62 52 70 95 39 1 17 65 1 48 88 41 56 19 3
42 84 77 30 36 1 2 56 61 25 33 16 7 93 60 84 33 60 79 88 24 4
43 9 17 48 39 74 70 92 92 13 63 69 100 7 32 10 30 22 98 83 25 1
44 20 26 11 5 81 83 72 62 94 33 88 89 68 25 49 88 82 37 73 80 3
45 1 6 1 8 21 11 14 5 4 32 93 85 66 8 25 58 22 54 18 55 2
46 49 53 93 91 23 22 59 60 27 28 81 3 98 5 92 42 62 13 6 5 4
47 74 77 55 51 33 34 14 8 28 79 76 92 85 38 84 56 23 34 83 48 4
48 76 82 23 13 44 51 91 82 95 23 61 95 36 67 26 41 69 16 45 69 4
49 72 79 107 98 13 8 19 19 47 21 55 29 68 24 42 77 58 32 53 67 3
50 1 6 33 40 65 75 18 9 96 25 26 60 18 11 32 83 79 14 17 72 4
51 71 75 76 66 68 64 65 55 54 94 20 65 19 27 12 35 26 63 57 79 2
52 22 16 47 51 91 85 16 20 92 19 4 82 77 72 99 71 10 81 88 18 4
53 24 27 87 90 48 52 19 15 7 31 66 93 28 78 59 80 39 56 85 100 2
54 71 64 36 30 9 5 74 71 28 77 50 24 16 97 32 80 78 80 73 24 4
55 60 63 1 1 41 40 75 78 15 80 81 1 100 63 13 56 88 12 27 41 4
56 46 40 89 95 45 41 88 96 7 58 61 8 55 60 34 48 81 18 91 98 2
57 59 50 83 88 36 35 73 73 40 85 39 64 46 44 47 83 88 23 77 81 1
58 24 23 3 6 88 96 75 79 67 79 13 2 40 32 21 8 80 70 92 77 2
59 63 69 94 96 15 14 46 41 27 25 86 20 68 51 42 49 57 38 75 30 3
60 66 64 74 82 11 1 19 19 34 72 10 95 79 69 51 32 91 5 89 98 4
61 40 46 39 44 46 43 45 41 59 77 3 57 96 87 29 44 77 28 51 7 1
62 37 31 13 9 78 88 75 66 30 68 73 84 77 63 6 42 47 58 83 94 4
63 51 54 91 100 33 39 86 77 33 26 56 55 69 91 16 52 78 75 38 30 1
64 70 63 15 21 67 72 33 30 50 53 32 84 45 58 6 83 9 74 69 3 4
65 88 91 32 30 74 68 1 7 99 68 63 80 45 10 36 48 65 49 80 81 1
66 31 32 69 62 86 85 11 15 32 26 20 42 4 64 23 33 12 89 50 23 2
67 75 70 70 76 96 91 1 5 44 17 4 54 68 61 3 80 94 86 72 99 1
68 32 27 6 10 96 100 78 83 34 83 34 49 21 100 43 52 1 18 93 43 4
69 6 9 61 55 1 2 36 40 47 10 10 32 92 20 22 93 2 95 30 17 4
