4 70
589 773 702 734 
0 109 99 27 17 46 36 64 54 7 55 99 40 22 3 9 73 46 96 82 70 4
1 35 25 12 2 88 78 65 55 26 78 30 96 12 62 60 74 24 39 56 1 4
2 81 71 16 6 50 40 93 83 43 80 6 7 55 35 9 91 58 78 58 57 3
3 96 86 104 94 21 11 29 19 88 85 46 30 73 29 22 51 43 36 12 6 4
4 39 29 110 100 80 70 51 41 20 47 87 72 1 79 2 15 86 34 75 29 1
5 93 83 102 92 102 92 11 1 5 86 66 83 42 87 91 30 67 54 97 44 1
6 36 26 91 81 37 27 92 82 95 11 88 75 60 13 62 45 2 73 73 18 1
7 25 15 110 100 86 76 63 53 69 78 100 22 1 98 43 85 96 85 55 11 3
8 17 7 68 58 110 100 61 51 84 5 48 47 55 40 47 59 39 61 90 75 1
9 35 25 11 1 80 70 48 38 11 93 62 58 47 53 29 59 83 45 70 9 1
10 23 13 69 59 24 14 70 60 57 99 16 39 38 74 18 68 7 49 65 91 4
11 54 44 63 53 63 53 72 62 56 76 46 93 34 86 15 79 32 19 3 98 1
12 42 32 69 59 95 85 22 12 37 71 25 7 92 92 38 87 23 71 32 55 3
13 51 41 99 89 56 46 104 94 42 58 61 41 22 16 95 61 25 27 19 18 4
14 25 15 63 53 102 92 40 30 39 30 60 70 45 16 37 14 91 33 5 92 2
15 57 47 97 87 38 28 70 60 25 86 45 100 80 9 74 57 72 13 58 40 2
16 26 16 93 83 59 49 34 24 43 80 55 86 6 21 41 18 16 56 30 12 1
17 40 30 92 82 45 35 105 95 30 48 32 51 27 21 94 13 53 26 14 19 4
18 75 65 22 12 76 66 23 13 81 31 89 48 74 27 89 59 11 36 27 60 2
19 12 2 80 70 41 31 109 99 28 93 81 87 31 25 27 87 21 10 71 29 2
20 33 23 79 69 18 8 64 54 42 50 31 39 21 63 62 56 40 18 19 94 4
21 76 66 69 59 53 43 46 36 9 57 7 65 14 48 68 70 18 60 89 48 4
22 88 78 99 89 109 99 20 10 6 93 77 2 72 39 52 59 57 57 59 32 1
23 52 42 25 15 89 79 62 52 83 86 86 45 12 12 74 53 69 11 38 50 3
24 21 11 72 62 14 4 65 55 43 24 15 60 81 57 50 41 82 28 22 54 2
25 12 2 73 63 33 23 94 84 2 100 100 27 33 36 40 67 90 71 86 64 2
26 109 99 48 38 94 84 41 31 98 42 79 35 70 41 11 59 8 11 94 93 1
27 27 17 68 58 16 6 57 47 52 72 79 55 20 68 79 52 20 22 19 7 2
28 42 32 76 66 103 93 37 27 36 4 9 27 67 93 83 41 30 92 6 85 4
29 80 70 53 43 17 7 90 80 76 84 54 6 6 75 45 19 68 52 67 7 1
30 110 100 32 22 55 45 77 67 56 25 3 30 96 96 65 80 24 80 36 25 4
31 37 27 90 80 34 24 87 77 86 33 59 92 12 61 5 48 45 25 96 66 4
32 38 28 25 15 11 1 98 88 44 39 3 39 13 32 22 99 4 73 52 76 4
33 31 21 76 66 28 18 73 63 20 21 88 78 9 43 30 24 56 4 15 13 3
34 73 63 68 58 62 52 57 47 58 15 63 41 68 76 98 73 49 5 94 86 3
35 103 93 40 30 76 66 105 95 72 69 62 97 46 60 32 64 15 11 65 72 4
36 110 100 33 23 47 37 70 60 72 66 4 32 81 29 73 26 73 74 75 65 3
37 44 34 80 70 17 7 53 43 2 70 27 25 87 49 80 56 76 66 48 35 3
38 63 53 38 28 104 94 71 61 80 57 30 92 14 67 51 38 16 24 40 40 3
39 27 17 15 5 12 2 100 90 41 32 13 36 19 24 32 82 35 8 91 6 3
40 18 8 25 15 31 21 38 28 94 87 89 10 48 72 100 47 66 14 22 41 3
41 107 97 103 93 100 90 96 86 48 24 22 5 92 83 75 51 13 91 47 36 2
42 49 39 107 97 74 64 40 30 58 68 12 17 30 48 19 24 63 8 71 40 3
43 68 58 29 19 89 79 42 32 60 39 84 100 7 56 22 6 86 83 26 54 1
44 73 63 24 14 82 72 33 23 99 96 98 95 48 76 30 55 10 48 30 99 1
45 53 43 106 96 58 48 103 93 61 20 66 22 96 21 30 86 25 33 92 63 1
46 20 10 102 92 85 75 59 49 22 91 84 81 80 53 44 59 51 56 65 89 2
47 25 15 18 8 110 100 103 93 77 92 53 9 4 40 68 90 58 72 83 37 1
48 38 28 56 46 83 73 101 91 55 72 9 9 47 5 95 93 96 6 6 76 4
49 102 92 47 37 91 81 36 26 85 12 92 76 82 75 11 24 29 45 66 18 4
50 21 11 36 26 50 40 65 55 49 57 30 99 91 74 97 23 75 50 31 39 2
51 56 46 28 18 101 91 65 55 38 4 53 22 48 65 62 97 77 43 73 85 3
52 35 25 70 60 12 2 47 37 11 61 72 5 64 95 27 68 53 30 80 55 3
53 41 31 62 52 90 80 19 9 74 72 63 52 16 53 89 89 58 69 15 32 2
54 29 19 67 57 106 96 36 26 57 70 10 59 10 52 27 70 12 74 14 62 1
55 33 23 101 91 62 52 30 20 54 30 29 34 31 48 88 99 50 73 98 53 4
56 67 57 89 79 12 2 34 24 72 3 71 55 11 27 13 94 60 35 54 70 4
57 47 37 60 50 72 62 77 67 55 80 63 59 71 82 15 13 1 76 25 52 1
58 40 30 11 1 81 71 52 42 59 34 86 98 80 28 72 8 93 12 83 9 1
59 26 16 42 32 51 41 67 57 19 70 49 2 7 9 19 70 69 39 27 26 3
60 55 45 85 75 16 6 46 36 10 71 57 28 57 51 48 18 91 56 29 57 1
61 94 84 67 57 31 21 104 94 39 60 60 2 79 98 74 79 40 46 23 81 4
62 13 3 99 89 78 68 64 54 43 22 72 66 83 14 51 57 7 83 52 13 2
63 65 55 98 88 30 20 55 45 67 95 43 60 86 29 55 98 47 89 21 27 4
64 61 51 91 81 22 12 52 42 29 51 12 13 44 90 12 24 69 21 94 40 2
65 17 7 46 36 82 72 11 1 90 56 93 16 30 20 23 63 19 34 18 89 1
66 78 68 69 59 51 41 42 32 19 27 95 63 36 82 24 75 13 86 53 42 3
67 56 46 101 91 45 35 82 72 89 33 26 41 94 52 83 41 25 7 80 19 1
68 85 75 84 74 82 72 81 71 3 43 60 22 92 83 84 65 84 58 91 1 3
69 29 19 85 75 42 32 98 88 40 61 81 49 45 89 28 83 53 19 81 79 1
