4 70
2966 3008 2721 2930 
0 45 19 22 37 6 56 83 74 76 48 20 56 62 87 35 46 89 68 68 82 2
1 18 23 34 66 43 100 59 43 85 42 13 73 67 54 82 40 60 76 13 2 2
2 47 85 48 64 56 34 57 5 8 37 51 9 12 43 86 87 80 52 45 50 1
3 3 26 80 81 56 27 41 74 76 2 8 75 41 71 25 59 60 5 90 39 1
4 13 59 81 2 50 52 26 3 65 45 25 62 8 59 39 37 3 82 86 29 3
5 76 57 85 11 93 58 2 12 51 37 85 1 32 78 44 26 96 7 74 93 3
6 69 88 17 15 74 41 22 68 25 42 53 39 30 82 60 82 55 62 17 34 2
7 79 71 19 9 52 48 92 86 78 2 42 33 12 8 83 6 69 34 62 1 2
8 38 20 98 87 51 61 3 28 44 27 62 78 16 94 20 20 9 57 3 22 1
9 10 85 70 32 39 86 99 33 97 51 5 38 71 92 24 70 19 28 32 73 4
10 94 15 87 61 71 100 64 46 36 78 4 38 78 5 88 56 65 78 99 92 3
11 14 62 87 73 59 83 24 94 8 15 97 24 50 23 28 89 56 12 26 5 3
12 94 15 55 58 15 8 76 51 72 22 86 29 59 35 39 74 42 13 29 1 2
13 25 51 66 90 6 36 47 83 22 50 87 24 85 75 19 98 53 14 34 90 3
14 22 84 95 10 67 45 40 71 81 66 31 94 46 34 30 89 89 52 15 28 2
15 59 68 12 90 64 13 9 27 5 68 67 4 99 66 32 32 66 32 74 1 4
16 81 44 26 31 78 9 23 96 89 93 60 33 37 47 79 43 47 77 35 69 2
17 89 31 26 26 62 20 99 15 41 22 14 14 21 59 33 25 5 62 68 82 1
18 98 48 34 71 71 93 7 8 35 18 92 74 98 74 53 45 24 62 24 84 3
19 1 85 97 52 94 26 82 93 48 14 94 67 87 96 61 20 45 36 3 15 2
20 85 36 81 43 78 49 74 56 4 2 72 11 24 73 80 7 100 8 33 66 3
21 18 19 79 85 39 44 92 10 7 9 38 67 100 75 96 86 88 100 44 91 3
22 83 3 28 54 80 12 33 63 56 80 11 90 80 33 51 24 13 4 8 20 2
23 99 90 92 72 84 47 77 29 41 53 60 76 3 17 44 94 63 56 73 5 4
24 76 8 21 26 65 45 18 63 27 34 77 2 48 14 96 23 51 98 76 71 3
25 26 71 98 86 63 8 35 23 57 90 45 36 4 64 85 6 34 25 59 44 4
26 59 53 88 96 8 30 37 73 76 79 89 1 36 52 50 84 76 77 35 78 3
27 15 23 75 61 44 92 12 30 87 71 10 47 2 72 97 68 52 97 49 97 3
28 17 49 30 71 42 94 55 16 100 57 79 57 75 22 53 21 48 78 10 73 1
29 48 30 56 9 65 79 81 50 92 4 93 82 93 8 76 33 19 62 97 75 3
30 80 93 45 23 17 54 90 84 37 7 94 77 55 84 72 64 77 28 5 59 1
31 71 83 4 69 36 48 61 34 60 66 2 2 22 83 23 11 62 45 4 54 3
32 55 95 84 33 20 64 49 94 97 21 33 76 11 14 62 61 86 88 59 61 4
33 78 100 23 83 67 73 4 56 8 61 85 60 38 17 74 57 79 59 66 85 2
34 11 63 59 62 16 68 72 67 67 39 70 28 39 16 36 52 54 63 63 60 3
35 100 28 61 63 29 89 90 24 96 95 60 93 74 19 38 88 59 33 87 19 3
36 80 3 9 86 45 60 74 43 92 22 90 57 26 55 23 90 95 77 15 5 4
37 62 48 15 14 67 81 28 55 80 9 12 8 25 8 50 38 62 6 11 53 4
38 22 91 66 34 19 68 71 11 41 8 69 32 33 82 54 90 34 55 41 15 4
39 67 26 31 84 96 35 60 93 20 51 72 53 15 74 1 17 19 79 54 11 4
40 51 58 56 33 60 7 65 82 12 88 79 60 43 81 72 88 34 5 33 15 4
41 25 45 89 19 54 2 18 76 57 47 44 95 44 2 48 10 45 64 78 70 2
42 9 17 45 76 74 34 2 1 10 96 64 29 71 64 10 71 57 17 65 80 2
43 90 65 35 87 87 18 32 40 42 3 76 43 30 1 47 96 65 30 23 46 1
44 98 50 6 29 15 7 23 86 78 21 14 59 57 39 25 32 17 14 85 8 4
45 70 94 83 96 95 91 8 93 48 16 60 26 50 65 78 69 56 74 69 47 3
46 16 85 96 23 77 62 57 92 7 7 82 45 58 90 89 44 45 44 45 61 4
47 64 85 48 59 25 42 9 16 48 38 42 51 17 66 83 93 82 48 3 24 2
48 100 70 12 1 33 39 53 70 59 31 49 58 48 99 96 46 71 53 57 16 3
49 77 79 53 98 30 8 6 19 27 50 52 91 100 65 82 99 39 67 87 69 2
50 58 62 67 96 75 31 84 65 99 13 91 16 12 7 52 70 26 29 91 1 3
51 58 7 50 98 43 96 35 87 29 21 89 96 6 3 85 17 87 96 54 78 2
52 14 64 27 99 47 41 60 76 72 30 84 97 35 25 81 26 9 65 71 94 1
53 100 51 77 14 45 68 22 31 87 23 86 60 77 55 90 72 5 45 100 16 4
54 63 12 32 78 100 45 69 19 14 100 7 12 87 63 54 49 88 42 65 52 1
55 49 55 6 93 54 32 11 70 27 47 74 51 12 64 22 78 8 49 90 21 3
56 54 4 66 51 87 5 7 60 38 5 33 15 8 21 78 66 51 95 33 17 3
57 43 54 20 92 4 31 89 77 19 4 70 56 10 38 74 100 44 8 33 71 4
58 59 19 36 2 20 84 97 67 60 63 52 22 19 85 56 48 89 83 37 27 2
59 62 29 75 48 87 74 100 93 61 89 1 72 9 85 78 81 39 98 3 65 4
60 7 80 36 98 56 17 77 43 64 39 65 36 25 48 17 32 8 18 83 56 2
61 65 22 6 20 46 19 87 9 6 67 85 94 72 53 94 68 25 70 78 9 2
62 65 99 85 77 14 56 34 42 94 38 66 96 69 39 33 49 2 100 43 31 2
63 49 90 1 28 62 67 14 13 30 76 88 21 80 15 93 38 26 93 39 30 2
64 46 55 14 13 91 64 59 22 15 89 88 27 92 53 97 91 26 61 80 95 3
65 60 51 17 90 65 28 14 67 73 67 86 89 94 65 36 13 3 12 80 84 4
66 84 96 41 26 5 49 70 79 99 5 43 5 8 24 44 42 21 32 27 69 4
67 85 46 45 52 6 67 66 81 31 75 46 25 15 86 94 15 72 1 86 53 2
68 68 59 88 42 1 32 21 15 52 87 8 14 88 4 89 22 71 71 68 89 4
69 53 57 45 3 46 50 38 88 4 99 49 99 59 65 30 100 51 50 17 91 3
