4 70
1842 1918 1801 1673 
0 61 75 46 93 22 12 99 30 50 49 56 93 68 37 2 99 58 11 32 86 3
1 34 15 42 50 51 92 67 27 50 11 13 26 43 14 89 95 28 66 60 1 4
2 47 69 48 40 56 10 57 81 98 11 5 76 10 9 45 88 99 44 25 20 4
3 3 30 88 77 64 31 41 78 96 52 30 55 44 63 31 48 25 50 5 32 4
4 97 3 65 54 42 96 10 47 10 30 4 25 7 96 58 37 68 29 85 45 3
5 12 45 21 91 29 46 30 92 52 88 18 20 31 64 17 17 75 45 16 42 2
6 49 44 97 71 54 97 2 24 89 98 4 92 37 10 90 4 39 96 11 99 1
7 87 31 27 69 60 8 100 46 48 3 2 66 51 42 86 64 67 14 30 69 1
8 22 68 82 43 35 9 87 76 68 17 48 91 5 90 85 71 64 6 96 40 1
9 46 57 14 12 75 58 43 13 24 97 7 24 54 12 75 48 9 25 67 81 4
10 78 95 63 41 55 80 40 26 33 98 55 62 98 31 91 49 59 88 30 64 3
11 62 18 27 29 99 39 64 50 88 99 17 99 24 25 48 89 54 25 47 75 4
12 50 7 11 50 71 100 32 43 1 96 79 64 99 34 76 33 93 78 91 99 3
13 5 15 46 62 86 100 35 47 57 44 30 72 5 29 26 15 40 97 40 4 3
14 30 44 3 78 75 5 40 39 86 5 12 34 82 36 3 72 29 80 20 40 1
15 71 84 24 98 68 21 21 43 42 57 99 30 53 18 70 40 45 24 17 55 1
16 25 8 78 87 22 73 75 60 11 97 96 45 45 54 44 29 100 17 64 17 3
17 21 3 58 98 94 84 31 79 14 44 50 6 62 56 82 66 15 15 77 99 3
18 22 88 58 3 95 25 31 48 67 63 67 99 4 60 100 2 86 36 35 94 2
19 81 9 77 84 66 50 62 25 66 38 15 88 80 66 64 76 85 75 59 12 1
20 69 96 65 3 62 9 58 8 24 70 12 51 41 63 24 19 33 7 98 93 1
21 30 87 91 45 43 12 4 78 78 10 10 82 39 38 82 18 22 70 22 40 3
22 95 95 40 46 92 4 37 55 94 62 58 58 55 37 87 45 6 45 51 30 2
23 35 90 28 72 20 55 5 29 24 18 53 92 26 93 31 23 21 95 47 21 4
24 92 48 37 66 81 93 34 11 53 4 57 20 60 74 23 25 44 98 78 92 3
25 66 99 38 22 11 36 75 51 64 97 65 7 41 27 51 46 84 90 53 8 3
26 39 37 68 72 88 14 17 49 14 59 61 24 37 23 47 89 64 96 69 24 3
27 51 55 11 85 80 24 48 62 62 24 57 78 42 84 98 22 30 13 36 52 4
28 49 9 54 31 66 54 79 76 11 90 19 85 40 87 12 22 31 11 71 86 4
29 56 90 64 69 73 39 89 10 29 7 57 45 80 66 49 37 59 56 97 44 3
30 28 85 93 15 65 46 38 76 43 30 78 10 82 59 33 12 77 67 4 93 4
31 63 71 88 49 20 36 45 22 6 59 87 72 15 49 18 93 46 12 25 67 2
32 91 63 20 93 56 24 85 54 68 4 100 10 73 3 91 32 91 51 69 17 2
33 74 8 11 91 55 81 100 64 77 27 18 98 64 29 48 62 13 32 16 64 3
34 87 91 35 90 92 88 48 87 29 31 73 90 35 40 68 84 89 4 13 93 2
35 60 80 29 15 89 41 58 76 85 95 21 64 42 80 12 34 34 95 54 46 4
36 100 95 29 78 65 60 94 35 2 60 79 90 65 68 47 32 74 55 50 14 1
37 14 44 67 10 27 77 80 43 62 21 2 64 94 9 10 29 95 78 14 49 2
38 42 59 86 94 39 36 91 71 70 32 43 47 79 48 39 41 68 29 24 71 4
39 35 46 99 4 64 63 28 21 89 12 49 85 75 79 22 41 56 67 31 68 1
40 99 30 4 5 100 87 5 62 97 55 30 3 84 61 32 74 67 62 49 71 1
41 25 61 89 43 54 18 10 100 74 12 40 61 7 75 60 43 60 55 60 47 2
42 77 57 5 16 34 74 70 41 13 79 43 9 68 99 5 85 91 21 62 68 1
43 6 13 51 35 95 66 40 88 12 55 21 12 65 14 47 32 4 89 45 83 4
44 70 74 78 53 87 31 95 10 81 35 51 92 7 49 59 100 88 4 100 47 4
45 54 82 67 76 79 79 92 81 53 72 97 31 22 42 99 63 73 97 47 1 1
46 60 25 40 55 21 94 1 32 73 73 57 62 63 6 32 61 5 42 1 50 4
47 32 93 8 67 93 50 69 24 51 86 77 29 26 52 57 70 33 7 30 63 2
48 80 58 100 97 13 27 33 66 4 56 60 37 72 82 52 61 25 56 10 38 3
49 93 79 69 98 46 8 22 19 46 44 72 36 56 56 19 34 66 78 76 68 2
50 54 18 63 52 71 87 80 29 46 92 78 15 10 91 75 65 91 45 90 68 3
51 46 39 38 38 31 28 23 27 27 65 89 27 70 97 93 24 33 67 44 28 3
52 82 20 95 55 7 89 20 24 66 29 20 53 79 65 52 28 17 14 16 41 4
53 84 67 61 30 29 92 98 55 60 93 26 52 42 81 94 75 48 81 4 38 4
54 19 52 88 26 56 93 25 59 80 73 61 65 33 87 98 85 99 63 8 37 3
55 49 47 6 85 54 16 11 54 83 78 32 65 63 60 37 84 13 9 4 83 2
56 10 60 22 15 43 69 63 16 79 50 56 6 24 22 9 67 25 61 97 35 2
57 63 50 48 96 24 35 9 73 35 53 41 64 52 47 13 24 95 10 3 16 1
58 67 7 52 90 28 80 5 63 64 56 96 67 40 18 98 27 7 24 10 26 1
59 78 81 91 8 3 26 16 53 75 54 91 48 75 26 22 45 40 13 88 53 2
60 43 96 64 14 84 41 13 59 46 99 82 55 41 35 39 71 4 32 32 42 3
61 37 98 78 88 26 87 67 85 75 78 99 45 19 57 29 16 27 100 99 37 4
62 57 67 77 53 98 32 26 10 16 43 79 93 72 35 13 67 6 79 64 4 3
63 93 18 45 64 6 3 58 41 35 3 71 9 75 28 81 13 80 19 44 8 4
64 98 55 74 5 43 64 19 14 12 34 44 90 91 60 81 62 17 8 58 67 3
65 56 11 5 50 53 88 10 27 24 16 21 28 8 22 31 98 100 45 18 22 4
66 100 60 65 90 21 13 86 43 7 47 22 88 13 97 44 6 18 79 79 18 3
67 25 14 85 28 46 43 6 57 62 33 26 9 28 100 20 71 41 14 88 72 3
68 32 91 52 74 73 64 85 47 3 96 34 56 46 39 14 20 67 29 64 82 1
69 29 5 29 51 22 90 22 36 50 71 87 25 45 65 72 41 64 6 76 21 2
