4 70
2540 2861 3064 2872 
0 27 17 45 35 64 54 82 72 9 97 56 28 24 40 79 37 64 53 6 68 3
1 25 15 110 100 86 76 63 53 8 99 86 26 49 77 61 100 1 16 49 93 1
2 43 33 78 68 20 10 55 45 7 26 100 58 40 68 52 90 88 39 39 41 3
3 30 20 46 36 55 45 71 61 67 22 15 69 28 60 43 6 43 60 94 35 4
4 45 35 16 6 86 76 65 55 36 4 62 26 47 45 3 64 77 46 41 99 3
5 11 1 20 10 20 10 29 19 1 15 39 5 52 15 35 12 84 57 68 86 1
6 42 32 89 79 35 25 90 80 94 72 9 23 2 71 17 79 3 58 42 40 4
7 39 29 16 6 100 90 77 67 66 52 66 80 40 93 83 15 18 54 42 29 1
8 67 57 110 100 60 50 11 1 38 54 16 90 9 18 44 43 6 51 37 86 1
9 33 23 109 99 78 68 54 44 10 65 11 18 74 72 20 52 60 31 92 48 1
10 37 27 91 81 38 28 92 82 86 74 7 90 53 96 49 82 96 58 44 53 3
11 52 42 53 43 61 51 70 60 41 33 5 82 30 44 12 43 96 25 11 54 3
12 92 82 19 9 53 43 80 70 78 92 82 58 87 83 65 46 37 69 1 92 3
13 73 63 29 19 78 68 26 16 77 10 3 77 56 63 52 89 42 61 60 38 1
14 19 9 57 47 96 86 34 24 91 45 58 36 33 61 46 91 5 95 58 30 3
15 103 93 35 25 76 66 108 98 5 97 73 80 89 64 22 77 16 93 66 49 3
16 44 34 19 9 85 75 52 42 43 42 96 47 63 66 5 93 47 31 23 91 2
17 74 64 26 16 87 77 39 29 4 7 99 69 43 5 59 76 61 70 29 32 1
18 97 87 52 42 106 96 53 43 21 45 5 61 32 14 76 19 3 50 79 68 2
19 34 24 94 84 63 53 23 13 36 6 69 78 1 39 34 90 6 36 9 11 4
20 31 21 69 59 16 6 54 44 46 92 94 49 42 92 93 38 88 83 18 6 4
21 54 44 39 29 31 21 16 6 4 84 79 96 23 21 41 2 82 87 43 69 4
22 74 64 85 75 95 85 106 96 61 14 22 92 80 60 88 66 27 40 11 69 1
23 86 76 59 49 23 13 96 86 94 90 31 26 8 67 24 69 67 84 72 81 4
24 15 5 66 56 108 98 59 49 49 33 28 40 44 99 65 15 10 73 18 38 3
25 98 88 59 49 19 9 80 70 6 89 76 53 75 40 69 36 86 54 11 55 3
26 15 5 62 52 100 90 47 37 78 83 18 16 21 2 36 93 79 2 93 78 1
27 17 7 58 48 98 88 47 37 25 86 76 81 89 44 82 3 54 44 14 58 3
28 104 94 30 20 65 55 91 81 76 6 72 86 49 27 95 79 24 75 64 88 2
29 54 44 27 17 99 89 64 54 80 94 78 51 78 79 97 64 65 95 51 96 2
30 84 74 106 96 21 11 43 33 100 91 69 41 79 21 3 56 2 57 33 66 1
31 27 17 80 70 24 14 77 67 94 95 4 32 26 95 42 96 55 63 71 8 4
32 12 2 99 89 85 75 72 62 24 7 17 5 17 27 23 83 72 31 63 70 3
33 73 63 26 16 70 60 23 13 45 100 59 64 95 34 1 6 41 51 98 93 3
34 79 69 74 64 68 58 55 45 27 48 43 82 86 77 68 22 7 31 70 11 4
35 17 7 54 44 90 80 27 17 54 54 31 32 38 4 77 42 94 68 75 73 1
36 52 42 75 65 89 79 12 2 82 83 65 71 54 24 62 78 38 23 28 65 3
37 66 56 102 92 39 29 75 65 99 60 51 73 34 65 40 11 41 52 72 78 3
38 13 3 88 78 54 44 21 11 74 35 8 68 71 65 45 5 71 61 98 93 1
39 17 7 13 3 102 92 98 88 46 66 1 95 21 43 20 54 34 48 44 43 3
40 84 74 91 81 97 87 104 94 75 65 92 25 62 73 84 56 41 95 1 27 4
41 109 99 105 95 102 92 98 88 43 10 38 97 45 98 38 49 37 60 63 98 3
42 39 29 97 87 64 54 30 20 98 33 44 92 1 67 92 71 71 67 45 60 2
43 90 80 51 41 11 1 64 54 67 29 95 18 16 61 16 23 29 89 95 9 2
44 99 89 50 40 108 98 59 49 25 56 43 51 97 46 8 90 50 81 26 78 3
45 43 33 96 86 48 38 93 83 67 61 48 80 29 84 66 66 92 91 45 4 4
46 34 24 16 6 91 81 73 63 49 42 30 83 99 89 59 80 21 15 19 83 4
47 51 41 44 34 36 26 29 19 13 92 89 58 23 22 49 19 31 79 22 6 1
48 72 62 90 80 109 99 27 17 15 18 75 22 91 45 89 16 88 9 82 4 4
49 64 54 109 99 53 43 98 88 75 63 40 87 37 17 11 35 41 1 29 99 2
50 51 41 66 56 80 70 95 85 75 37 5 81 61 30 44 19 48 44 24 99 4
51 90 80 62 52 27 17 99 89 18 31 66 53 58 75 84 56 96 22 35 13 3
52 105 95 48 38 82 72 25 15 55 80 99 50 1 27 72 99 18 19 54 9 1
53 59 49 88 78 16 6 37 27 98 46 79 16 18 43 43 66 40 30 42 4 1
54 43 33 81 71 20 10 50 40 93 70 34 28 20 39 23 73 30 38 22 81 2
55 55 45 23 13 92 82 52 42 87 88 47 26 51 19 72 38 47 67 65 77 4
56 105 95 27 17 50 40 72 62 34 88 88 9 85 18 15 49 26 22 31 96 3
57 65 55 78 68 90 80 103 93 15 53 80 49 43 92 35 97 45 5 10 69 2
58 70 60 41 31 11 1 82 72 4 19 97 70 16 82 18 37 60 10 18 51 2
59 68 58 76 66 93 83 101 91 78 93 11 66 2 70 5 47 46 65 70 79 4
60 85 75 15 5 38 28 68 58 70 68 99 83 34 31 45 90 64 64 65 54 4
61 28 18 93 83 65 55 30 20 74 85 81 12 86 40 44 25 71 14 87 89 2
62 63 53 49 39 36 26 14 4 39 92 60 38 88 92 39 49 22 79 5 42 4
63 103 93 28 18 60 50 93 83 89 41 58 65 55 61 56 43 87 87 87 83 2
64 23 13 53 43 84 74 14 4 68 85 79 59 83 80 95 65 60 42 76 56 4
65 11 1 40 30 76 66 105 95 53 71 67 97 8 83 76 88 49 74 43 72 3
66 16 6 107 97 89 79 80 70 99 56 6 68 68 67 23 3 97 51 16 3 2
67 38 28 83 73 19 9 64 54 39 71 10 85 16 9 100 89 45 98 20 64 2
68 59 49 58 48 56 46 55 45 18 26 29 76 37 77 44 6 81 66 82 33 1
69 79 69 27 17 84 74 40 30 66 55 21 10 3 30 55 10 27 16 46 2 2
