4 70
2803 2813 2606 2908 
0 3 3 14 21 46 40 57 58 51 61 11 91 77 86 29 28 72 3 15 27 3
1 62 63 101 98 27 32 74 75 73 32 69 33 78 45 61 21 5 93 7 97 2
2 75 77 52 48 22 26 99 97 20 60 73 8 31 39 55 90 18 84 76 30 2
3 35 26 81 81 30 27 89 82 52 87 92 56 38 45 75 69 25 50 17 97 3
4 35 39 81 82 27 32 73 83 96 22 44 1 40 75 23 4 96 83 14 44 1
5 100 97 47 51 94 98 49 52 75 68 62 33 85 100 95 29 6 65 76 68 3
6 16 8 45 35 66 61 87 88 61 76 39 59 80 63 91 8 90 10 97 95 2
7 76 83 14 21 67 60 105 98 90 10 86 87 36 48 41 71 49 57 40 85 1
8 15 12 79 87 43 53 20 20 30 62 18 18 29 81 93 94 86 55 45 28 4
9 46 49 89 96 53 50 96 97 18 80 73 27 51 46 74 57 86 62 11 85 4
10 39 43 96 89 37 28 73 74 100 30 85 83 41 74 17 85 65 58 14 51 3
11 21 18 35 29 39 39 53 50 63 55 69 68 25 52 89 98 85 37 6 57 2
12 78 75 27 18 61 68 10 11 31 74 80 65 84 82 45 52 75 33 41 32 1
13 16 11 58 50 93 96 35 35 55 77 66 55 39 71 63 78 95 14 90 48 4
14 51 44 68 78 11 5 49 39 98 24 39 99 92 62 39 53 50 11 25 13 1
15 72 72 96 94 12 17 36 39 41 98 59 25 24 46 86 47 78 6 89 88 2
16 70 76 47 55 38 41 23 28 54 58 34 76 83 77 91 37 38 73 50 37 1
17 92 83 76 70 66 64 58 59 44 99 95 90 21 12 81 29 8 19 58 76 2
18 94 88 2 11 23 25 52 48 81 29 8 38 38 92 81 21 1 56 13 20 4
19 43 41 16 8 84 82 57 49 51 46 88 70 64 42 19 46 9 83 26 82 2
20 15 12 28 19 20 25 33 32 75 97 17 16 46 34 4 63 46 19 36 95 3
21 8 15 78 73 35 40 5 6 59 59 23 41 66 58 21 3 43 69 72 52 1
22 81 91 52 42 108 100 50 51 27 41 48 92 30 42 5 99 46 25 4 93 4
23 51 46 31 28 1 3 75 85 6 96 24 25 36 32 31 61 24 57 70 34 4
24 19 24 44 42 61 61 86 87 23 93 99 96 34 75 77 52 76 56 80 58 3
25 63 63 76 78 102 92 15 7 62 86 96 57 10 99 26 37 22 69 85 99 3
26 14 9 58 52 84 86 28 29 20 91 5 55 85 81 56 80 10 8 10 48 1
27 49 43 80 73 8 12 55 50 5 35 4 31 26 1 93 12 38 44 80 58 2
28 99 97 14 19 50 42 65 64 51 67 84 43 63 90 100 44 59 71 35 70 1
29 77 70 46 41 2 11 100 90 58 17 81 34 85 53 52 62 56 42 70 47 2
30 89 81 5 3 37 34 61 64 45 91 77 76 100 50 60 18 70 24 88 82 3
31 59 59 55 45 30 24 13 10 14 50 36 9 92 15 5 38 72 70 9 53 3
32 69 63 98 93 19 24 61 54 36 76 76 19 84 96 47 42 23 74 33 9 3
33 71 76 68 59 42 49 39 32 36 34 71 12 8 31 93 25 83 18 41 78 4
34 89 99 96 98 103 96 102 95 59 8 16 95 3 16 68 1 86 51 97 9 2
35 21 20 60 55 76 81 15 16 58 21 1 70 12 25 43 79 75 9 17 45 3
36 101 91 63 66 39 48 22 23 5 40 91 68 66 61 16 34 6 7 76 6 3
37 23 28 93 94 71 69 28 35 62 96 77 100 96 87 25 26 17 6 72 86 3
38 93 95 32 30 79 72 18 15 17 98 44 52 90 1 62 77 60 63 42 72 3
39 102 98 49 56 11 7 58 65 100 56 60 41 24 85 72 80 22 84 84 41 2
40 4 14 97 89 59 63 39 46 32 52 51 45 51 36 80 39 39 31 59 81 3
41 44 45 26 27 1 2 76 84 8 65 52 94 11 28 49 96 28 64 80 89 1
42 10 13 69 72 36 38 95 97 43 53 79 61 81 11 73 42 69 69 53 73 3
43 5 1 31 23 57 54 83 84 71 88 12 56 44 70 95 86 45 29 70 14 3
44 59 50 29 29 1 7 90 86 41 98 72 39 39 25 29 53 98 58 21 62 1
45 24 26 25 28 26 31 27 33 56 7 92 54 60 36 15 47 76 66 29 30 3
46 94 97 22 27 60 66 1 4 8 12 84 31 79 53 41 62 61 62 87 5 1
47 20 25 17 7 87 82 55 64 99 25 79 43 30 48 46 38 86 68 92 76 1
48 36 30 70 61 91 99 38 30 75 41 29 81 81 38 14 52 14 53 7 70 1
49 85 87 91 98 18 8 24 19 70 92 84 82 73 13 73 23 93 24 90 5 4
50 18 10 58 52 90 87 22 21 30 23 35 66 17 15 46 2 83 17 72 63 2
51 61 55 45 46 37 44 42 35 32 30 52 54 62 77 36 3 78 49 88 94 3
52 35 36 81 71 4 5 37 40 83 25 56 81 74 10 63 75 72 89 56 47 4
53 1 3 58 66 19 20 82 83 61 95 43 43 82 53 84 69 57 61 84 68 1
54 30 20 103 94 68 61 33 27 25 87 92 64 20 43 28 97 62 26 41 88 3
55 73 79 7 17 62 56 88 94 96 95 99 88 25 2 77 63 60 39 58 68 2
56 1 8 55 55 11 9 54 64 87 2 62 75 55 32 52 3 22 68 19 6 3
57 10 10 55 56 100 95 24 33 70 52 86 27 50 61 64 48 11 25 38 98 3
58 64 71 64 54 41 36 28 19 1 79 78 75 30 41 1 61 62 52 90 4 4
59 74 77 5 4 26 22 57 49 29 48 69 64 11 65 14 86 37 73 66 45 3
60 72 68 80 86 1 5 25 23 64 29 43 28 29 81 58 83 38 77 34 69 4
61 27 30 26 28 17 19 24 17 50 60 24 42 82 95 41 19 92 91 82 56 2
62 42 43 18 21 96 100 72 78 53 94 48 70 14 68 18 33 66 85 70 11 2
63 66 74 6 12 61 51 80 89 8 55 94 79 56 49 41 16 34 83 82 46 2
64 49 43 86 93 46 52 4 2 2 31 81 84 71 20 98 96 31 50 60 38 1
65 60 63 4 2 46 40 69 79 94 26 27 26 59 45 11 24 93 38 98 47 3
66 95 92 12 14 50 45 67 67 44 12 28 80 33 51 70 28 48 57 18 65 1
67 2 10 26 24 31 39 47 45 57 34 80 11 60 100 43 91 47 63 94 3 3
68 65 71 68 62 50 44 40 35 94 34 58 72 86 82 54 92 8 12 45 44 1
69 67 65 14 11 50 58 89 96 71 14 57 64 1 92 67 57 45 67 18 61 3
