4 70
2870 2973 2772 3148 
0 57 55 68 73 100 92 11 10 36 42 66 52 81 25 85 40 83 30 24 87 2
1 49 55 96 90 22 32 61 67 18 80 53 11 59 89 71 92 91 80 16 54 3
2 11 5 75 76 50 46 22 25 43 98 77 6 1 60 61 71 40 23 56 71 4
3 37 30 67 77 32 31 83 78 71 69 21 76 32 93 89 72 44 88 41 30 3
4 59 51 1 2 59 52 97 95 68 80 36 21 27 18 7 87 50 58 17 71 4
5 100 93 55 47 102 94 57 48 55 91 29 70 7 65 23 56 39 46 83 34 2
6 82 88 24 15 45 41 74 68 35 77 28 14 38 85 82 12 89 78 10 50 4
7 67 67 1 5 37 44 96 90 66 94 14 15 91 15 71 67 6 53 93 2 3
8 72 64 36 39 13 5 77 72 28 53 92 17 69 55 100 3 44 36 1 13 4
9 31 37 95 92 38 38 102 93 46 34 29 5 62 13 53 58 97 15 95 22 2
10 10 3 46 49 87 88 44 34 94 69 70 79 14 45 28 42 36 80 77 45 4
11 28 34 55 45 46 55 73 66 11 38 49 56 24 55 10 64 27 19 8 60 2
12 4 3 61 54 87 96 36 39 63 81 98 44 81 56 52 76 97 72 30 67 4
13 53 63 3 10 51 48 101 95 92 3 66 55 57 39 43 64 20 43 70 8 3
14 95 100 25 26 55 61 85 87 12 23 97 48 77 18 87 22 6 72 79 24 3
15 7 16 36 30 60 53 84 75 99 77 87 17 99 24 88 44 62 95 24 58 3
16 82 92 88 79 71 65 43 52 27 12 15 34 12 14 78 25 25 80 1 67 2
17 30 35 22 30 33 24 25 19 7 29 9 18 26 4 66 47 91 29 5 60 1
18 28 32 57 55 86 77 86 92 20 56 13 32 95 25 72 98 94 82 40 12 1
19 79 85 60 52 20 26 101 93 63 53 46 39 99 86 15 50 51 94 6 6 3
20 61 68 74 75 87 81 79 88 91 46 66 3 30 99 11 30 44 15 86 82 4
21 108 99 57 65 35 32 84 90 12 9 4 47 37 22 98 91 7 11 4 90 3
22 60 55 10 6 66 64 8 15 12 71 36 2 32 3 24 95 82 70 27 71 3
23 17 18 89 92 69 75 62 57 61 62 38 9 87 11 73 37 97 37 69 92 4
24 83 76 100 94 17 13 34 31 27 74 12 47 34 87 92 75 18 96 93 23 3
25 41 39 46 54 59 68 93 83 23 72 89 64 50 37 98 62 61 19 39 98 1
26 1 1 41 44 75 78 11 21 62 51 52 40 83 48 59 92 37 76 18 99 1
27 47 51 94 89 27 20 53 58 28 9 80 53 53 26 83 57 83 42 46 3 2
28 24 17 39 39 54 62 90 84 88 80 87 56 36 72 26 80 81 53 27 95 4
29 98 90 54 61 23 31 8 10 100 43 40 80 74 70 71 94 82 64 72 100 3
30 44 45 68 67 92 98 24 28 45 85 37 66 76 51 73 56 63 22 39 37 3
31 93 91 68 69 51 56 47 42 11 49 45 16 75 87 16 5 54 55 49 40 1
32 14 19 56 49 85 80 6 10 66 60 68 38 76 19 22 29 48 44 71 19 2
33 84 76 68 67 42 49 47 40 1 21 29 92 84 5 55 53 36 67 59 87 2
34 1 3 3 2 110 100 96 99 90 99 54 2 30 38 51 96 11 10 54 31 3
35 67 76 1 3 35 37 74 64 54 73 78 40 46 39 68 93 24 32 72 69 1
36 57 55 40 30 16 12 86 95 94 86 80 77 85 74 80 3 15 30 99 86 4
37 94 96 64 62 21 29 91 95 45 14 88 76 89 26 16 38 72 80 40 83 3
38 73 79 12 22 51 56 90 99 76 1 19 53 96 13 50 63 51 34 45 9 3
39 29 38 89 96 59 55 1 5 62 53 61 24 76 87 82 85 97 80 60 33 3
40 2 10 95 85 65 59 29 34 1 97 98 46 93 14 16 57 4 80 81 71 4
41 15 25 89 99 86 82 60 56 90 59 46 96 60 88 78 72 9 16 36 19 3
42 19 29 86 88 45 46 4 5 34 24 57 83 97 15 31 45 89 8 31 41 1
43 79 81 5 11 44 34 70 64 1 76 29 53 40 98 30 99 93 26 49 99 3
44 28 22 1 1 89 79 59 58 82 18 27 57 41 80 66 49 88 64 59 52 1
45 24 22 25 24 26 27 27 29 35 71 52 46 33 25 76 68 81 47 42 75 3
46 6 5 42 43 72 74 8 12 64 64 37 36 9 61 99 99 35 15 23 73 2
47 105 97 73 71 64 54 32 28 43 60 2 9 84 49 14 14 72 53 2 65 3
48 64 62 98 93 40 31 66 62 82 35 55 34 37 44 37 15 86 35 88 9 3
49 76 79 90 98 17 8 23 19 53 96 7 47 60 71 39 49 70 96 67 68 2
50 41 34 73 68 5 3 37 37 13 49 55 85 57 15 87 64 26 28 46 1 1
51 102 99 86 90 78 88 83 79 62 38 14 50 53 75 43 41 49 50 14 36 3
52 43 52 89 87 12 21 58 56 7 23 37 90 87 23 51 24 93 20 21 18 4
53 1 3 59 66 28 28 91 91 64 24 65 4 91 63 91 53 91 61 98 67 3
54 73 72 38 38 11 13 76 79 92 57 82 54 47 55 83 18 91 59 61 77 2
55 83 79 17 17 51 56 85 94 71 43 4 33 44 87 70 93 58 63 59 18 2
56 90 96 46 43 102 97 45 52 22 7 19 9 79 47 2 44 8 37 74 41 4
57 84 78 29 24 53 63 1 1 10 1 78 69 88 31 37 9 21 10 78 94 3
58 1 3 95 86 72 68 51 51 12 35 12 69 73 19 60 45 88 26 64 81 3
59 95 97 18 16 47 42 78 69 66 87 59 64 71 30 46 35 36 34 11 100 3
60 5 4 13 22 42 41 66 67 24 51 59 87 7 87 15 74 51 53 90 45 1
61 48 50 47 48 46 47 45 45 78 13 96 53 9 91 93 16 91 5 39 10 2
62 102 99 78 77 56 56 40 42 91 19 19 27 98 77 41 18 66 92 59 82 3
63 54 50 94 88 28 27 76 73 80 34 94 2 53 67 34 8 19 10 19 79 2
64 1 7 48 57 16 16 66 66 96 26 50 64 6 65 76 42 36 76 29 92 3
65 55 47 78 86 20 24 72 63 29 96 92 70 38 60 67 63 81 52 91 50 2
66 88 80 5 10 43 33 68 63 32 69 50 57 98 90 76 65 76 21 80 75 2
67 1 2 18 16 23 31 39 37 2 78 3 3 18 29 84 53 84 61 41 4 2
68 80 87 62 70 57 52 47 43 79 41 37 85 38 2 56 12 80 55 66 68 4
69 9 17 64 63 5 2 39 48 42 58 75 3 2 24 95 57 14 87 51 78 1
