4 70
612 825 631 723 
0 99 5 76 23 52 42 29 60 58 87 43 53 33 34 50 56 66 89 90 29 3
1 92 53 100 88 17 30 25 65 29 29 51 92 95 4 6 43 71 13 26 14 4
2 57 35 66 6 66 76 75 47 49 31 18 15 57 68 79 86 74 55 79 93 3
3 25 28 10 75 86 29 63 76 93 75 60 65 13 9 52 6 11 23 24 45 4
4 71 41 39 84 8 34 84 85 14 62 77 63 67 78 44 48 87 26 28 35 1
5 74 27 75 81 83 28 92 82 22 8 80 23 42 94 2 85 44 54 63 83 4
6 31 6 79 33 36 59 84 94 17 20 17 20 19 11 41 17 17 71 51 97 4
7 49 45 81 83 22 22 54 60 86 90 86 32 64 100 26 25 17 97 46 40 4
8 24 98 84 65 37 39 89 6 86 56 27 67 89 17 16 91 28 49 37 99 1
9 48 39 16 94 77 40 45 95 58 56 99 71 88 46 19 75 51 20 69 21 2
10 8 45 93 83 85 30 70 68 63 13 85 41 92 30 11 76 7 49 10 62 4
11 76 8 49 19 13 29 86 40 5 93 65 74 36 24 77 82 1 29 22 40 2
12 48 77 9 28 69 70 30 21 56 93 96 29 50 32 99 12 86 42 28 18 4
13 55 49 96 96 44 42 85 81 25 85 22 97 66 44 72 15 44 87 51 93 4
14 20 34 93 68 57 95 30 29 84 98 83 5 80 62 34 59 43 31 28 72 2
15 77 74 30 88 82 11 27 33 61 71 42 34 55 55 72 60 28 65 34 35 4
16 71 10 16 97 68 75 13 62 92 40 61 27 74 25 67 52 96 99 56 37 4
17 99 45 36 40 72 26 9 21 60 77 51 38 57 89 83 77 73 95 52 82 1
18 92 2 28 17 65 39 1 54 98 62 6 37 76 29 51 92 63 86 52 70 3
19 31 15 19 90 16 56 4 31 24 19 13 6 46 68 79 62 89 36 23 91 1
20 39 74 35 81 32 87 28 94 22 81 78 51 38 12 29 25 65 9 71 100 4
21 68 5 29 71 89 30 42 96 59 86 70 32 11 47 87 1 46 70 99 73 1
22 1 5 46 56 98 14 51 65 75 93 63 55 39 48 40 99 9 61 93 1 3
23 33 12 26 94 10 69 3 51 70 17 99 38 87 66 77 22 24 31 79 3 2
24 94 70 39 88 83 7 28 25 43 53 49 81 92 45 20 55 82 23 9 30 3
25 88 93 60 8 25 22 97 37 77 65 71 94 77 99 15 26 93 47 26 63 3
26 17 67 46 10 74 44 95 79 19 56 62 49 4 73 94 92 96 33 76 18 3
27 45 25 13 63 74 2 42 32 31 68 39 25 93 81 89 75 72 69 23 22 4
28 15 59 28 81 40 4 53 26 81 17 100 13 29 56 13 25 15 51 8 73 2
29 6 48 22 19 31 89 47 60 38 40 19 94 86 53 28 55 29 72 96 96 3
30 50 99 23 29 87 60 60 82 51 14 99 61 88 90 16 36 53 62 4 18 2
31 61 89 94 67 26 54 51 40 80 24 36 72 19 100 32 22 5 61 25 17 4
32 49 53 86 83 14 14 43 44 49 98 80 70 73 91 29 13 3 86 86 9 3
33 32 62 69 53 13 35 58 26 63 20 97 18 62 77 38 90 24 38 16 39 4
34 81 13 37 12 94 10 42 9 14 62 1 83 42 68 61 61 30 40 90 47 3
35 86 54 47 89 15 23 76 50 62 91 65 27 36 97 94 75 55 21 88 24 3
36 50 9 79 92 15 66 44 49 84 61 72 78 36 100 38 20 46 36 20 100 3
37 92 6 45 72 5 39 58 5 46 91 39 50 60 92 33 9 72 5 89 22 2
38 56 73 8 16 53 50 5 93 84 24 55 30 25 72 56 21 49 26 91 81 2
39 61 100 25 58 90 17 54 75 83 61 47 38 18 58 70 100 3 99 62 28 3
40 49 16 54 91 58 65 63 40 53 63 12 90 30 45 50 16 90 46 24 31 3
41 75 99 39 81 96 56 60 38 4 42 35 80 54 16 2 47 12 63 36 56 2
42 59 39 87 98 24 56 52 23 39 43 32 79 23 40 6 76 76 31 21 93 4
43 100 67 45 97 89 20 34 50 71 57 3 69 40 2 60 65 65 91 10 60 3
44 76 12 92 91 1 69 9 48 19 70 17 98 74 43 35 25 26 29 1 1 1
45 96 72 9 66 21 69 34 71 19 31 7 65 53 30 16 18 100 28 22 89 1
46 34 3 14 41 95 72 75 10 83 67 67 13 30 17 70 7 20 51 9 8 2
47 14 15 98 97 75 72 59 54 54 12 9 12 31 29 68 39 80 2 13 48 1
48 34 84 46 23 67 53 79 84 45 95 32 55 12 53 91 94 52 75 39 38 1
49 23 29 99 40 76 58 52 69 99 29 93 27 49 22 39 15 52 8 89 100 4
50 84 20 93 54 1 89 10 23 97 82 7 36 39 51 94 65 19 35 34 75 1
51 4 49 96 48 89 38 81 37 8 37 1 80 18 56 83 18 17 66 48 10 1
52 100 6 13 41 25 83 46 18 42 75 43 47 48 79 46 76 92 73 79 83 1
53 50 33 27 96 95 58 72 21 26 97 99 87 69 70 22 87 56 65 69 44 4
54 49 74 18 40 86 15 55 81 28 15 69 88 66 44 86 22 32 76 98 45 2
55 67 85 16 23 72 62 29 100 96 33 51 82 82 96 11 37 1 76 77 18 3
56 40 34 60 81 73 35 93 82 2 67 17 64 95 77 63 59 7 64 27 26 2
57 13 24 98 62 82 1 59 47 20 73 80 80 6 7 82 78 97 24 81 38 4
58 97 33 74 24 58 6 35 89 29 17 74 8 61 18 13 68 90 71 55 28 2
59 44 31 57 50 61 76 74 95 60 67 55 12 39 67 64 7 57 61 14 16 3
60 69 94 90 12 10 39 39 57 4 64 88 33 74 5 67 52 73 12 49 1 3
61 87 52 28 50 68 49 9 47 11 71 24 36 5 74 85 34 42 86 66 49 3
62 39 65 59 43 80 22 100 8 63 65 50 91 52 73 2 80 17 47 90 27 2
63 63 16 15 54 76 93 28 39 5 90 47 21 38 41 45 1 4 81 6 47 1
64 48 65 16 15 93 74 61 24 55 69 61 91 25 6 53 38 77 77 81 96 2
65 54 25 3 64 51 2 100 41 75 65 46 86 58 40 36 49 65 21 8 72 1
66 66 30 23 60 87 83 52 13 26 18 12 33 21 34 37 63 75 90 24 51 3
67 15 48 75 62 36 77 96 83 94 38 84 9 1 91 95 44 52 15 47 31 4
68 70 69 90 52 11 42 23 25 74 18 52 15 60 3 92 8 20 4 69 37 2
69 99 23 91 69 92 16 84 54 99 29 19 32 72 41 33 23 78 32 29 3 1
