4 70
2777 2941 2760 2956 
0 11 7 22 25 54 44 52 62 22 82 57 27 76 79 46 95 54 26 38 100 3
1 44 47 91 90 30 24 64 67 35 62 37 33 99 7 6 85 21 21 95 9 1
2 26 33 11 4 65 74 50 45 55 4 79 41 22 42 96 19 50 45 58 50 3
3 31 26 90 81 18 27 77 82 56 41 52 23 70 88 11 72 63 90 45 46 4
4 70 71 16 14 62 64 8 15 31 33 37 13 81 19 88 92 95 10 3 60 2
5 87 89 26 35 81 90 36 44 29 98 8 98 55 68 32 69 43 29 41 65 4
6 69 76 1 3 19 29 61 56 33 31 29 52 6 65 36 63 30 38 11 84 1
7 50 51 88 97 28 36 66 74 7 23 99 14 97 53 97 57 41 43 80 74 2
8 21 16 85 83 49 57 26 24 4 37 18 7 86 10 88 88 20 24 33 41 4
9 37 33 80 80 44 34 87 81 87 100 21 100 83 30 35 57 37 9 36 42 4
10 68 63 9 1 45 48 86 86 2 73 54 38 61 5 51 3 83 61 61 31 4
11 48 50 62 61 66 71 80 82 58 60 15 68 45 3 56 60 67 12 34 25 4
12 38 31 74 82 21 24 78 75 46 14 19 26 86 77 76 55 37 73 78 35 2
13 11 15 69 62 17 8 38 47 25 69 59 67 60 98 78 17 60 74 20 31 1
14 60 56 82 82 20 17 50 43 28 52 44 55 72 78 40 56 52 19 29 85 4
15 55 52 63 66 87 89 11 11 16 32 93 73 22 32 35 88 72 30 9 25 3
16 15 16 1 3 83 81 68 68 24 64 23 93 25 38 29 75 35 46 46 36 3
17 105 95 97 90 79 76 71 71 4 71 45 57 90 86 59 72 43 30 40 67 2
18 91 84 91 99 20 21 41 36 2 26 33 61 97 71 99 11 82 3 64 51 1
19 23 29 104 96 56 62 45 37 20 12 32 23 48 6 19 46 39 95 24 86 1
20 20 16 33 23 25 29 38 36 92 14 57 52 37 18 7 48 93 36 37 98 3
21 87 91 65 57 14 16 84 82 45 23 16 8 4 63 41 4 4 19 100 31 2
22 18 19 68 70 37 28 87 79 11 69 29 63 29 100 7 31 10 95 72 61 2
23 83 82 55 64 48 39 28 21 29 45 50 39 96 59 95 60 26 29 97 80 1
24 10 20 48 38 65 57 82 75 40 72 1 36 2 30 55 52 34 59 15 60 4
25 11 15 24 30 50 44 63 59 35 40 32 65 26 3 6 86 21 44 97 69 1
26 88 93 32 36 79 70 23 13 27 63 96 97 18 28 77 66 47 20 42 14 2
27 53 59 92 97 41 36 72 66 2 66 18 86 26 17 63 76 70 7 23 6 4
28 28 37 64 59 79 82 1 4 98 19 43 71 87 65 6 27 81 25 77 69 2
29 6 10 75 81 44 51 29 30 31 90 55 94 61 13 87 97 26 75 71 92 4
30 7 9 31 31 55 62 87 92 14 81 20 99 12 49 77 3 73 12 7 80 2
31 6 15 10 1 77 80 60 66 70 77 42 68 71 53 21 43 28 62 77 80 4
32 72 75 1 5 43 36 72 66 85 88 62 82 33 81 24 1 11 44 71 51 4
33 84 76 68 67 63 57 39 40 14 68 6 81 71 28 33 95 70 4 100 100 4
34 19 15 18 14 4 12 11 11 63 59 30 39 58 81 11 49 21 83 10 14 3
35 18 24 65 59 94 85 12 20 15 93 69 21 23 7 44 6 58 43 53 62 1
36 13 19 96 94 72 76 63 59 46 72 83 23 19 76 16 35 76 11 25 56 4
37 65 64 22 30 92 97 70 63 93 73 100 50 4 2 62 97 51 76 31 78 4
38 74 71 13 6 52 48 91 83 10 22 18 19 26 40 32 2 77 33 56 55 3
39 69 78 37 36 86 95 54 53 53 52 8 83 19 100 64 41 73 1 82 25 3
40 92 98 64 73 63 55 27 30 59 18 40 95 69 63 89 69 27 45 46 83 3
41 99 97 73 71 49 54 23 28 78 87 17 96 37 33 13 90 21 24 7 59 2
42 28 37 87 96 62 62 21 21 19 72 56 48 18 18 41 13 21 55 50 30 3
43 66 61 92 91 18 22 36 44 33 37 23 80 51 88 3 98 68 58 54 29 1
44 5 2 67 73 58 51 28 30 90 51 34 60 89 46 72 8 68 57 88 90 2
45 11 18 12 20 13 23 35 25 71 65 26 40 9 20 45 3 74 22 30 95 2
46 26 21 54 51 92 90 28 28 39 62 49 46 84 38 54 18 8 84 92 19 3
47 69 69 37 43 28 26 96 100 73 55 21 74 85 93 29 31 4 39 20 1 1
48 92 94 26 25 60 55 94 94 72 64 95 75 3 70 32 14 58 16 52 8 3
49 75 79 89 98 16 8 22 19 90 68 46 66 38 89 8 77 50 70 5 90 3
50 56 50 88 84 20 19 52 53 49 26 63 65 84 9 33 17 18 47 1 35 1
51 35 43 40 34 32 32 16 23 88 3 2 79 79 97 11 30 59 29 76 93 1
52 64 68 10 3 33 37 66 72 4 74 25 63 78 67 32 22 24 88 31 42 4
53 5 11 68 74 37 36 100 99 11 6 61 80 58 17 52 24 21 17 88 95 3
54 16 24 81 90 67 57 32 23 86 47 63 20 69 57 71 47 80 97 44 35 2
55 72 71 6 9 53 48 87 86 19 18 79 17 8 18 39 91 82 38 65 16 4
56 73 76 37 31 80 85 28 32 96 8 40 36 6 1 64 45 51 32 100 8 3
57 37 46 82 84 27 31 72 69 45 81 46 25 31 85 71 25 33 50 38 79 3
58 39 35 26 18 103 100 82 83 17 52 10 69 5 40 26 56 99 3 6 82 3
59 16 17 39 36 68 62 83 81 11 93 29 38 70 77 35 16 75 10 27 38 4
60 30 40 75 66 83 85 1 3 9 41 55 78 86 60 36 48 44 51 73 38 2
61 69 78 76 76 67 67 66 65 71 29 9 39 16 39 6 58 73 37 54 14 4
62 62 55 38 33 11 20 108 98 24 84 82 35 30 16 64 41 46 29 41 96 3
63 29 26 61 64 3 3 43 49 48 95 39 53 62 25 87 45 21 71 9 35 1
64 68 71 18 21 86 80 36 30 60 80 86 69 33 45 7 15 67 17 57 78 3
65 29 31 73 70 2 8 54 55 22 50 3 26 49 53 86 5 10 3 94 94 2
66 73 68 98 98 15 21 53 51 100 45 62 95 36 10 19 68 6 19 26 46 2
67 86 94 10 8 7 15 31 29 92 89 42 95 60 40 69 90 30 26 27 35 2
68 87 95 69 78 59 68 41 51 37 58 94 79 80 96 54 16 86 56 81 92 1
69 59 69 6 7 55 54 110 100 98 68 86 18 17 17 52 2 53 89 43 19 4
