4 70
2496 3066 2964 2940 
0 59 93 36 11 20 30 97 48 49 20 3 9 85 13 6 65 89 19 21 94 4
1 68 77 76 12 93 54 1 89 1 68 17 79 71 48 16 43 100 54 5 60 4
2 65 75 66 46 74 16 75 87 48 83 19 36 69 23 62 77 3 93 86 62 3
3 17 28 94 75 78 29 55 76 41 78 86 70 6 63 57 60 90 14 67 39 2
4 95 53 71 96 40 46 8 97 21 58 64 96 92 62 65 2 38 83 8 54 1
5 10 59 19 13 19 60 28 14 22 92 82 82 12 93 84 89 19 20 30 84 1
6 71 94 27 21 76 47 24 74 13 60 53 7 98 26 50 76 95 92 13 11 1
7 25 25 65 63 6 2 38 48 93 54 45 17 47 40 40 35 76 63 86 85 1
8 56 94 16 61 69 35 21 2 25 11 20 2 84 59 28 67 91 66 95 32 1
9 68 87 28 42 97 88 65 43 55 98 26 33 87 99 87 44 15 45 49 54 3
10 48 85 41 31 25 70 18 16 23 98 45 86 95 35 10 1 79 6 19 26 1
11 96 4 61 15 33 25 98 36 26 98 64 98 25 57 51 16 21 99 24 82 3
12 36 1 97 44 57 94 18 37 94 45 47 98 60 25 2 78 50 58 17 20 4
13 95 21 36 68 76 6 17 53 13 37 24 72 29 82 5 86 9 72 82 86 3
14 4 6 77 32 49 67 22 93 50 57 33 34 77 74 94 50 11 10 16 45 2
15 61 50 6 72 58 95 11 9 13 78 76 96 58 85 31 34 99 15 35 74 1
16 75 82 20 69 72 47 17 34 47 42 35 40 64 82 2 83 74 98 78 38 4
17 35 1 72 96 8 90 45 85 51 35 41 65 32 81 48 75 60 8 41 75 2
18 44 30 88 45 25 67 61 90 95 59 51 4 86 16 23 2 26 44 58 21 3
19 79 59 67 34 64 100 52 75 14 65 100 14 18 3 13 88 22 76 2 21 1
20 71 62 67 69 64 67 60 74 39 88 97 64 3 49 80 50 22 81 59 91 2
21 52 77 13 43 65 2 26 68 83 65 94 99 53 74 58 52 38 59 57 14 1
22 77 21 30 72 82 30 27 81 99 58 90 55 2 33 31 53 67 92 67 82 3
23 61 4 54 86 46 61 31 43 45 22 26 32 73 14 80 57 52 11 38 64 4
24 62 82 7 100 51 19 96 37 20 24 34 13 58 90 88 3 1 96 99 79 1
25 100 37 72 52 37 66 9 81 4 88 64 86 5 99 50 85 86 40 13 66 3
26 65 7 86 50 14 84 43 27 31 34 5 22 97 62 49 86 21 65 62 43 3
27 73 69 41 99 2 38 70 76 18 36 39 56 61 45 74 33 95 54 21 83 2
28 67 39 80 61 92 84 97 14 58 30 97 88 17 30 34 8 48 80 65 93 3
29 90 20 6 91 15 69 31 40 60 96 14 3 82 48 59 72 87 52 92 94 4
30 54 7 27 37 91 68 64 98 11 34 1 5 46 2 80 51 88 24 24 53 1
31 93 21 26 7 50 86 83 72 7 69 17 6 44 54 54 61 39 14 82 61 2
32 85 25 14 55 42 86 79 16 100 67 74 79 50 7 91 91 92 80 74 79 3
33 48 46 93 29 37 19 74 10 41 63 48 63 33 79 57 22 100 61 84 16 3
34 29 65 85 64 42 62 90 61 18 34 71 28 46 89 60 61 2 76 32 14 3
35 50 50 19 85 79 19 48 46 51 89 58 17 83 45 60 11 39 7 23 78 3
36 10 25 39 100 75 82 4 57 66 19 44 67 57 41 98 11 24 72 40 39 3
37 80 22 41 88 93 55 54 21 71 36 79 28 12 54 18 84 9 14 45 60 3
38 16 53 68 88 13 30 65 65 61 45 61 25 99 22 64 17 16 49 25 24 3
39 25 52 89 10 54 69 18 27 10 56 56 54 53 3 11 28 87 41 76 67 3
40 61 56 66 31 70 13 67 88 23 66 41 53 10 48 97 59 38 34 100 90 1
41 75 59 39 33 4 8 68 90 75 72 61 55 15 43 37 12 50 38 65 72 3
42 39 59 67 18 96 84 24 43 91 23 27 60 45 45 75 2 40 99 44 97 1
43 76 71 21 93 65 24 10 54 16 63 41 67 59 77 18 10 13 77 57 32 1
44 32 64 48 43 57 21 65 100 63 80 26 97 87 22 18 69 25 45 32 63 2
45 20 96 33 98 45 93 58 95 85 83 14 85 55 57 71 81 35 10 38 86 3
46 38 31 18 69 99 100 87 38 95 48 85 30 22 65 9 78 45 40 9 25 1
47 86 99 70 73 47 56 31 30 90 70 20 70 1 76 85 47 81 78 23 69 1
48 66 8 86 39 7 77 19 8 68 31 17 23 25 26 93 10 97 89 71 45 4
49 91 29 67 48 44 58 20 69 80 40 72 44 79 30 60 20 76 64 11 73 4
50 92 8 1 42 9 77 18 11 35 62 90 99 31 39 46 68 35 30 96 24 2
51 28 85 20 76 13 74 5 65 76 88 13 46 37 5 35 4 46 20 34 88 1
52 72 10 85 45 97 79 10 14 88 78 88 41 97 49 84 31 100 43 84 84 4
53 90 93 59 56 35 18 4 81 15 93 50 85 15 8 75 48 61 91 12 40 4
54 37 86 6 52 82 27 51 93 7 56 82 61 11 46 87 17 30 22 8 71 4
55 67 9 16 39 72 78 29 16 85 40 16 35 96 100 64 88 62 85 18 9 4
56 20 6 40 61 61 15 81 62 98 86 15 43 25 21 98 96 39 22 57 69 2
57 65 16 50 54 34 1 19 39 82 75 85 7 46 22 95 32 85 98 86 43 2
58 73 49 50 32 34 22 11 5 54 43 67 34 21 46 75 24 46 18 27 13 2
59 12 19 17 38 29 64 42 83 22 74 6 59 16 76 23 83 65 63 90 75 4
60 5 62 26 80 54 99 75 17 45 9 19 40 14 59 99 81 84 87 72 23 1
61 35 8 76 6 16 5 57 3 34 36 6 79 12 47 85 67 40 10 43 8 2
62 55 21 75 99 96 78 16 64 99 23 35 83 52 43 30 51 70 49 37 91 2
63 75 52 27 90 88 29 40 75 86 89 27 84 36 9 81 77 69 32 27 54 3
64 36 73 4 31 81 82 49 40 87 48 34 91 48 20 42 16 86 23 48 62 1
65 62 5 19 44 67 82 16 21 20 32 26 88 82 15 71 79 73 46 32 31 4
66 26 2 91 32 55 55 12 85 35 81 11 87 24 91 84 28 20 6 53 39 1
67 27 96 87 10 48 25 8 39 50 15 86 8 30 88 74 22 52 74 2 76 3
68 42 5 54 88 75 78 95 61 86 20 80 81 15 8 58 48 27 17 20 2 3
69 39 35 31 81 32 20 32 66 52 41 53 78 73 24 55 23 62 81 82 44 4
