4 70
672 722 735 721 
0 13 79 90 97 66 16 43 34 66 24 77 64 2 24 78 56 77 23 47 99 3
1 34 7 50 42 59 84 75 19 70 34 84 57 63 12 85 88 98 21 17 83 1
2 75 17 84 88 84 58 93 37 63 58 25 30 85 36 43 18 59 84 96 34 3
3 39 30 24 77 100 23 77 78 42 80 35 78 100 79 53 64 65 58 56 6 1
4 53 35 21 78 98 28 66 79 34 34 12 61 68 14 79 42 73 43 90 16 4
5 100 29 9 83 17 30 18 84 84 84 47 87 1 18 34 1 49 83 22 9 2
6 33 20 89 47 38 73 86 100 24 86 7 93 58 8 33 45 54 51 1 59 3
7 95 99 27 37 68 76 8 14 76 86 15 8 14 54 41 5 65 81 69 49 4
8 50 72 2 39 55 13 7 80 88 56 51 56 32 27 93 42 4 34 29 58 4
9 6 41 74 96 43 42 3 97 57 23 28 59 89 55 32 48 43 84 25 56 2
10 62 15 47 53 39 100 24 38 31 40 3 94 52 8 51 25 98 56 99 55 2
11 58 50 23 61 95 71 60 82 7 9 36 69 60 70 27 61 38 54 72 71 1
12 90 63 51 14 11 56 72 7 42 24 93 81 90 54 76 55 55 37 55 18 4
13 25 27 66 66 14 12 55 51 19 17 72 68 67 6 86 60 19 22 64 26 4
14 2 56 75 90 39 17 12 51 53 50 57 46 79 73 51 38 12 28 7 15 4
15 79 56 32 70 76 93 29 15 16 85 40 12 65 73 75 23 64 43 41 36 1
16 57 48 10 35 54 21 7 100 14 60 77 29 10 31 23 7 8 3 91 89 2
17 45 15 82 10 18 4 55 91 20 35 14 36 17 44 76 47 65 62 23 57 3
18 38 76 74 99 11 13 47 36 86 23 70 41 72 27 93 40 6 62 56 37 2
19 1 97 89 64 86 38 74 5 36 31 44 19 30 15 48 23 53 71 39 13 3
20 25 100 21 7 18 13 14 20 63 61 36 74 76 19 90 25 29 26 94 64 4
21 2 63 63 29 15 88 76 54 17 20 44 81 96 78 40 3 41 80 100 35 4
22 95 23 48 74 100 32 45 83 52 13 67 3 76 19 77 78 95 3 36 41 3
23 95 26 88 8 72 91 65 65 96 31 83 8 43 86 31 16 6 20 57 4 2
24 72 44 17 62 61 81 6 99 20 36 84 13 41 16 1 66 95 45 84 62 2
25 62 59 34 74 7 88 71 3 76 3 69 38 52 81 12 40 18 11 79 2 2
26 23 21 52 56 72 98 1 33 68 17 80 62 80 42 75 62 24 99 33 93 4
27 11 71 71 9 40 48 100 78 96 36 15 92 67 58 83 89 71 87 94 67 3
28 65 49 78 71 82 94 95 16 10 22 89 87 59 81 47 33 62 95 7 23 1
29 56 38 72 9 81 79 97 50 31 9 19 66 78 63 4 81 84 31 77 61 4
30 24 13 97 43 61 74 34 4 74 24 80 80 3 90 8 70 8 43 3 7 4
31 83 27 16 5 40 92 73 78 61 40 51 50 35 85 88 61 62 6 82 6 4
32 79 75 8 5 44 36 73 66 5 44 63 80 37 61 28 37 91 92 84 93 4
33 94 8 39 99 83 81 20 72 23 39 46 98 45 55 74 20 6 32 56 49 3
34 99 7 55 14 12 12 68 11 58 58 33 35 9 95 80 20 71 88 52 85 4
35 44 84 5 11 65 45 34 80 93 86 35 51 98 98 74 84 62 49 63 15 3
36 80 23 9 6 45 88 74 63 13 53 3 83 60 29 91 58 75 3 61 47 4
37 10 72 71 46 23 13 84 79 93 100 39 24 3 47 15 92 16 47 99 93 2
38 50 27 2 70 55 12 99 47 59 9 12 33 42 6 37 90 48 13 93 99 2
39 19 26 83 84 40 43 4 1 47 39 72 65 7 35 98 45 80 35 75 76 3
40 59 14 64 97 68 71 73 46 65 65 47 27 38 37 81 4 2 48 69 30 3
41 25 13 89 87 46 70 10 44 44 25 87 16 88 71 40 91 62 6 75 63 4
42 81 81 9 40 46 6 74 65 46 81 82 1 67 60 53 70 51 11 18 99 3
43 86 73 31 3 75 26 20 56 9 56 20 13 16 56 43 44 70 3 50 6 3
44 18 26 26 5 35 83 43 62 6 65 30 67 51 16 49 75 41 3 89 57 3
45 46 74 59 68 71 71 84 73 90 9 67 14 1 14 71 48 24 87 37 71 3
46 56 49 36 79 25 18 5 56 76 22 19 11 35 73 85 91 34 53 91 31 3
47 36 29 20 11 97 86 81 68 79 66 70 92 58 75 59 57 77 100 37 81 4
48 100 22 20 53 33 91 53 22 69 24 79 38 42 16 26 93 19 44 50 25 1
49 37 79 13 98 90 8 66 19 80 70 69 43 6 22 74 90 63 94 36 99 4
50 18 58 27 92 35 27 44 61 3 34 85 77 33 12 5 22 19 69 35 68 3
51 74 27 66 26 59 16 51 15 50 30 62 65 100 99 6 13 9 50 40 94 1
52 58 52 71 87 83 21 96 56 88 75 94 36 52 17 68 65 31 13 50 11 3
53 40 75 9 38 85 100 54 63 69 35 1 47 64 32 70 7 74 63 4 12 1
54 23 48 92 22 60 89 29 55 40 92 65 2 31 82 39 7 48 68 59 100 2
55 77 39 34 77 90 16 47 54 69 81 74 17 44 82 31 78 47 24 97 89 4
56 14 36 34 91 47 37 67 92 35 57 47 30 6 16 7 62 37 95 50 79 3
57 43 86 28 32 12 71 89 9 5 35 64 54 97 25 92 72 93 77 1 16 1
58 11 71 88 54 72 36 49 19 75 3 87 29 35 18 68 98 85 58 44 17 2
59 86 21 99 40 11 66 24 85 5 34 8 96 29 24 86 23 26 82 37 52 3
60 59 76 88 94 8 13 29 39 25 88 93 70 58 8 1 27 47 33 58 87 1
61 57 46 98 36 38 35 87 33 10 37 22 81 22 7 19 33 11 100 7 26 1
62 21 87 41 65 62 44 82 22 71 24 49 31 9 11 79 52 75 93 71 28 2
63 89 78 41 16 2 55 54 93 16 44 83 47 55 74 9 21 34 55 33 83 4
64 38 83 6 33 83 92 51 42 17 84 75 78 8 4 34 11 40 67 100 41 3
65 48 79 5 18 53 56 2 95 33 4 7 60 25 99 81 41 17 66 76 38 2
66 8 36 73 66 37 89 94 19 58 91 63 93 6 57 80 99 30 6 70 39 3
67 57 98 17 12 78 27 38 41 4 47 49 61 60 53 16 90 2 85 98 39 2
68 44 15 64 98 77 88 97 71 19 73 51 37 40 39 61 10 99 52 55 34 3
69 85 1 77 47 78 94 70 32 57 77 36 55 87 68 97 47 73 20 89 70 4
