4 70
1518 1702 1743 1541 
0 46 37 57 55 68 74 87 92 55 81 61 37 25 18 21 21 16 8 53 95 2
1 96 93 35 28 69 70 8 5 98 16 22 15 84 100 63 19 44 39 68 100 4
2 99 99 63 70 38 40 2 11 95 18 73 23 71 11 98 64 42 77 66 75 1
3 29 24 75 79 24 25 83 80 85 13 19 91 10 8 89 95 7 68 10 56 4
4 1 1 59 52 1 2 59 53 6 62 37 16 50 43 27 20 95 31 94 42 4
5 70 79 17 25 72 80 19 26 88 60 71 59 83 12 68 45 77 86 89 71 1
6 38 38 59 65 101 91 22 18 23 8 49 86 68 54 63 43 99 6 85 68 4
7 63 73 1 11 54 50 92 88 25 35 90 55 24 63 58 97 75 27 82 61 1
8 45 46 9 13 86 79 42 46 15 4 86 90 4 80 27 63 41 76 62 82 1
9 6 7 57 62 21 16 64 63 77 21 91 66 63 62 54 36 36 5 34 74 1
10 14 13 55 51 91 98 32 36 12 27 72 43 99 86 27 8 9 55 41 79 2
11 39 48 53 59 65 69 71 80 24 76 39 61 66 22 43 71 79 1 31 98 1
12 19 9 47 52 2 2 51 45 98 70 8 12 88 44 38 20 42 52 7 63 3
13 47 57 97 96 45 42 95 89 70 6 73 74 31 5 79 60 36 78 26 72 3
14 33 38 63 72 93 99 31 33 88 11 34 82 46 54 37 38 7 34 56 65 4
15 50 42 74 64 82 79 6 1 24 98 45 24 56 37 31 57 51 75 41 5 2
16 16 18 9 5 92 91 77 70 46 20 52 88 41 4 8 72 93 98 98 41 3
17 33 37 17 24 28 18 20 13 94 97 86 41 95 79 58 29 41 65 24 74 2
18 93 90 22 13 30 35 51 50 83 11 42 3 36 82 33 8 4 77 99 35 1
19 29 35 2 2 70 76 43 43 20 39 62 35 54 96 25 13 91 10 55 20 2
20 10 2 2 9 15 15 28 22 11 50 88 48 96 47 13 40 98 84 9 60 4
21 1 9 69 75 47 42 96 100 82 26 16 34 56 12 21 34 20 62 61 42 1
22 38 29 80 80 36 38 99 89 72 23 85 7 67 99 99 71 39 11 12 48 2
23 11 4 91 86 63 61 43 43 79 44 43 50 41 81 92 49 51 73 90 73 1
24 33 42 50 60 88 79 105 97 51 83 53 54 74 26 27 85 88 96 75 80 4
25 2 9 28 24 41 38 54 53 36 6 3 8 49 81 85 67 97 12 1 72 2
26 30 31 58 66 1 8 36 43 80 3 74 96 88 21 87 26 68 16 98 69 3
27 31 37 78 75 11 6 37 44 31 96 70 51 81 67 31 84 48 9 14 93 1
28 84 87 1 9 27 32 63 54 17 30 80 30 35 3 72 16 55 82 42 43 2
29 69 60 25 31 2 9 79 80 10 49 71 11 69 56 27 92 68 69 52 98 2
30 13 15 45 45 69 76 1 6 71 11 72 59 17 51 17 4 7 88 87 58 2
31 24 33 28 19 3 6 78 84 10 44 97 5 2 59 66 24 92 100 100 19 3
32 54 57 96 87 25 18 46 48 25 15 71 16 60 77 86 74 62 41 10 82 1
33 34 38 31 21 5 11 10 2 62 46 14 66 61 69 76 65 62 89 34 71 2
34 42 37 28 36 35 34 34 33 4 48 96 47 14 42 78 43 98 13 29 45 2
35 105 98 23 33 60 67 99 94 8 84 53 72 73 43 66 27 64 45 92 98 4
36 20 25 11 8 87 90 70 65 10 63 7 53 20 30 14 13 90 16 59 95 2
37 32 26 89 92 59 59 16 25 36 94 54 25 71 62 81 44 25 85 67 61 1
38 83 85 30 28 61 62 8 5 5 62 83 92 100 97 28 67 40 29 1 2 4
39 39 32 86 90 56 49 95 99 37 71 84 94 62 17 83 45 31 71 69 5 3
40 91 84 55 59 25 33 18 8 7 93 46 1 20 33 2 13 35 20 56 91 1
41 25 35 12 9 96 92 70 66 78 54 90 3 24 86 60 78 10 30 55 90 2
42 15 19 90 86 49 44 8 3 27 31 56 61 91 45 51 15 84 100 96 99 3
43 18 23 36 45 83 76 9 6 49 92 1 90 57 5 12 43 48 81 36 84 4
44 42 40 20 19 82 89 73 68 63 47 49 58 3 71 25 20 91 4 100 64 4
45 15 8 16 10 4 13 1 7 10 6 84 52 26 95 22 37 69 100 44 55 3
46 97 99 25 29 63 68 1 6 15 68 46 94 30 15 85 50 34 97 60 14 1
47 92 91 73 65 51 48 32 22 21 3 91 75 55 85 26 82 29 44 96 32 3
48 4 12 46 51 72 81 14 20 75 7 4 37 46 36 50 10 95 4 24 32 4
49 33 29 47 48 53 58 59 69 9 95 26 33 91 49 41 44 91 57 46 100 2
50 58 52 90 86 22 21 54 55 44 1 70 49 91 21 24 45 3 62 66 8 4
51 57 53 41 44 33 42 38 33 90 31 24 34 45 96 10 56 32 4 95 14 3
52 60 54 101 97 24 31 70 66 79 9 54 71 6 87 71 6 47 94 94 61 2
53 80 77 30 40 12 2 75 65 34 57 97 16 95 95 54 69 41 44 26 96 1
54 39 38 12 12 77 79 42 45 87 19 95 72 4 49 54 93 12 28 29 48 3
55 9 17 56 55 90 94 24 32 87 81 52 94 55 74 96 14 49 43 29 91 1
56 44 50 100 97 43 51 1 6 70 95 19 89 48 56 64 50 50 98 77 50 2
57 18 12 50 58 95 97 40 43 67 15 73 55 23 10 97 28 32 63 20 97 1
58 52 61 52 44 29 26 16 9 10 89 32 91 11 7 25 29 93 94 23 20 1
59 59 59 90 86 11 4 21 31 65 50 26 78 43 49 71 22 36 78 32 66 4
60 48 38 72 64 80 83 1 1 91 93 79 26 43 91 61 45 32 77 93 83 2
61 44 40 35 30 21 29 20 27 60 82 9 98 28 35 15 6 87 36 96 29 2
62 53 45 37 31 15 10 91 88 35 12 17 94 99 92 47 76 92 50 41 22 2
63 7 16 68 62 10 1 42 39 40 46 73 32 66 86 93 30 12 62 85 99 3
64 85 81 22 31 82 90 40 40 88 84 44 26 37 90 85 35 56 58 64 28 4
65 47 45 91 84 20 30 64 69 34 70 76 74 83 96 96 30 69 57 6 8 4
66 41 38 66 68 83 91 21 21 86 91 70 99 71 44 96 45 70 47 55 36 2
67 25 20 36 34 41 49 65 63 56 57 36 54 77 18 46 94 49 49 69 56 1
68 68 73 63 56 53 46 35 29 29 18 77 15 67 28 29 70 78 45 15 30 4
69 93 87 40 33 68 72 15 18 60 83 26 73 44 22 21 93 51 17 92 61 2
