4 70
2908 2589 3243 3157 
0 30 29 41 47 73 66 84 84 72 6 15 70 46 33 64 94 22 97 8 37 1
1 16 9 34 44 89 86 28 21 38 76 61 78 86 9 18 43 19 64 88 27 4
2 97 95 61 66 36 36 13 7 85 100 6 54 98 62 48 8 1 46 83 43 2
3 32 24 78 79 27 25 86 80 42 4 71 100 41 47 49 55 2 44 26 76 1
4 51 45 97 96 43 38 89 89 66 12 79 41 67 94 11 33 2 16 7 81 1
5 96 95 51 49 98 96 53 50 78 92 11 7 92 64 57 24 35 88 62 20 1
6 3 2 24 29 53 55 74 82 31 52 15 63 17 27 8 37 22 20 19 53 2
7 36 29 66 67 6 6 44 44 4 74 30 74 71 91 30 80 38 28 98 68 3
8 33 38 18 13 74 79 38 46 82 75 22 43 62 5 18 22 72 81 63 27 3
9 45 39 88 94 39 48 103 95 32 42 56 59 46 19 94 7 100 71 94 32 3
10 64 73 21 19 62 58 1 4 19 13 61 30 15 64 27 22 94 65 90 91 4
11 85 76 91 87 103 97 17 8 33 50 88 62 93 1 100 40 88 53 5 31 1
12 91 89 40 32 74 82 23 25 93 87 39 22 46 50 71 39 95 79 50 13 4
13 41 33 70 80 18 18 68 65 50 80 42 35 98 91 23 87 1 73 45 38 1
14 23 22 53 48 83 83 21 17 20 97 5 81 38 9 25 98 33 48 60 97 2
15 100 98 16 12 40 35 56 57 50 75 96 26 96 52 78 54 9 80 47 58 2
16 39 30 11 17 1 3 87 90 12 5 100 89 10 20 12 13 97 99 19 28 3
17 7 5 99 100 89 94 81 89 26 60 73 68 36 90 85 95 76 4 98 25 2
18 15 14 36 29 44 51 73 74 8 93 100 58 78 52 22 12 49 71 78 39 3
19 53 59 42 34 94 100 83 75 81 76 41 14 89 97 93 57 7 49 48 84 4
20 84 86 97 93 89 99 2 6 36 94 5 32 18 63 45 83 29 33 65 26 4
21 54 57 32 23 81 82 38 48 48 79 7 47 79 55 38 35 20 23 17 30 4
22 64 73 27 24 83 82 33 33 87 23 93 99 52 53 77 5 58 53 96 32 4
23 34 32 14 14 86 89 79 71 25 73 72 49 86 50 71 27 45 66 68 28 4
24 51 50 68 68 85 87 2 5 18 44 21 91 18 39 72 51 42 55 68 40 4
25 98 97 11 12 24 34 58 49 22 94 95 51 44 34 56 28 47 3 47 38 1
26 45 55 89 98 36 32 80 75 70 57 51 2 84 43 16 91 12 60 46 56 4
27 102 97 41 35 61 66 1 4 21 35 10 22 51 30 12 27 6 39 1 53 4
28 1 7 33 29 48 52 84 74 93 42 54 63 60 8 40 49 69 15 23 31 1
29 77 80 46 51 23 21 100 100 44 22 29 14 74 48 40 93 26 54 71 30 2
30 56 59 80 89 12 20 57 50 84 9 23 62 57 65 47 37 60 37 3 94 3
31 22 21 5 7 101 94 76 72 41 8 53 25 4 43 75 26 94 62 78 11 1
32 48 41 77 71 1 2 27 32 47 94 75 31 54 46 46 2 98 44 82 58 1
33 13 22 18 13 1 3 89 86 91 18 99 83 2 31 3 25 77 27 99 77 1
34 103 97 102 96 88 94 95 93 14 87 95 84 44 48 99 48 79 54 6 44 2
35 90 98 37 33 66 59 84 94 34 60 40 22 94 43 92 55 59 93 8 91 1
36 75 69 45 52 34 26 4 9 80 29 96 7 48 79 39 71 49 83 20 88 1
37 69 62 18 28 96 95 66 61 30 49 30 2 21 81 50 34 76 38 58 88 3
38 37 41 76 76 15 18 54 53 91 94 23 31 83 41 7 25 76 91 73 62 3
39 68 64 15 22 85 81 32 39 44 37 96 90 97 66 75 17 68 73 78 84 3
40 1 8 100 91 62 65 34 40 25 73 56 37 10 74 100 63 57 2 66 87 1
41 44 39 18 13 94 96 68 70 99 13 63 1 34 77 60 89 82 48 28 16 3
42 71 71 38 30 97 88 64 55 51 11 56 95 65 31 5 34 36 10 23 97 3
43 88 87 14 17 40 48 79 70 77 1 25 40 99 84 3 88 60 67 1 96 4
44 37 36 7 15 98 93 68 72 76 66 63 22 83 80 79 87 7 43 6 1 3
45 28 24 29 26 30 29 31 31 70 100 23 22 56 73 9 78 61 87 51 60 4
46 46 51 82 89 20 20 56 58 9 79 3 64 63 72 67 68 83 29 33 79 1
47 2 11 99 93 61 68 58 50 56 61 52 94 64 92 16 69 69 16 70 89 2
48 100 92 21 31 68 61 110 100 86 51 97 75 46 75 43 75 45 55 60 13 1
49 37 29 51 48 57 58 63 69 60 47 85 67 36 23 18 2 61 16 32 90 4
50 69 72 1 6 33 41 65 75 8 71 57 84 24 32 37 1 75 51 86 55 1
51 75 77 59 68 72 66 56 57 63 69 21 57 25 66 45 12 63 89 33 34 4
52 81 90 27 25 58 59 104 94 26 19 31 86 71 82 79 69 48 4 42 8 3
53 60 53 23 16 84 78 34 41 33 95 83 16 11 80 14 71 88 53 8 8 1
54 41 46 14 20 79 87 44 53 10 22 49 51 84 14 25 1 74 48 2 14 3
55 24 25 58 63 1 2 39 40 72 43 48 30 5 70 83 9 3 100 40 64 2
56 101 98 44 53 92 99 56 54 46 3 78 55 21 32 95 76 71 11 20 96 1
57 51 48 88 86 33 25 65 71 49 59 38 26 14 47 30 43 39 90 35 65 3
58 36 33 23 24 1 6 87 89 52 96 41 70 40 44 98 37 14 78 41 77 1
59 78 87 9 14 30 32 53 59 48 55 87 44 6 79 42 6 15 90 8 60 1
60 95 86 11 4 19 23 48 41 32 62 57 66 89 3 55 42 67 31 59 45 4
61 52 44 43 34 42 33 41 31 41 77 77 97 98 79 29 39 31 85 47 77 4
62 18 21 94 99 80 78 64 64 61 2 95 14 83 49 44 17 99 19 3 70 2
63 10 12 50 50 84 89 24 27 44 86 41 47 50 11 43 82 21 26 55 29 4
64 34 25 71 75 31 34 89 84 26 95 15 79 100 47 30 6 73 86 54 31 4
65 1 1 37 40 87 86 18 25 74 19 57 92 82 51 55 88 81 99 5 22 3
66 77 86 23 16 40 39 70 61 73 64 60 61 88 71 58 34 8 14 15 42 1
67 44 52 68 66 73 81 97 95 3 12 70 44 65 37 28 63 2 9 4 28 4
68 29 25 19 16 93 98 83 89 92 15 65 90 34 76 66 60 38 25 33 21 1
69 88 95 35 33 71 80 18 26 32 62 19 34 77 82 31 54 43 53 74 28 3
