4 70
749 715 745 759 
0 60 67 92 85 11 4 22 22 87 30 59 86 19 84 82 14 86 19 62 80 4
1 40 31 58 66 13 8 52 43 51 69 48 31 52 82 61 60 54 39 25 5 2
2 72 65 28 36 11 6 67 77 44 66 31 7 68 90 13 42 93 3 13 45 3
3 22 30 81 77 38 31 68 78 51 96 11 93 100 4 35 46 41 98 84 97 2
4 43 39 89 90 35 40 81 83 40 46 82 92 37 30 65 92 65 29 6 89 1
5 53 61 8 15 55 62 23 16 66 15 11 94 37 29 78 47 14 20 71 16 3
6 99 100 28 35 70 61 91 88 37 67 14 96 52 17 32 8 36 41 77 71 4
7 97 87 27 25 67 64 1 2 62 29 25 64 44 95 36 72 97 24 39 50 2
8 69 68 25 35 10 9 74 76 44 10 11 48 96 48 71 5 93 76 43 94 3
9 83 89 34 44 90 90 41 45 4 3 10 12 93 49 54 31 28 98 84 55 2
10 52 55 9 1 58 48 86 86 32 90 91 54 30 19 97 12 42 61 2 68 2
11 38 46 52 57 69 59 62 70 42 92 59 37 60 70 34 25 53 92 92 93 3
12 79 87 28 30 83 80 32 23 89 35 76 70 19 37 87 89 46 96 94 57 1
13 83 91 33 38 81 84 23 23 71 37 71 11 63 36 80 23 91 93 43 40 2
14 27 28 65 62 95 89 33 23 33 28 17 14 55 24 72 39 34 41 23 97 3
15 24 32 48 54 72 77 101 91 15 93 83 43 100 12 88 16 81 29 43 68 1
16 17 20 10 7 93 93 78 72 77 81 49 24 96 63 53 47 40 44 35 44 3
17 69 79 74 66 64 60 56 55 91 42 78 40 11 59 88 83 64 15 59 35 2
18 3 4 32 27 32 41 61 64 67 38 39 34 10 54 36 53 20 16 86 29 4
19 35 41 8 8 76 82 49 49 78 41 42 82 22 98 28 58 2 62 35 64 4
20 84 80 97 87 89 93 102 100 39 72 83 30 75 27 8 54 14 16 95 65 4
21 32 35 94 93 51 60 29 26 30 65 74 48 64 38 1 88 90 83 38 8 4
22 29 39 92 90 48 48 98 99 40 54 60 17 33 8 53 74 78 27 86 54 2
23 26 26 98 100 78 83 63 57 16 24 49 5 96 71 98 5 52 36 78 96 3
24 69 64 86 82 3 1 20 19 86 9 76 93 9 25 40 76 91 75 18 19 3
25 85 95 11 10 24 24 37 47 54 75 21 16 4 24 74 15 6 72 99 13 2
26 56 61 1 4 34 38 91 81 36 51 1 28 27 71 6 67 5 91 42 99 3
27 9 15 48 45 76 84 15 22 85 93 95 42 66 82 97 6 87 86 8 9 1
28 32 37 68 59 83 82 1 4 14 60 84 52 51 91 60 42 91 20 76 46 4
29 19 10 75 81 52 59 29 30 4 37 76 57 84 12 80 21 48 1 37 80 4
30 27 29 59 59 83 90 15 20 97 75 99 54 13 39 81 80 1 64 4 74 2
31 50 59 38 37 21 24 4 10 79 56 63 32 12 54 46 80 40 81 38 64 3
32 57 47 86 77 7 8 36 38 4 96 16 22 80 86 87 84 14 40 65 49 2
33 97 92 81 83 68 65 52 56 16 63 92 29 37 81 16 81 18 93 100 26 1
34 65 59 51 58 58 56 65 55 64 100 52 51 29 42 68 21 46 41 26 95 4
35 71 80 2 7 47 41 78 68 91 54 26 75 96 45 10 46 12 11 49 45 2
36 35 39 26 22 94 96 85 79 63 41 76 51 75 23 15 51 79 75 39 87 3
37 78 88 56 54 26 21 83 87 16 77 21 21 69 40 71 47 36 25 25 46 4
38 8 7 39 42 86 84 25 27 62 42 80 2 20 90 9 59 77 34 96 21 3
39 88 86 27 36 89 95 57 53 97 46 68 45 77 74 99 38 50 79 48 9 1
40 53 62 46 37 16 11 88 94 72 42 94 8 82 38 98 70 81 59 12 12 1
41 56 65 38 47 14 22 1 4 70 73 50 46 66 2 51 68 61 84 44 50 1
42 10 1 77 68 36 26 82 85 32 76 97 51 87 33 90 54 44 47 83 14 3
43 83 77 9 7 27 30 53 60 100 43 59 89 67 69 3 22 77 95 28 65 1
44 87 78 57 57 27 35 10 6 43 58 58 21 70 49 73 89 97 72 20 42 2
45 106 98 107 100 100 95 101 97 94 49 63 62 44 45 70 98 94 19 30 91 2
46 68 77 25 15 55 46 91 84 19 63 56 58 46 71 81 64 44 63 4 29 1
47 7 13 104 95 66 70 42 52 46 30 32 80 19 39 11 35 42 1 28 5 4
48 45 38 79 77 13 7 55 46 66 91 74 19 20 59 47 43 100 99 13 53 3
49 70 79 105 98 11 8 17 19 97 87 71 9 16 87 75 94 37 19 44 100 4
50 39 46 71 80 24 15 56 49 64 58 12 34 24 68 24 91 59 28 2 63 3
51 58 63 63 54 55 52 39 43 58 79 36 23 21 85 5 41 26 39 37 58 2
52 51 48 76 83 20 17 53 60 59 11 64 24 72 23 17 83 31 40 36 93 3
53 34 43 5 6 66 68 37 31 55 62 6 57 60 42 12 85 52 53 82 20 1
54 70 60 35 26 8 1 73 67 65 4 64 25 80 11 88 9 92 69 54 39 1
55 51 55 85 93 40 32 74 70 22 49 64 26 42 6 36 78 41 11 24 20 1
56 7 16 63 63 27 17 70 72 37 67 26 22 99 52 29 11 57 1 38 75 2
57 86 86 31 24 55 63 8 9 92 64 8 92 31 70 72 21 91 81 39 54 3
58 78 87 65 70 42 52 42 35 23 30 98 31 49 41 66 67 85 38 37 67 2
59 18 9 20 28 49 54 72 73 48 26 37 41 9 57 65 42 78 90 7 10 2
60 53 44 69 62 77 81 93 99 18 42 46 27 94 80 54 17 21 41 86 63 3
61 90 94 89 92 88 91 87 89 82 99 25 46 17 100 12 73 13 56 77 99 3
62 44 43 20 21 98 100 82 86 17 57 87 31 40 71 89 41 95 13 16 34 4
63 14 14 46 52 88 91 20 29 80 63 48 53 48 30 19 53 32 5 21 16 4
64 89 91 47 49 107 100 65 58 38 27 3 94 73 62 23 40 40 76 89 21 3
65 65 67 9 6 38 44 82 83 1 100 51 56 50 55 14 76 70 14 51 96 4
66 9 8 34 38 64 61 89 91 16 36 69 62 71 53 7 56 32 33 51 33 1
67 59 54 54 60 80 75 83 89 93 79 32 13 62 83 63 80 52 59 84 23 2
68 41 51 36 34 26 24 8 7 100 2 13 34 44 84 5 45 71 13 73 59 3
69 6 13 53 51 102 98 36 44 98 1 91 74 36 92 89 9 64 79 14 18 4
