4 70
2848 3056 3035 2850 
0 17 71 2 89 78 8 55 26 16 18 57 38 51 33 31 68 35 92 43 77 4
1 26 23 34 58 51 100 59 35 24 19 53 70 86 13 63 91 27 41 39 31 4
2 11 13 20 84 20 54 29 33 6 54 80 40 8 54 92 18 73 14 100 86 1
3 67 30 52 77 28 31 5 78 72 11 99 67 82 25 60 4 11 9 76 78 4
4 41 71 9 22 86 72 54 15 6 48 56 39 83 52 66 50 81 14 68 97 4
5 24 53 33 99 41 54 42 100 58 56 42 60 84 96 13 46 91 91 77 86 3
6 65 76 13 3 62 29 18 56 98 35 47 96 43 57 50 12 89 38 37 64 4
7 79 55 19 93 60 32 92 70 47 22 31 57 12 100 37 70 47 42 100 76 1
8 2 72 54 39 15 5 67 80 31 66 71 36 49 21 57 32 48 58 6 68 3
9 86 73 54 28 15 74 83 29 12 80 75 62 56 86 15 7 44 22 14 70 3
10 86 75 79 21 63 60 56 6 65 47 92 11 45 88 38 89 12 88 6 65 4
11 66 78 31 89 3 99 76 10 21 71 62 43 15 25 25 52 54 64 46 3 3
12 10 43 71 94 31 36 92 87 25 28 15 8 54 85 51 43 71 95 11 2 2
13 85 3 26 50 66 88 15 35 5 99 78 61 72 66 76 2 75 32 72 29 4
14 58 40 31 66 3 1 68 27 55 56 77 85 62 100 38 19 24 10 37 97 4
15 63 4 16 26 60 49 13 71 10 65 33 88 73 84 18 31 21 58 27 25 1
16 93 60 46 47 90 33 43 20 4 62 67 36 69 78 61 32 33 43 16 61 4
17 5 91 42 86 70 72 7 67 50 61 40 92 25 89 49 20 54 6 58 12 1
18 6 92 42 15 79 37 15 52 32 43 57 91 13 37 47 76 37 33 67 18 3
19 61 29 57 96 46 62 42 37 2 55 88 63 26 45 94 90 43 53 88 83 1
20 13 84 9 91 6 97 2 4 28 19 35 1 36 89 37 80 32 22 75 88 3
21 58 11 19 69 71 36 32 2 71 91 5 88 30 55 100 4 35 86 91 86 4
22 87 67 32 18 84 76 37 27 33 67 84 13 37 60 53 6 77 41 37 48 4
23 83 62 68 36 60 19 53 93 99 71 34 97 50 84 24 81 30 94 68 19 3
24 20 52 65 78 9 97 54 15 76 78 89 14 34 45 50 18 100 23 29 56 4
25 78 47 42 62 15 84 79 99 53 39 5 13 74 18 25 88 82 71 86 34 1
26 55 45 76 88 4 22 33 65 37 42 19 48 9 38 45 48 13 95 28 50 1
27 91 31 59 69 20 8 88 38 55 43 79 25 100 14 77 48 84 8 85 59 4
28 25 69 38 91 50 14 63 36 94 74 21 65 43 26 83 94 11 71 18 25 1
29 48 50 56 29 73 99 81 70 2 27 27 2 57 3 19 87 52 40 70 65 3
30 32 57 97 87 69 18 34 48 89 54 97 98 57 38 14 75 31 23 43 91 1
31 35 15 68 93 92 80 25 66 23 25 39 86 45 20 97 75 86 62 81 81 4
32 3 51 32 81 60 12 97 42 79 9 6 93 9 56 31 79 92 47 21 17 2
33 46 100 83 83 27 73 72 64 62 7 28 52 5 5 59 2 72 95 14 37 1
34 67 75 23 74 80 72 28 71 95 83 5 35 70 91 40 3 42 65 88 65 3
35 84 76 53 11 13 45 82 72 35 35 44 32 82 64 39 27 29 72 58 51 1
36 20 67 49 50 85 24 14 7 92 23 37 1 82 72 20 24 28 6 5 30 3
37 10 16 63 82 23 49 76 15 10 77 80 38 6 23 84 100 75 7 12 15 2
38 26 83 78 18 23 60 75 95 40 22 53 3 71 17 67 34 20 65 34 84 2
39 59 66 23 24 88 83 52 33 12 23 32 29 24 74 77 5 58 41 74 5 1
40 39 46 36 21 40 95 45 78 39 11 37 83 21 30 28 18 32 5 96 47 1
41 25 17 89 91 54 74 18 48 35 86 61 73 58 26 11 66 58 96 57 27 1
42 65 33 93 92 30 50 58 9 74 64 21 92 50 34 96 96 37 28 56 99 4
43 34 45 79 67 23 98 68 28 31 26 28 99 54 90 87 6 90 97 2 13 2
44 22 22 30 1 39 79 47 58 58 72 10 4 88 59 11 45 93 33 66 100 4
45 62 90 75 92 87 87 100 89 15 59 96 46 71 93 52 35 71 97 90 10 3
46 64 1 44 31 25 70 5 8 10 50 18 61 71 26 32 54 94 99 95 14 2
47 20 49 96 31 81 6 57 88 46 11 46 84 60 31 59 89 46 29 1 25 4
48 60 2 72 33 93 71 13 2 25 50 67 6 63 53 85 7 79 43 17 10 4
49 49 79 25 98 2 8 78 19 78 61 89 75 43 76 4 35 83 78 57 83 1
50 90 86 99 20 7 55 16 89 61 51 51 48 25 48 61 14 52 82 14 30 4
51 18 51 10 50 3 40 95 39 97 86 36 29 97 6 92 24 17 28 61 87 2
52 6 80 19 23 31 57 44 92 10 11 100 55 88 7 50 72 12 7 88 94 4
53 28 51 5 14 73 76 42 39 30 41 77 40 87 60 86 10 69 5 84 95 3
54 15 56 84 22 52 97 21 63 57 50 100 82 42 100 27 20 65 69 16 12 1
55 13 47 70 85 26 24 75 62 18 64 58 92 39 70 19 23 99 69 65 1 3
56 6 92 18 39 39 93 59 48 13 73 59 36 99 93 90 54 4 78 63 47 3
57 83 14 60 60 44 99 29 45 82 19 69 61 82 52 83 12 44 43 91 99 1
58 31 51 8 34 84 16 69 99 27 95 70 92 39 14 28 48 50 19 85 15 2
59 70 41 75 68 87 94 100 13 45 24 31 96 13 56 59 51 84 28 62 24 4
60 19 16 40 42 68 61 89 79 85 84 81 72 12 81 93 11 98 11 43 89 3
61 17 50 66 40 6 39 47 37 36 81 18 71 41 29 45 55 73 40 23 49 3
62 1 55 21 33 42 20 62 98 23 90 28 28 47 17 61 56 44 78 29 36 3
63 97 66 49 4 10 51 62 89 22 19 20 35 38 55 25 41 6 23 33 72 1
64 66 19 34 77 11 28 79 86 50 28 22 46 19 48 93 19 25 69 2 87 3
65 64 35 13 74 61 12 10 51 50 45 85 45 11 38 58 38 48 33 22 51 2
66 84 84 49 14 13 37 70 67 59 10 10 67 46 36 8 79 53 33 51 14 1
67 1 30 61 44 22 59 82 73 18 43 80 59 7 69 64 13 17 32 93 56 2
68 20 67 40 58 61 40 73 31 38 22 74 10 50 59 7 93 64 30 11 41 3
69 81 9 73 47 74 94 66 40 8 66 98 76 45 24 57 51 15 97 38 2 2
