4 70
620 736 725 765 
0 35 25 53 43 72 62 90 80 59 40 52 5 21 55 75 65 79 83 99 3 4
1 21 11 98 88 74 64 51 41 71 32 58 62 16 47 95 87 89 5 42 97 4
2 27 17 62 52 104 94 39 29 54 66 100 6 17 51 41 10 85 59 34 16 1
3 46 36 54 44 71 61 79 69 94 69 26 37 31 10 4 51 10 46 48 86 2
4 49 39 20 10 90 80 69 59 39 12 31 43 49 36 53 83 93 47 11 94 1
5 83 73 84 74 84 74 93 83 76 88 76 95 84 20 25 63 26 60 4 77 2
6 42 32 89 79 35 25 90 80 93 15 7 63 19 67 30 98 44 36 25 7 4
7 11 1 88 78 72 62 49 39 18 57 31 89 14 35 11 27 72 63 35 29 2
8 23 13 74 64 24 14 67 57 67 81 38 41 6 59 55 2 69 29 46 75 3
9 53 43 21 11 90 80 66 56 13 37 86 71 100 6 96 81 89 95 30 85 4
10 13 3 67 57 22 12 68 58 14 95 77 22 4 78 41 7 53 18 65 35 1
11 20 10 29 19 37 27 46 36 65 17 8 76 17 93 71 1 91 72 21 28 4
12 36 26 63 53 89 79 16 6 74 71 25 74 22 61 59 41 52 69 79 61 3
13 49 39 97 87 46 36 102 92 26 16 94 24 11 92 44 97 3 36 77 60 2
14 63 53 101 91 40 30 78 68 51 54 57 34 53 40 5 1 85 22 75 70 1
15 11 1 51 41 84 74 24 14 33 29 44 21 99 75 97 25 99 67 86 25 3
16 52 42 19 9 85 75 60 50 8 73 59 92 61 46 22 6 48 43 22 50 1
17 22 12 74 64 27 17 79 69 66 43 67 59 2 11 17 16 75 2 36 36 3
18 65 55 20 10 74 64 21 11 48 61 99 93 42 68 40 70 28 30 64 33 3
19 54 44 14 4 83 73 43 33 85 73 35 3 12 67 8 18 60 4 58 62 3
20 63 53 109 99 48 38 94 84 22 86 82 8 33 70 96 10 18 40 27 78 3
21 22 12 15 5 99 89 92 82 99 3 98 37 60 86 100 80 71 26 99 99 1
22 46 36 57 47 67 57 78 68 58 76 20 81 33 60 91 90 63 54 19 29 3
23 78 68 51 41 15 5 88 78 83 1 35 42 57 22 42 33 11 14 54 5 3
24 35 25 86 76 28 18 79 69 76 3 40 85 42 74 96 89 12 74 27 79 1
25 70 60 31 21 91 81 52 42 84 87 20 24 14 25 33 86 88 95 93 65 1
26 39 29 78 68 24 14 63 53 27 94 93 50 6 37 31 59 94 20 88 38 1
27 57 47 98 88 46 36 87 77 85 11 87 95 16 38 79 28 61 21 41 73 3
28 20 10 54 44 81 71 15 5 51 59 47 5 8 31 5 67 83 8 22 36 2
29 98 88 71 61 35 25 108 98 49 95 71 25 63 42 84 75 52 40 77 93 4
30 28 18 50 40 73 63 95 85 36 17 57 91 70 26 95 22 61 1 17 72 1
31 43 33 88 78 40 30 85 75 69 67 11 61 59 37 12 22 40 31 42 70 1
32 100 90 87 77 73 63 52 42 66 24 86 98 39 70 34 64 81 29 95 40 3
33 37 27 90 80 34 24 87 77 38 58 87 57 32 78 97 57 66 9 61 45 2
34 103 93 98 88 92 82 87 77 72 85 41 78 16 19 7 53 54 14 34 72 2
35 57 47 94 84 30 20 67 57 64 68 28 4 39 84 70 85 39 44 28 16 4
36 36 26 51 41 73 63 88 78 83 95 73 28 41 89 58 67 98 60 99 55 3
37 98 88 34 24 71 61 107 97 27 31 84 16 35 4 3 45 25 49 19 95 1
38 89 79 56 46 22 12 97 87 13 82 42 54 92 64 63 1 91 21 26 68 1
39 57 47 45 35 42 32 30 20 11 82 88 84 68 26 97 36 17 8 65 45 2
40 92 82 99 89 105 95 12 2 82 69 56 78 58 47 48 30 39 53 18 13 1
41 21 11 17 7 14 4 110 100 90 37 22 55 70 5 60 94 12 24 48 6 1
42 91 81 57 47 16 6 82 72 100 55 98 92 68 96 51 27 27 45 28 53 1
43 34 24 95 85 55 45 108 98 37 92 55 13 76 27 32 23 83 84 88 13 3
44 55 45 106 96 64 54 15 5 75 15 92 90 54 43 97 82 87 80 53 46 2
45 59 49 12 2 56 46 109 99 16 78 59 60 9 33 50 51 23 3 97 25 2
46 106 96 88 78 63 53 45 35 95 61 5 43 88 73 89 8 90 71 8 76 1
47 71 61 56 46 48 38 41 31 67 87 36 84 3 60 38 10 86 25 57 94 2
48 64 54 82 72 101 91 19 9 50 52 17 39 8 3 62 25 39 72 29 72 4
49 16 6 69 59 13 3 58 48 43 62 50 2 92 70 4 73 74 39 37 88 3
50 55 45 70 60 84 74 107 97 83 95 19 79 21 79 73 73 4 35 89 5 1
51 82 72 54 44 19 9 91 81 38 36 7 78 27 49 63 32 97 47 12 4 2
52 81 71 16 6 58 48 93 83 60 87 61 34 70 68 26 83 23 53 56 83 3
53 35 25 64 54 84 74 13 3 9 24 4 29 82 43 52 14 98 5 91 71 3
54 83 73 21 11 60 50 90 80 15 98 19 8 23 96 86 62 79 69 22 23 4
55 75 65 35 25 104 94 72 62 6 65 48 50 82 56 25 11 29 66 25 71 3
56 77 67 99 89 22 12 44 34 65 59 60 34 77 43 47 51 89 90 47 79 4
57 97 87 110 100 22 12 35 25 69 26 47 59 60 46 88 88 50 17 71 87 4
58 50 40 21 11 91 81 70 60 56 27 50 70 50 53 26 1 74 11 94 15 2
59 76 66 92 82 101 91 17 7 24 22 63 24 4 96 64 57 99 34 85 51 1
60 41 31 71 61 102 92 32 22 74 4 58 45 82 68 89 81 71 21 19 91 3
61 20 10 93 83 57 47 30 20 44 41 93 23 11 95 92 43 54 78 18 2 2
62 75 65 61 51 48 38 26 16 50 52 80 23 45 64 40 68 36 33 22 9 1
63 51 41 76 66 108 98 41 31 63 60 55 90 25 98 15 71 1 68 78 51 2
64 39 29 69 59 100 90 30 20 66 27 52 33 32 20 64 8 62 38 46 73 3
65 87 77 24 14 52 42 89 79 36 32 17 80 33 54 42 32 25 12 11 49 2
66 32 22 15 5 105 95 88 78 36 48 75 36 19 82 22 31 75 83 52 95 1
67 86 76 31 21 75 65 20 10 95 69 52 78 77 93 10 70 15 13 69 17 2
68 91 81 90 80 88 78 87 77 41 24 79 75 46 42 60 95 67 99 31 63 3
69 11 1 67 57 24 14 72 62 42 48 52 80 21 45 85 10 23 65 16 47 1
