4 70
2800 3040 2830 2898 
0 23 13 41 31 60 50 78 68 38 19 41 76 90 25 88 2 44 15 75 28 4
1 81 71 58 48 42 32 19 9 87 69 1 7 96 18 20 37 65 36 55 70 1
2 51 41 86 76 28 18 63 53 92 29 32 48 53 32 61 19 91 23 99 17 2
3 22 12 38 28 47 37 63 53 98 26 58 68 5 16 86 65 73 87 34 39 1
4 97 87 68 58 38 28 109 99 93 80 68 60 96 5 29 73 86 66 12 4 4
5 83 73 84 74 92 82 93 83 29 84 25 28 53 47 54 80 59 4 40 52 2
6 42 32 89 79 35 25 90 80 57 19 50 48 56 85 34 13 17 41 81 14 3
7 103 93 80 70 64 54 41 31 12 97 42 60 85 27 52 86 60 25 41 100 1
8 35 25 86 76 28 18 79 69 52 98 17 72 96 25 34 35 77 62 88 9 3
9 77 67 53 43 22 12 90 80 71 9 6 20 84 87 29 49 88 22 37 15 1
10 45 35 99 89 46 36 100 90 34 46 24 42 12 28 94 88 41 12 3 41 3
11 64 54 65 55 73 63 82 72 26 84 93 66 18 24 89 8 78 92 90 96 4
12 24 14 51 41 77 67 104 94 26 76 73 36 65 28 6 68 96 13 12 46 3
13 89 79 37 27 94 84 42 32 10 25 98 67 32 32 48 5 12 81 50 79 2
14 51 41 89 79 28 18 66 56 67 69 77 82 43 27 20 33 37 20 15 91 2
15 95 85 35 25 68 58 108 98 34 97 12 38 22 79 5 38 16 75 70 82 1
16 48 38 15 5 81 71 56 46 10 5 30 84 22 87 63 24 28 26 63 14 1
17 54 44 106 96 59 49 11 1 12 16 27 20 33 23 80 75 66 39 39 7 4
18 13 3 68 58 14 4 69 59 5 19 76 47 5 18 39 60 52 39 100 46 1
19 66 56 34 24 103 93 63 53 21 41 84 71 24 2 68 89 100 99 21 82 4
20 11 1 49 39 96 86 34 24 27 26 81 9 17 13 55 34 88 65 85 36 4
21 62 52 55 45 39 29 32 22 2 52 65 89 83 30 95 75 47 5 28 25 3
22 42 32 53 43 63 53 74 64 46 29 92 12 18 94 72 80 66 52 40 36 2
23 90 80 63 53 35 25 100 90 70 90 16 39 36 78 20 27 70 98 21 86 4
24 59 49 102 92 52 42 95 85 67 57 84 70 69 72 31 46 2 28 92 52 3
25 58 48 19 9 79 69 40 30 95 42 32 48 6 46 67 50 40 70 66 22 2
26 103 93 50 40 88 78 35 25 6 4 89 79 90 67 35 64 15 52 92 36 4
27 97 87 38 28 78 68 19 9 36 15 56 65 9 51 14 43 89 65 82 74 4
28 92 82 26 16 53 43 87 77 14 19 75 87 7 7 79 34 100 71 72 25 4
29 82 72 55 45 27 17 100 90 89 91 67 4 29 31 82 1 88 16 70 98 4
30 12 2 34 24 49 39 71 61 72 17 93 57 38 99 82 55 74 49 86 82 2
31 19 9 72 62 16 6 69 59 52 71 44 69 26 81 21 1 48 84 91 9 3
32 72 62 59 49 45 35 32 22 16 68 24 50 89 50 67 73 27 8 42 100 4
33 41 31 94 84 38 28 91 81 7 38 14 96 79 85 32 92 5 96 91 72 4
34 67 57 62 52 48 38 43 33 74 56 22 25 48 53 1 74 50 33 19 63 3
35 93 83 30 20 66 56 103 93 9 3 63 96 47 11 54 93 51 84 40 81 4
36 64 54 79 69 101 91 24 14 93 8 66 93 25 100 45 27 14 57 43 72 1
37 50 40 86 76 23 13 59 49 33 95 80 59 89 60 59 40 9 92 8 5 1
38 25 15 100 90 66 56 41 31 88 8 50 62 27 19 99 71 42 17 30 77 4
39 97 87 93 83 90 80 78 68 14 48 41 68 83 47 99 52 94 42 98 98 3
40 80 70 87 77 93 83 92 82 81 19 9 50 39 84 38 85 100 91 98 84 2
41 45 35 41 31 38 28 34 24 73 23 31 49 60 61 63 5 100 72 82 74 2
42 63 53 21 11 88 78 54 44 16 90 99 29 9 49 10 23 72 32 41 67 2
43 18 8 79 69 39 29 92 82 91 49 88 31 56 27 88 54 15 31 88 10 4
44 71 61 22 12 80 70 31 21 4 22 43 15 80 26 92 6 41 3 20 80 3
45 35 25 88 78 40 30 85 75 25 83 45 20 28 25 93 12 33 17 4 19 3
46 98 88 80 70 55 45 37 27 40 27 5 82 20 49 43 56 59 97 12 62 4
47 99 89 92 82 76 66 69 59 5 59 51 33 31 90 9 67 50 20 56 21 3
48 76 66 94 84 21 11 39 29 37 46 11 92 92 68 69 65 20 25 24 2 2
49 84 74 29 19 73 63 26 16 38 60 58 10 59 50 10 15 24 53 65 51 1
50 99 89 14 4 28 18 43 33 78 40 29 57 9 41 55 53 60 50 7 49 3
51 94 84 66 56 31 21 103 93 39 12 3 92 57 100 54 15 65 33 78 82 1
52 21 11 64 54 98 88 41 31 69 79 92 5 37 60 53 77 39 58 9 74 3
53 75 65 104 94 24 14 53 43 19 21 40 5 67 16 77 64 45 77 92 62 4
54 27 17 57 47 96 86 34 24 6 77 14 32 34 47 91 8 50 86 94 81 1
55 103 93 63 53 32 22 92 82 1 1 48 9 5 74 83 100 13 65 10 36 1
56 65 55 87 77 110 100 32 22 97 92 74 85 86 94 15 95 69 83 7 100 2
57 49 39 62 52 74 64 87 77 53 49 32 34 18 24 73 3 35 96 78 55 4
58 22 12 101 91 71 61 42 32 56 37 77 75 9 15 75 71 51 16 2 78 4
59 60 50 76 66 85 75 101 91 66 74 88 42 71 73 46 32 66 70 54 95 1
60 57 47 79 69 110 100 40 30 75 4 79 44 79 33 69 38 70 20 56 1 3
61 24 14 97 87 61 51 34 24 55 94 42 84 22 89 29 91 36 68 40 31 2
62 107 97 93 83 80 70 58 48 57 62 20 83 26 26 45 95 64 49 98 91 3
63 75 65 108 98 40 30 65 55 1 33 41 94 31 92 83 71 80 23 74 82 3
64 11 1 41 31 72 62 102 92 92 90 69 9 14 25 27 14 87 36 11 75 1
65 23 13 52 42 88 78 17 7 57 90 69 56 22 29 29 96 38 68 75 37 2
66 16 6 99 89 89 79 72 62 4 39 13 81 59 66 41 63 32 56 9 95 2
67 110 100 55 45 91 81 36 26 77 91 61 74 92 83 61 35 86 55 5 72 1
68 35 25 34 24 32 22 39 29 60 46 97 49 18 44 47 9 8 61 72 26 2
69 59 49 15 5 72 62 20 10 89 63 22 63 59 66 98 55 91 90 41 31 1
