4 70
2950 2445 2792 2600 
0 31 45 8 63 92 82 69 100 33 81 88 72 65 11 14 83 95 5 56 36 3
1 68 77 84 12 93 46 9 89 1 29 62 29 37 54 28 86 1 67 55 100 1
2 29 3 38 74 38 44 47 15 85 39 14 17 13 14 98 39 88 19 46 86 1
3 89 24 66 79 42 25 19 80 11 90 36 23 32 56 73 55 23 69 75 81 1
4 23 65 99 16 68 58 36 9 81 36 30 80 55 32 40 24 12 11 73 90 4
5 50 55 59 1 67 56 76 10 96 69 43 16 99 40 51 38 19 50 10 37 1
6 67 82 15 9 72 35 20 62 37 81 45 54 17 82 27 85 63 62 7 43 4
7 33 17 65 55 6 94 38 32 78 51 76 41 76 45 13 13 22 67 74 31 1
8 20 46 72 13 33 79 85 54 41 88 24 12 4 36 51 52 50 86 89 3 3
9 44 83 12 30 81 84 41 31 51 67 98 38 6 55 73 66 19 79 5 93 4
10 40 45 33 91 17 30 10 76 78 99 78 94 78 71 39 31 2 5 9 100 3
11 40 20 13 31 77 41 50 52 17 100 58 5 6 8 33 58 39 92 75 54 1
12 52 29 13 80 73 22 34 65 78 36 49 10 75 72 85 7 77 43 94 99 4
13 55 73 96 20 36 66 77 5 43 98 38 23 49 4 73 31 84 29 14 25 1
14 40 62 13 88 85 23 58 49 30 78 25 30 28 10 95 71 59 61 24 97 1
15 65 86 10 8 62 31 15 53 12 26 94 61 43 61 58 21 96 2 26 6 3
16 87 6 40 85 84 71 37 58 54 14 26 53 97 77 77 99 32 39 39 65 1
17 43 61 80 56 16 50 53 37 50 91 28 34 89 4 91 63 44 81 5 38 3
18 52 74 88 89 25 11 61 34 26 83 15 31 52 59 64 14 47 64 42 27 4
19 31 3 27 78 16 44 12 11 1 34 33 66 89 65 65 38 13 66 21 83 2
20 99 10 95 17 92 23 88 30 99 63 31 72 34 94 84 28 95 10 77 43 3
21 92 61 45 27 5 94 66 52 28 79 82 42 38 51 37 12 5 9 20 17 2
22 81 85 34 36 78 94 31 45 38 9 69 1 47 25 75 97 63 62 63 62 2
23 45 76 30 50 22 33 15 15 86 3 19 73 70 73 3 69 94 13 43 76 1
24 98 34 43 52 87 71 32 89 23 85 96 28 99 52 38 15 64 37 3 51 1
25 52 13 16 28 89 42 53 57 47 96 73 89 12 47 96 73 36 34 4 28 2
26 53 99 82 42 10 76 31 19 92 1 86 49 16 95 91 1 35 91 94 66 1
27 49 77 17 15 86 46 46 84 17 50 28 77 1 83 74 43 49 55 75 22 2
28 75 59 88 81 100 4 13 26 44 27 11 33 31 86 69 7 14 93 90 64 3
29 98 40 6 19 23 89 31 60 10 80 96 91 48 26 16 71 51 71 7 36 3
30 6 79 71 1 43 32 8 62 42 78 58 7 19 59 80 6 78 53 17 64 1
31 57 45 82 31 14 18 47 96 25 5 88 100 61 97 74 42 42 95 77 83 1
32 25 73 62 3 90 34 27 64 58 94 96 51 61 95 30 68 38 63 39 45 3
33 16 46 53 37 97 19 42 10 27 79 51 75 85 64 93 23 58 77 3 87 2
34 85 69 41 68 98 66 54 65 45 1 35 100 64 15 86 60 72 4 39 41 2
35 42 6 3 33 71 67 32 94 92 100 82 3 53 78 1 56 96 6 24 45 2
36 50 89 79 64 15 46 44 29 17 91 34 49 53 93 36 98 48 86 15 38 2
37 36 82 89 48 49 15 2 81 2 60 83 43 82 93 22 24 91 51 69 64 1
38 20 37 72 80 25 14 69 57 82 3 62 77 14 76 71 92 97 25 13 53 2
39 17 92 81 50 38 9 2 67 92 13 41 62 4 23 84 7 19 40 83 12 1
40 41 52 46 27 50 1 55 76 39 6 70 87 11 94 87 86 25 75 87 28 4
41 75 31 39 5 4 88 68 62 96 30 74 46 62 54 16 12 18 38 33 56 4
42 87 75 23 34 52 92 80 59 35 88 68 94 12 66 57 41 86 72 48 46 1
43 12 51 57 81 1 4 46 34 83 66 98 88 39 3 46 33 8 17 76 48 3
44 56 36 72 15 81 93 89 72 33 62 51 4 90 66 3 70 67 55 79 39 4
45 12 92 25 94 37 89 50 91 19 5 50 18 92 70 75 70 74 96 36 62 1
46 86 47 66 77 55 16 35 54 100 21 92 47 41 75 22 58 24 92 21 76 1
47 42 71 18 45 3 28 87 2 33 23 51 39 35 56 70 79 47 29 24 97 4
48 26 32 46 71 67 1 79 40 67 56 54 83 12 21 60 1 38 45 48 9 3
49 63 29 39 48 16 58 92 69 80 47 18 10 25 76 8 37 97 49 87 92 4
50 24 24 33 58 41 93 50 27 20 85 23 33 12 38 78 75 82 60 13 30 2
51 88 29 80 28 73 18 65 17 89 32 5 78 9 100 54 90 93 39 2 63 1
52 56 26 77 61 89 95 2 30 15 66 92 83 54 63 72 47 86 95 73 10 1
53 18 1 87 64 63 26 32 89 34 48 57 48 41 53 9 92 70 40 89 85 3
54 89 30 58 4 26 71 95 37 31 32 18 2 44 42 16 47 40 88 96 15 1
55 31 1 88 39 36 78 93 16 81 50 22 68 13 86 34 21 61 26 91 50 2
56 80 94 92 49 13 95 33 50 82 49 43 89 11 78 60 94 18 39 82 23 4
57 13 84 90 22 74 69 59 7 74 33 17 63 1 12 83 63 49 15 62 46 1
58 45 81 22 64 6 46 83 37 24 52 24 70 84 75 81 74 1 63 58 45 3
59 12 39 25 58 37 84 50 3 29 83 70 90 93 100 70 33 37 71 7 31 2
60 17 98 38 16 58 43 87 61 98 3 6 66 77 63 66 11 11 14 66 43 4
61 87 36 36 34 76 25 17 23 21 43 89 3 54 71 48 64 53 44 57 44 4
62 83 77 3 55 24 42 44 20 25 9 6 2 88 24 92 35 99 6 51 68 3
63 23 28 75 66 36 13 88 51 68 42 6 17 36 16 77 43 42 67 42 57 2
64 56 37 24 95 1 46 69 4 24 25 37 69 37 12 47 10 88 3 81 52 1
65 66 89 15 36 63 74 12 13 93 57 87 63 56 76 38 96 60 17 58 94 4
66 34 90 99 20 55 43 20 73 66 91 87 48 45 87 98 55 6 18 97 27 4
67 43 88 3 2 64 17 24 31 60 64 72 77 59 87 16 89 68 92 63 40 2
68 94 13 14 4 35 86 47 69 28 39 75 40 29 22 16 21 94 37 25 98 4
69 67 79 59 25 60 72 52 10 51 68 57 15 18 67 16 90 26 81 95 4 1
