4 70
724 619 707 811 
0 33 41 65 59 84 78 95 96 66 74 56 29 85 71 4 89 7 76 90 6 4
1 86 85 25 20 64 54 98 97 46 100 97 75 65 21 85 11 74 33 27 75 4
2 50 47 27 18 97 96 74 67 72 88 95 32 71 5 89 51 66 6 24 98 3
3 17 24 84 79 33 25 71 80 60 8 54 46 24 47 88 43 9 67 7 90 1
4 27 33 94 84 27 34 86 77 63 90 95 38 70 45 50 15 31 58 37 25 2
5 70 63 25 17 72 64 27 18 94 90 18 75 37 37 85 87 63 9 40 65 2
6 20 14 41 41 62 67 91 94 74 4 68 59 4 75 13 2 41 48 100 60 4
7 37 41 75 79 28 18 66 56 5 89 67 58 16 60 66 81 44 11 90 93 4
8 51 42 15 17 92 83 56 50 47 27 42 13 16 77 49 94 65 84 100 5 2
9 105 99 48 46 91 100 55 47 82 47 52 96 72 31 84 38 84 75 92 37 1
10 35 33 63 71 12 18 61 56 81 12 25 2 53 67 97 41 25 23 19 26 1
11 87 80 101 91 5 1 19 12 37 57 25 72 79 32 55 77 35 28 3 4 3
12 79 73 7 16 54 58 11 9 33 80 12 93 10 54 81 65 37 54 60 79 3
13 79 69 1 8 48 54 90 93 79 92 72 49 7 77 46 5 79 3 26 85 4
14 55 50 93 84 2 11 40 45 32 54 13 95 44 46 7 54 93 92 35 21 3
15 4 14 28 36 65 59 81 73 79 48 3 40 18 35 89 38 31 68 43 12 1
16 61 58 54 45 37 31 9 18 48 21 58 28 76 38 51 3 33 84 42 11 2
17 46 49 38 44 20 30 33 25 16 77 98 54 86 53 44 20 65 44 53 52 4
18 90 86 11 1 19 23 40 38 82 75 24 14 98 20 39 69 58 88 36 3 3
19 9 15 90 90 50 56 31 31 75 57 70 42 45 44 55 4 47 92 10 46 3
20 15 6 7 13 20 19 33 26 27 37 81 73 47 96 39 100 39 28 84 64 3
21 78 85 48 51 26 18 75 76 3 25 89 91 18 26 15 54 15 5 63 66 1
22 67 57 17 8 73 66 15 17 79 57 21 22 62 35 1 34 32 60 17 25 4
23 43 40 15 14 87 97 88 79 43 36 12 76 63 41 38 32 36 90 19 3 1
24 37 38 54 56 71 75 88 93 14 19 17 4 57 84 16 90 41 75 63 37 3
25 71 61 76 76 89 90 2 5 78 97 64 2 48 53 61 78 78 47 30 80 2
26 25 15 48 58 95 92 39 35 32 45 36 36 75 29 91 80 32 59 14 73 2
27 56 53 95 91 23 30 62 68 89 12 64 73 29 14 75 75 52 21 57 25 3
28 34 27 49 49 64 72 92 94 86 45 39 77 94 63 39 14 72 25 44 13 2
29 98 100 67 71 52 49 21 20 9 71 47 96 35 60 48 20 75 79 87 74 1
30 52 43 63 73 1 4 40 34 78 97 35 91 59 6 46 10 26 25 15 58 4
31 92 89 75 75 58 62 46 40 10 52 60 38 50 75 84 24 79 88 71 20 1
32 78 69 99 99 28 30 70 60 51 30 68 63 23 89 51 25 65 54 83 88 4
33 55 46 23 29 26 19 2 2 71 72 55 97 50 51 82 14 48 78 72 7 3
34 51 53 50 52 57 50 43 49 34 37 26 89 54 7 17 81 37 32 46 69 2
35 2 2 41 37 57 63 96 98 50 15 22 72 55 55 57 41 66 69 45 50 1
36 61 61 44 36 20 18 103 93 66 46 18 25 90 81 86 84 45 100 55 63 4
37 53 54 23 20 80 87 50 53 1 87 81 5 14 61 70 58 72 72 27 71 1
38 64 61 3 4 42 38 89 81 17 72 25 70 90 6 21 49 37 49 3 66 1
39 6 12 74 70 23 29 91 87 7 33 96 84 37 93 92 96 56 61 82 53 1
40 58 68 51 43 21 17 85 92 53 10 44 43 80 3 18 42 66 34 6 19 1
41 85 79 67 61 43 36 25 18 87 72 95 100 17 52 43 77 89 43 93 89 1
42 41 43 8 10 67 68 34 27 98 74 77 75 32 27 73 27 65 15 98 71 4
43 87 91 5 13 52 44 70 66 66 96 48 63 80 76 89 60 78 2 28 43 4
44 80 84 58 63 49 41 19 20 72 29 37 13 69 81 36 76 59 60 59 40 4
45 102 100 3 2 4 5 105 99 97 78 3 71 92 87 72 84 99 80 79 36 2
46 29 23 57 53 95 92 31 30 71 43 48 77 68 28 89 22 82 30 78 42 4
47 25 27 1 9 84 84 60 66 40 96 86 58 24 41 86 91 92 92 2 69 2
48 81 76 15 7 49 45 83 76 21 64 58 70 93 82 57 11 40 15 50 71 1
49 31 29 45 48 51 58 78 69 45 70 90 76 29 71 93 54 87 80 62 52 2
50 88 84 20 18 52 53 84 87 92 22 51 68 71 50 48 23 80 32 95 9 4
51 31 41 36 32 28 30 12 21 36 60 74 70 23 18 13 65 9 50 90 54 4
52 97 94 30 29 53 63 99 98 82 58 47 74 97 1 2 89 87 39 4 3 2
53 98 93 53 48 1 10 64 73 58 75 42 52 11 81 18 78 47 61 5 30 4
54 38 34 11 8 76 75 41 41 58 98 70 79 23 1 96 13 74 55 17 41 4
55 1 9 55 47 89 86 15 24 94 95 100 60 45 92 54 37 58 95 96 19 4
56 18 18 82 73 25 27 81 74 96 17 94 46 22 12 4 25 79 82 25 49 1
57 45 48 98 94 43 33 67 71 95 56 41 74 31 35 38 10 69 24 69 2 2
58 27 25 14 8 91 90 70 73 81 76 4 66 100 80 29 66 31 92 83 3 2
59 101 99 24 18 53 44 63 71 90 73 73 100 27 60 20 58 36 14 62 64 3
60 22 18 38 44 54 63 83 81 79 64 46 70 46 82 58 58 58 18 46 10 2
61 94 88 93 86 84 77 70 75 81 51 6 71 68 4 38 70 22 26 95 99 2
62 60 65 36 43 22 22 98 100 55 33 15 40 41 100 46 23 62 79 85 54 3
63 70 76 23 14 44 53 97 91 53 90 41 41 44 10 32 41 39 82 98 11 1
64 4 9 62 67 22 18 67 76 95 99 38 73 22 84 78 36 52 63 52 27 4
65 24 21 68 60 97 98 41 37 16 92 32 73 81 29 52 41 88 55 98 22 4
66 6 14 44 44 61 67 107 97 67 39 100 16 79 2 61 44 12 26 80 99 2
67 9 4 12 18 38 33 41 47 61 34 56 27 4 84 91 81 74 74 3 19 3
68 82 89 72 80 54 62 57 53 1 66 31 14 69 35 59 61 39 27 94 1 4
69 77 83 32 29 81 76 7 14 57 55 55 45 20 62 41 32 49 29 7 14 2
