4 80
2165 1807 2139 1843 
0 51 41 49 59 81 78 92 96 24 12 55 14 55 8 15 63 2 98 22 23 2
1 98 89 24 24 71 66 1 1 3 81 98 92 29 79 55 46 21 98 50 19 3
2 94 95 58 66 41 44 18 15 20 78 52 54 54 97 40 16 68 11 48 57 1
3 20 28 79 83 36 29 74 84 79 54 93 65 81 75 67 42 69 19 97 12 2
4 62 61 8 12 46 54 1 5 70 88 43 30 23 99 12 6 14 36 2 27 2
5 95 95 50 49 97 96 52 50 49 30 89 45 85 38 96 39 29 62 17 66 2
6 86 78 15 5 36 31 57 58 39 79 49 20 73 52 66 58 32 27 75 72 2
7 84 93 22 31 75 70 13 8 88 1 34 66 95 51 70 41 79 88 38 6 1
8 72 82 57 49 13 15 98 90 29 48 39 95 100 94 82 53 97 31 8 50 1
9 96 95 39 42 103 96 46 43 31 38 27 100 98 48 23 57 20 99 14 80 3
10 46 49 95 87 44 34 72 72 60 62 38 62 12 55 66 23 82 55 11 1 4
11 27 32 33 43 45 53 59 64 67 16 18 22 55 35 67 78 80 29 61 3 2
12 14 17 63 60 18 10 46 53 64 35 96 100 60 40 88 69 95 99 71 50 4
13 80 89 22 28 70 74 28 21 16 66 1 48 24 21 7 35 88 55 41 98 2
14 88 82 18 8 35 43 78 69 8 87 89 22 6 43 75 99 94 66 77 99 4
15 98 98 14 12 30 35 54 57 2 87 18 72 50 80 88 94 32 44 90 15 3
16 27 30 12 17 3 3 80 82 43 25 48 9 69 4 69 59 41 9 16 89 1
17 34 37 18 24 8 18 21 13 91 13 100 12 86 99 100 80 82 32 55 78 4
18 59 54 67 77 96 99 17 14 25 93 47 62 81 50 30 13 86 90 38 85 1
19 44 47 17 14 85 88 58 55 63 23 85 55 32 99 78 87 94 39 88 99 2
20 90 86 103 93 95 99 8 6 89 83 98 55 94 10 97 53 69 18 42 61 2
21 85 81 47 39 4 6 82 72 78 49 13 61 15 17 31 19 46 18 22 21 1
22 65 57 15 8 71 66 13 17 95 64 100 95 66 76 10 58 14 20 20 44 1
23 36 44 29 26 1 1 81 83 42 79 65 86 13 52 56 16 100 22 26 84 2
24 37 42 62 60 79 79 4 5 43 39 3 6 87 57 44 91 98 71 43 12 1
25 46 45 59 60 64 74 98 89 83 92 41 1 58 6 89 30 91 70 86 2 1
26 93 91 29 26 55 60 1 3 100 34 65 80 19 27 20 98 1 36 46 69 3
27 1 5 36 43 77 74 16 12 99 25 29 35 30 12 13 49 32 25 30 24 3
28 35 43 71 65 86 88 1 10 98 49 22 33 44 44 46 78 45 54 19 61 1
29 85 92 54 63 31 33 8 12 45 11 96 82 98 76 31 7 83 91 57 48 4
30 36 35 68 65 92 96 24 26 81 51 30 81 4 21 76 56 87 41 26 42 3
31 99 93 74 79 49 58 53 44 78 80 78 42 16 87 44 38 58 1 95 15 3
32 8 1 37 31 58 62 100 92 90 74 94 58 62 52 41 47 67 74 67 87 2
33 77 74 66 57 48 47 24 30 41 68 72 86 48 16 6 54 83 17 40 12 3
34 31 33 38 32 24 30 31 29 57 62 62 89 53 54 6 49 73 52 10 7 4
35 32 38 63 65 108 99 18 26 59 44 54 45 5 64 3 37 54 16 79 92 3
36 48 45 26 28 7 2 85 85 99 43 87 2 84 82 46 9 4 17 15 90 4
37 17 26 103 100 73 67 30 33 16 41 63 28 19 11 46 21 52 37 91 19 2
38 81 73 7 16 54 58 85 93 44 90 11 92 3 54 30 66 82 12 96 37 4
39 93 88 40 46 10 5 57 63 17 86 73 87 85 4 26 48 88 24 86 45 4
40 61 56 33 31 3 5 75 80 13 66 75 62 17 59 8 75 95 24 26 22 4
41 18 23 1 5 76 80 58 62 42 43 54 34 58 75 47 71 32 65 79 16 3
42 31 23 90 82 57 48 16 7 72 85 80 20 68 36 4 11 30 31 52 34 1
43 23 19 41 41 67 72 1 2 65 25 99 23 5 83 70 17 84 17 20 73 3
44 1 4 90 83 60 61 30 40 88 82 60 39 93 88 52 22 84 29 23 83 4
45 19 16 20 18 13 13 14 15 50 92 3 92 37 92 76 76 73 87 38 13 4
46 35 27 71 65 9 4 37 34 55 43 97 55 90 28 30 21 33 78 6 79 1
47 98 91 58 65 57 48 17 22 93 58 89 88 18 98 85 19 53 67 43 69 4
48 16 24 63 55 84 93 18 24 56 53 78 99 61 100 36 48 70 37 54 17 4
49 43 37 49 48 55 58 69 77 66 22 64 4 47 36 17 25 69 25 30 2 2
50 23 20 55 54 87 89 19 23 91 34 81 59 61 52 57 84 95 21 53 80 2
51 42 33 34 32 18 22 31 21 65 27 76 18 94 62 51 30 65 42 69 58 1
52 75 70 8 5 31 39 85 82 71 50 60 44 14 81 83 33 76 10 99 61 2
53 37 41 100 96 61 58 24 21 50 14 36 79 88 37 64 3 92 43 16 80 2
54 36 30 9 4 74 71 39 37 100 54 69 14 26 29 47 6 65 68 96 54 3
55 81 89 36 27 62 66 1 4 59 55 13 53 70 17 83 82 40 50 82 92 2
56 35 42 99 97 42 51 98 98 61 9 55 96 76 6 55 63 61 14 59 97 2
57 55 64 8 10 53 49 90 87 9 1 64 23 64 75 87 47 31 93 78 91 1
58 48 57 48 40 25 22 12 5 97 56 16 20 14 35 91 34 30 13 66 97 1
59 38 39 53 58 82 84 5 3 26 74 37 72 69 34 12 3 54 29 91 26 3
60 31 38 60 56 76 75 84 93 41 64 22 7 28 94 32 59 37 83 11 78 4
61 76 84 67 74 66 73 65 71 22 80 1 11 97 87 26 61 67 62 5 46 3
62 32 33 8 11 86 90 70 76 49 50 50 24 40 52 91 95 51 19 14 96 1
63 45 44 85 82 19 21 59 59 60 51 16 56 70 40 18 59 5 79 8 11 1
64 96 93 33 43 1 2 51 52 95 50 21 92 35 17 61 57 11 10 27 6 2
65 68 65 20 12 41 50 93 89 16 60 75 72 87 86 25 39 44 63 76 87 4
66 21 14 30 36 76 67 93 89 28 72 83 88 83 14 16 45 6 6 42 98 4
67 7 12 31 26 36 41 60 55 82 80 35 93 57 29 28 83 4 55 34 27 1
68 26 25 8 8 98 98 72 81 45 28 91 20 29 42 58 73 37 45 46 92 1
69 71 63 18 9 54 56 93 94 12 6 16 6 100 10 87 36 91 93 75 34 3
70 65 67 8 9 59 52 89 94 1 46 79 39 58 89 92 19 1 70 57 97 1
71 38 31 74 65 102 100 30 34 74 19 10 32 20 85 29 45 62 99 70 1 1
72 91 95 46 42 99 96 46 43 74 19 12 71 95 76 47 87 8 96 88 14 1
73 12 16 13 19 27 21 28 24 76 78 14 74 2 46 49 4 66 92 18 73 1
74 85 77 93 99 24 22 53 44 43 73 16 65 93 32 54 16 75 2 27 100 3
75 78 86 24 28 70 71 16 13 63 88 75 82 64 71 64 40 65 8 41 27 1
76 45 44 95 90 37 37 71 75 37 15 47 19 3 5 7 55 10 46 47 68 1
77 73 76 57 63 39 49 44 36 71 48 78 84 48 61 64 83 44 95 1 1 4
78 88 78 58 56 41 35 11 13 5 44 6 12 67 41 19 92 69 21 45 99 4
79 97 100 75 78 39 49 17 27 47 55 11 53 72 92 7 31 4 65 90 25 4
