4 80
3275 2987 3153 3291 
0 43 37 62 55 73 74 84 92 46 17 76 96 57 79 30 18 97 84 9 9 3
1 95 97 34 32 81 74 7 9 1 57 7 73 36 10 75 63 100 100 77 16 2
2 51 47 28 18 82 88 67 59 31 23 8 55 10 10 40 49 74 5 86 15 3
3 32 28 91 83 27 29 86 84 60 88 90 9 31 9 80 9 45 92 97 46 2
4 27 29 73 80 40 30 65 73 31 45 71 42 16 100 55 47 17 34 2 61 2
5 8 3 63 57 10 4 65 58 39 60 43 69 47 41 66 16 31 26 28 88 4
6 4 2 25 29 54 55 75 82 35 70 93 24 37 95 17 64 26 62 31 79 1
7 31 25 69 63 1 2 39 40 69 96 85 36 25 91 4 100 1 88 8 50 3
8 87 78 43 45 15 19 92 86 54 31 49 72 81 51 85 48 75 3 19 50 2
9 5 11 48 58 12 12 55 59 1 76 58 34 13 4 76 4 33 96 18 80 4
10 25 29 66 67 23 14 51 60 16 21 74 3 8 61 41 85 2 12 53 41 1
11 92 92 6 3 10 13 24 24 43 73 31 81 33 48 37 59 16 21 52 69 4
12 54 53 11 4 37 46 94 97 1 4 5 90 87 57 36 50 64 88 9 6 1
13 77 77 27 24 67 62 17 9 60 63 92 51 96 88 62 29 24 2 52 3 3
14 79 70 1 4 26 31 56 65 50 45 88 60 89 55 6 84 22 47 37 56 4
15 23 26 39 40 55 63 79 85 20 84 48 11 57 2 23 1 38 59 62 84 4
16 82 90 67 77 50 55 35 42 62 70 69 3 81 90 5 18 53 47 76 66 3
17 21 17 13 12 3 6 1 1 6 38 65 49 68 14 30 73 4 25 15 73 1
18 70 66 99 89 1 3 28 26 42 43 47 40 91 95 82 57 51 26 69 92 2
19 56 59 24 34 97 100 65 75 90 44 22 90 24 7 56 85 6 75 64 9 1
20 85 82 98 89 90 95 3 2 47 11 94 94 78 66 41 25 90 6 76 62 4
21 6 5 68 63 25 30 103 96 73 5 67 6 59 98 94 61 1 98 48 65 3
22 28 29 78 80 34 38 97 89 3 5 22 53 100 37 10 97 50 67 35 25 2
23 4 8 84 90 56 65 49 47 59 17 84 61 51 84 25 58 31 24 88 76 2
24 54 46 71 64 96 91 13 9 51 66 29 100 10 72 49 15 66 26 34 12 3
25 98 93 11 8 16 22 29 37 90 85 64 55 72 81 70 89 66 34 44 26 3
26 90 99 47 42 81 76 25 19 37 98 33 8 27 13 59 93 35 17 42 53 3
27 85 81 11 19 52 58 91 88 58 55 22 97 75 32 11 22 8 82 18 67 2
28 6 3 21 25 57 48 72 70 74 96 65 11 66 23 14 4 16 7 43 35 4
29 56 52 25 23 102 93 79 72 20 85 60 5 56 98 16 11 100 98 69 99 4
30 1 7 42 37 74 68 90 90 93 84 22 63 1 76 73 3 24 58 27 26 2
31 44 37 27 23 2 2 98 88 86 56 26 28 58 34 63 97 37 71 76 73 2
32 92 97 34 27 63 58 84 88 4 10 82 78 62 33 15 58 33 88 42 7 1
33 56 66 53 57 48 39 32 30 25 68 98 14 22 35 16 82 42 12 18 94 4
34 1 9 1 8 15 14 22 13 9 70 15 97 22 44 98 30 8 88 43 79 3
35 35 34 66 61 90 95 29 30 89 60 51 20 28 68 63 100 97 51 76 74 2
36 15 17 93 100 74 74 52 57 4 48 100 52 35 94 81 58 89 76 44 16 3
37 104 98 74 64 31 31 101 97 36 57 54 64 83 20 67 21 63 28 78 33 3
38 1 5 47 40 73 82 12 17 9 30 1 48 93 86 74 86 66 46 84 76 4
39 5 8 73 66 14 17 82 75 73 1 86 22 49 93 42 2 28 33 33 96 4
40 73 72 45 47 28 21 100 96 84 93 21 19 63 93 41 74 31 83 90 22 3
41 71 79 45 53 29 36 3 10 5 31 76 46 43 2 17 88 79 8 13 98 4
42 105 99 64 58 10 16 77 83 82 34 37 31 20 63 53 54 36 80 52 91 3
43 54 51 80 81 1 4 24 34 16 59 56 16 85 84 37 70 69 38 63 8 3
44 53 52 23 31 14 9 84 88 13 19 78 50 33 57 30 67 99 31 2 3 2
45 32 24 33 26 26 21 27 23 80 7 37 46 52 84 37 82 50 61 53 30 3
46 3 3 39 41 77 80 5 10 30 10 36 65 56 70 33 62 59 34 80 74 2
47 49 47 25 29 16 12 84 86 30 97 93 58 71 53 22 80 79 1 60 51 4
48 68 68 94 99 28 29 70 68 83 5 22 29 18 97 84 6 17 34 5 86 3
49 45 37 51 48 57 58 71 77 84 30 23 14 39 98 1 47 18 61 89 18 3
50 72 80 4 14 57 49 89 83 21 65 67 6 10 60 28 39 43 56 71 59 4
51 55 45 47 44 31 34 36 33 93 70 97 50 55 2 10 55 83 30 78 71 3
52 46 38 71 73 2 7 48 42 20 51 31 51 86 21 40 7 36 79 57 22 1
53 19 25 90 88 51 50 22 13 56 66 41 13 1 57 75 43 5 69 94 37 1
54 37 34 10 8 75 75 40 41 11 31 59 49 2 89 44 24 24 29 76 38 4
55 103 97 37 35 71 74 18 12 88 10 65 5 47 93 94 61 5 31 88 42 4
56 82 74 17 21 81 75 24 30 76 91 26 41 11 48 43 93 18 12 22 22 4
57 28 28 81 74 18 13 50 59 64 20 74 62 20 18 53 14 97 85 22 33 3
58 86 93 86 76 50 58 50 41 56 55 30 14 49 36 84 49 2 87 7 89 1
59 96 99 19 18 48 44 79 71 29 90 59 63 14 26 100 49 48 72 19 78 3
60 57 58 73 76 102 95 18 13 3 62 24 60 20 35 69 29 87 89 75 48 2
61 18 28 17 26 16 25 23 23 70 54 45 19 21 90 11 90 93 100 56 26 2
62 25 21 109 99 87 78 63 56 18 73 47 73 72 27 93 30 100 22 34 34 4
63 82 84 22 22 64 69 4 7 100 80 65 45 36 79 81 56 94 96 54 80 2
64 56 57 14 15 74 66 32 24 40 42 47 2 84 80 85 99 18 32 82 7 1
65 99 97 43 36 64 74 8 13 98 30 8 90 41 27 60 44 78 21 64 95 2
66 35 38 52 60 98 91 7 13 14 57 98 82 33 89 64 38 22 63 76 68 3
67 31 28 34 42 60 57 63 71 91 20 70 29 94 61 81 91 36 36 12 41 3
68 1 1 86 92 68 74 71 65 64 27 24 99 60 9 78 26 36 68 99 48 1
69 58 67 13 13 54 52 88 98 94 56 65 34 22 74 31 25 37 8 22 66 2
70 57 63 8 5 38 48 89 98 4 10 78 59 33 45 79 93 65 85 63 92 2
71 65 67 1 1 42 36 70 70 79 31 31 94 3 66 17 55 6 33 62 47 3
72 97 95 52 42 105 96 39 43 23 49 55 35 75 89 9 100 35 10 83 32 1
73 61 56 54 59 55 61 69 64 70 100 34 61 20 24 60 80 43 95 78 86 1
74 60 53 68 75 99 98 28 20 86 92 75 39 73 60 6 16 41 74 61 19 1
75 75 82 21 24 67 67 13 9 32 89 56 18 62 52 75 76 37 81 82 83 3
76 72 64 14 10 56 57 98 95 39 55 13 96 96 36 4 39 74 75 96 10 3
77 51 60 56 47 38 33 22 20 36 45 84 37 76 81 25 72 16 94 83 21 3
78 22 18 92 96 75 75 45 53 57 9 11 97 74 40 12 1 41 34 2 71 2
79 99 100 61 70 41 49 24 19 32 54 18 57 59 13 48 31 17 81 9 93 1
