4 80
3070 3329 3288 3368 
0 16 11 35 29 46 48 57 66 53 22 63 68 71 8 26 15 84 48 97 25 2
1 54 51 80 86 19 20 53 63 69 50 31 1 66 14 91 39 29 81 1 47 3
2 21 29 14 8 68 78 53 49 80 57 72 2 16 38 94 23 21 11 32 3 1
3 35 30 86 77 30 31 81 78 86 83 60 98 34 49 32 5 12 82 55 67 3
4 32 23 78 74 24 16 70 67 84 100 79 26 69 20 68 29 95 88 26 19 3
5 12 5 59 59 6 6 61 60 62 15 3 42 21 95 91 83 53 65 61 81 3
6 17 8 25 35 67 61 88 88 40 25 10 42 41 94 74 48 98 71 1 43 4
7 79 79 9 17 49 56 100 94 69 87 43 70 19 32 28 7 23 28 19 51 1
8 48 52 20 27 97 93 53 60 75 100 54 8 91 81 20 2 6 17 53 50 2
9 19 13 70 68 5 14 77 69 23 92 64 5 28 57 70 75 14 39 86 70 2
10 100 99 49 45 77 84 26 30 49 44 86 86 47 27 96 100 28 4 85 19 1
11 28 34 42 45 46 55 60 66 11 64 87 45 48 93 31 42 18 80 17 19 4
12 33 39 90 90 37 32 73 83 93 43 96 58 1 60 60 88 41 26 27 50 3
13 44 47 94 94 42 40 84 79 16 80 30 95 99 93 80 19 97 29 60 56 2
14 86 92 24 26 54 53 84 87 76 63 29 43 76 61 43 38 78 47 100 81 4
15 3 8 32 22 35 45 59 67 6 25 95 62 17 81 89 29 60 65 64 93 1
16 26 28 11 15 2 1 79 80 8 16 19 57 10 74 41 2 60 45 86 94 2
17 85 95 82 82 72 76 64 71 69 84 6 2 79 44 38 81 66 88 66 12 2
18 57 48 57 63 86 85 107 100 64 10 5 33 39 87 12 1 19 90 34 16 1
19 38 41 1 8 79 82 39 49 17 32 96 65 43 14 70 70 93 91 25 53 4
20 16 8 8 15 21 21 26 20 81 80 91 21 80 61 83 65 45 13 28 37 1
21 65 55 22 21 79 88 41 46 18 42 7 100 24 60 11 96 86 31 60 5 2
22 53 47 103 98 51 56 1 7 56 35 49 44 81 60 28 7 73 49 85 84 2
23 29 30 1 4 94 87 66 61 3 50 81 3 76 10 20 86 43 50 65 43 2
24 30 28 47 46 64 65 81 83 32 25 43 95 70 85 17 80 81 5 12 42 1
25 42 51 76 74 89 88 1 3 12 30 19 8 32 54 46 68 61 38 28 58 1
26 51 53 95 96 29 30 65 73 7 90 86 40 40 63 5 60 62 30 73 95 2
27 32 27 58 65 1 4 38 34 25 10 22 65 93 94 16 98 42 23 12 12 1
28 87 93 23 15 30 38 66 60 30 25 31 61 77 32 33 61 94 87 53 46 4
29 35 42 4 13 81 83 58 62 35 42 15 47 41 74 52 30 16 2 44 70 1
30 22 21 54 51 78 82 10 12 82 74 94 12 61 6 44 13 80 55 8 49 3
31 81 75 56 53 31 40 35 26 25 91 88 72 12 29 88 75 27 43 38 8 1
32 13 19 55 49 84 80 5 10 31 98 22 83 55 62 26 54 85 48 86 45 3
33 19 12 3 3 85 93 82 76 79 1 71 95 57 37 98 74 22 31 87 9 3
34 8 11 15 10 1 8 1 7 59 32 48 4 4 58 93 42 1 25 91 72 4
35 58 56 84 91 13 17 60 52 54 44 29 41 63 89 73 39 20 19 28 100 1
36 33 31 11 14 100 96 70 71 24 50 70 94 2 80 33 43 80 76 58 24 1
37 71 64 28 30 6 5 63 71 10 26 32 8 67 72 46 11 77 22 32 87 3
38 51 59 90 94 29 36 76 79 31 56 56 1 79 48 39 43 89 34 18 39 1
39 31 34 99 92 61 51 8 9 13 42 49 84 25 88 85 94 19 79 72 34 3
40 70 70 42 45 33 27 5 2 27 23 22 10 36 1 100 38 31 100 26 41 4
41 100 93 74 67 58 50 32 24 73 47 64 15 60 12 31 77 57 48 20 30 1
42 36 41 95 100 62 58 29 25 60 77 62 43 42 19 58 2 10 8 19 15 2
43 58 65 97 87 23 18 41 40 33 8 14 4 36 27 94 52 83 52 1 1 3
44 75 66 45 45 23 23 1 2 3 18 97 92 92 30 16 96 76 12 26 44 2
45 28 26 29 28 22 23 23 25 2 23 40 50 32 92 16 68 14 84 44 23 2
46 43 49 79 87 17 18 53 56 83 47 41 90 77 46 36 52 9 35 71 32 3
47 75 69 43 43 34 26 102 100 52 8 67 70 84 64 15 49 19 10 92 64 3
48 96 98 38 37 64 67 98 98 35 90 74 41 37 42 43 39 61 96 77 33 3
49 85 87 91 98 18 8 32 27 91 54 15 41 20 66 31 23 55 86 55 4 3
50 21 18 53 52 85 87 17 21 39 81 89 80 29 1 1 22 44 72 6 81 2
51 20 23 12 22 17 12 9 11 13 5 88 80 43 12 83 53 72 12 6 53 4
52 71 76 25 19 48 53 81 88 76 64 16 44 38 54 39 62 26 42 13 71 1
53 83 75 46 38 94 100 49 55 89 96 75 14 93 41 49 55 77 8 16 72 3
54 13 16 78 82 43 49 16 15 2 50 45 40 37 32 83 70 72 61 27 49 1
55 52 51 86 89 20 28 67 66 99 4 67 22 86 15 59 38 91 56 62 44 1
56 72 76 36 31 79 85 35 32 90 86 65 65 27 91 72 73 94 78 48 14 3
57 95 98 40 36 85 83 30 21 83 37 24 10 96 27 80 39 94 10 57 57 2
58 27 23 14 14 99 96 78 79 1 72 13 25 89 15 50 33 32 25 4 34 1
59 79 89 10 16 31 34 62 61 74 14 19 66 29 86 11 15 55 57 42 40 3
60 34 40 63 58 79 77 87 95 40 4 99 83 8 15 17 16 76 13 13 46 2
61 22 22 13 12 20 11 19 9 80 16 55 36 40 9 12 50 28 45 76 51 3
62 49 43 25 21 103 100 79 78 19 44 70 47 35 98 83 89 41 49 17 15 3
63 38 46 78 84 41 31 60 69 35 84 17 100 48 91 8 37 96 20 77 82 4
64 71 75 29 33 89 84 47 42 61 86 66 41 87 27 36 19 17 43 89 8 1
65 50 51 81 90 31 36 75 75 5 36 69 72 8 64 59 29 54 43 44 22 2
66 53 44 70 66 87 97 25 19 72 77 6 39 73 90 1 1 26 86 73 21 4
67 89 86 84 92 10 7 13 21 88 59 43 81 34 38 46 32 16 99 82 78 1
68 53 47 43 38 25 20 1 3 12 59 66 7 59 26 39 82 100 55 58 33 1
69 37 45 84 83 33 30 67 76 76 84 31 73 76 6 71 44 15 40 15 74 4
70 40 41 83 83 34 26 64 68 94 75 34 59 59 13 77 60 82 80 79 86 3
71 6 5 26 31 75 66 103 100 44 55 2 25 94 4 52 71 31 25 75 62 4
72 92 97 39 44 92 90 47 45 98 25 45 33 40 38 32 5 19 27 24 30 4
73 62 66 63 69 77 71 78 74 19 59 28 83 92 85 72 65 7 93 95 58 1
74 38 43 67 65 90 88 19 10 35 72 65 25 84 24 19 52 78 74 89 46 2
75 46 52 92 94 38 37 84 79 1 76 100 3 7 31 36 11 6 33 31 41 1
76 40 42 82 88 45 35 87 81 21 99 77 66 45 55 89 63 6 6 16 14 2
77 4 6 96 93 78 79 62 66 27 87 87 7 26 41 67 9 90 27 66 47 4
78 28 32 11 10 81 89 56 59 21 50 98 44 84 99 34 99 71 56 72 5 4
79 104 98 74 68 46 47 24 25 38 25 81 21 57 26 34 69 14 88 12 71 4
