4 80
802 809 847 848 
0 65 55 83 73 102 92 20 10 73 83 86 47 95 35 5 85 72 85 60 22 2
1 35 25 12 2 96 86 73 63 36 38 90 81 67 50 37 37 100 28 93 17 3
2 69 59 12 2 46 36 81 71 73 5 17 92 62 45 20 21 82 73 72 81 2
3 16 6 24 14 41 31 49 39 98 6 27 41 2 46 12 2 92 28 21 97 3
4 63 53 34 24 104 94 83 73 50 10 34 32 5 7 89 59 12 18 48 69 2
5 45 35 46 36 54 44 55 45 78 23 44 56 19 56 50 59 51 35 97 94 3
6 36 26 91 81 37 27 92 82 98 40 85 11 36 51 58 99 6 40 83 23 4
7 29 19 106 96 82 72 59 49 29 22 77 62 17 96 95 93 55 93 46 41 4
8 89 79 40 30 82 72 33 23 47 99 79 14 7 7 29 69 86 17 87 45 4
9 11 1 79 69 56 46 24 14 35 54 1 39 11 27 58 5 19 11 6 16 3
10 35 25 81 71 36 26 82 72 4 26 83 5 58 21 45 10 55 43 91 27 2
11 86 76 95 85 103 93 12 2 89 61 72 91 90 88 16 98 92 64 70 19 3
12 62 52 89 79 15 5 42 32 78 85 28 40 82 1 15 17 12 32 95 42 3
13 103 93 59 49 108 98 56 46 46 35 33 84 74 54 49 80 65 13 22 63 4
14 29 19 67 57 14 4 52 42 25 84 94 29 5 59 40 68 24 9 91 62 2
15 93 83 33 23 74 64 106 96 58 13 69 87 13 29 3 69 34 29 25 10 4
16 14 4 81 71 47 37 22 12 54 62 8 95 23 64 53 78 32 23 17 44 4
17 88 78 48 38 101 91 53 43 38 90 82 97 36 81 10 72 76 97 61 90 2
18 43 33 98 88 52 42 99 89 66 89 32 44 49 87 16 100 96 37 77 76 4
19 44 34 104 94 73 63 33 23 96 75 37 50 39 50 1 9 1 82 88 82 4
20 29 19 75 65 14 4 60 50 48 78 62 29 95 59 71 54 62 49 82 24 4
21 36 26 21 11 13 3 98 88 31 66 75 49 85 48 26 69 11 75 46 93 4
22 88 78 99 89 109 99 20 10 54 95 11 88 25 81 69 36 79 46 29 87 1
23 12 2 85 75 49 39 22 12 82 92 45 40 60 54 32 84 58 87 41 61 1
24 57 47 108 98 50 40 101 91 66 16 80 94 41 59 96 75 77 1 2 3 2
25 88 78 49 39 109 99 70 60 12 26 44 4 79 23 19 29 97 62 30 28 4
26 93 83 40 30 78 68 25 15 80 79 5 32 73 45 53 33 74 71 4 96 4
27 99 89 40 30 80 70 21 11 39 68 47 96 21 32 36 42 98 15 1 56 3
28 42 32 68 58 103 93 29 19 72 33 35 28 64 32 64 58 49 56 89 85 2
29 96 86 69 59 41 31 14 4 4 80 9 66 66 70 59 10 58 31 22 24 3
30 102 92 24 14 47 37 61 51 40 27 86 15 46 64 11 81 11 64 22 5 2
31 65 55 18 8 62 52 15 5 54 9 3 25 46 100 24 6 31 39 97 2 3
32 74 64 61 51 47 37 26 16 28 63 97 73 34 24 86 74 18 32 94 31 1
33 79 69 32 22 76 66 29 19 90 96 40 53 25 36 64 5 53 70 80 23 4
34 33 23 28 18 14 4 109 99 35 13 56 7 18 76 21 52 79 82 81 24 2
35 79 69 16 6 52 42 89 79 66 24 81 17 73 54 49 71 7 85 94 6 2
36 18 8 41 31 55 45 78 68 62 55 11 39 5 79 45 75 39 64 65 61 2
37 84 74 20 10 65 55 101 91 66 94 78 35 52 51 71 62 33 59 31 13 1
38 19 9 94 84 60 50 35 25 12 65 62 18 79 67 68 77 42 66 86 2 2
39 31 21 19 9 16 6 104 94 98 20 41 49 96 84 16 88 51 2 68 23 2
40 58 48 65 55 71 61 78 68 58 60 19 70 63 29 73 50 31 25 32 45 3
41 75 65 71 61 68 58 64 54 43 13 28 85 87 74 35 74 88 30 70 93 3
42 105 95 63 53 30 20 96 86 97 92 42 84 11 59 18 59 13 31 53 38 4
43 76 66 29 19 89 79 50 40 93 81 89 60 64 84 35 75 69 13 75 17 1
44 65 55 16 6 74 64 25 15 85 67 1 95 22 53 88 95 21 36 8 49 2
45 81 71 34 24 78 68 31 21 40 85 77 22 90 26 18 96 43 11 92 43 1
46 32 22 14 4 89 79 71 61 72 46 31 27 28 82 25 40 17 68 7 59 4
47 105 95 98 88 90 80 75 65 82 11 24 5 14 33 63 62 30 29 65 89 1
48 90 80 108 98 27 17 45 35 11 75 41 8 31 63 47 29 7 41 83 74 2
49 46 36 91 81 35 25 80 70 72 24 60 74 79 10 88 45 46 94 84 41 4
50 33 23 48 38 70 60 85 75 64 82 19 57 48 72 39 69 95 69 9 24 4
51 108 98 80 70 45 35 17 7 34 24 83 37 84 59 21 4 20 65 90 46 1
52 87 77 22 12 64 54 99 89 61 73 74 10 67 69 61 21 79 9 72 50 3
53 93 83 14 4 42 32 71 61 54 65 7 21 26 84 73 7 5 46 85 76 4
54 105 95 43 33 82 72 20 10 42 49 73 4 20 57 42 46 99 62 72 84 2
55 97 87 65 55 26 16 94 84 43 40 9 8 41 98 14 64 46 63 82 27 4
56 51 41 73 63 96 86 18 8 19 11 54 85 68 25 56 88 38 57 50 34 3
57 63 53 68 58 80 70 93 83 1 44 17 66 24 90 24 2 99 15 30 50 1
58 92 82 63 53 33 23 104 94 25 54 43 50 31 20 53 49 28 3 22 32 2
59 70 60 78 68 95 85 103 93 17 77 66 64 56 50 11 88 24 28 16 68 1
60 39 29 69 59 100 90 30 20 76 92 47 74 64 49 56 78 92 20 84 28 3
61 14 4 87 77 51 41 24 14 47 26 23 45 100 32 51 51 47 44 48 69 4
62 97 87 83 73 70 60 48 38 29 38 95 55 62 99 70 11 19 41 56 40 3
63 13 3 38 28 70 60 103 93 55 92 11 76 82 24 100 83 78 90 53 76 3
64 61 51 91 81 22 12 52 42 13 33 12 11 37 96 4 76 23 66 14 47 3
65 33 23 62 52 98 88 27 17 37 27 51 68 44 36 55 89 86 1 28 81 4
66 14 4 105 95 87 77 78 68 46 97 14 65 29 55 52 96 25 27 84 82 1
67 64 54 109 99 53 43 90 80 99 50 9 42 46 31 89 19 79 60 98 11 4
68 93 83 92 82 90 80 89 79 15 74 15 31 96 61 88 24 79 10 52 32 4
69 41 31 97 87 54 44 102 92 9 42 91 3 59 69 15 34 66 93 31 47 2
70 14 4 49 39 75 65 110 100 75 17 35 52 32 32 90 42 44 12 51 82 1
71 70 60 31 21 99 89 60 50 21 15 60 1 29 32 81 44 94 39 46 81 3
72 49 39 32 22 106 96 89 79 95 96 49 32 83 93 80 65 56 7 86 88 4
73 102 92 39 29 67 57 104 94 41 50 40 82 58 26 98 65 38 99 27 40 4
74 86 76 52 42 19 9 85 75 52 62 25 6 21 62 75 20 66 74 92 6 3
75 32 22 93 83 45 35 106 96 15 98 3 1 40 57 50 26 6 73 44 33 2
76 109 99 44 34 86 76 21 11 65 95 52 88 56 37 87 78 2 53 71 69 1
77 24 14 76 66 21 11 73 63 30 94 1 95 97 83 12 66 72 34 82 66 3
78 24 14 82 72 33 23 91 81 91 60 26 25 80 78 90 5 95 44 43 70 2
79 21 11 85 75 42 32 106 96 5 69 67 37 34 88 68 71 81 27 36 52 2
