4 80
3077 3273 3084 3212 
0 57 47 75 65 94 84 12 2 53 42 67 62 46 41 69 83 71 29 11 78 4
1 47 37 24 14 100 90 85 75 95 94 11 32 11 82 13 47 79 22 42 50 2
2 85 75 28 18 62 52 105 95 93 56 16 51 54 8 59 95 5 9 64 64 2
3 100 90 16 6 25 15 41 31 47 40 12 99 44 42 47 16 60 28 45 44 1
4 59 49 30 20 100 90 79 69 56 1 40 20 62 100 20 42 89 39 76 19 4
5 81 71 82 72 82 72 91 81 3 41 64 95 59 93 75 100 3 73 80 51 2
6 44 34 91 81 37 27 92 82 80 28 11 43 7 36 5 9 67 78 6 20 1
7 49 39 34 24 110 100 87 77 41 30 76 73 64 89 54 3 100 86 18 29 1
8 25 15 76 66 26 16 69 59 14 67 43 98 5 8 66 88 60 43 85 44 3
9 99 89 67 57 36 26 12 2 64 46 69 40 52 85 97 13 66 81 50 51 1
10 51 41 105 95 60 50 106 96 15 98 62 44 14 82 72 81 48 46 78 61 3
11 110 100 19 9 27 17 36 26 81 92 55 84 45 93 95 45 94 76 51 2 1
12 26 16 53 43 79 69 106 96 43 37 63 18 95 46 73 3 41 25 60 17 3
13 35 25 83 73 40 30 88 78 11 83 54 25 45 42 29 2 56 40 87 61 3
14 85 75 23 13 70 60 108 98 22 91 54 66 65 3 88 73 49 83 78 36 1
15 85 75 25 15 58 48 98 88 13 93 94 66 11 61 28 47 48 2 2 67 4
16 14 4 81 71 47 37 14 4 77 24 73 10 53 19 30 51 57 4 31 72 4
17 48 38 100 90 53 43 13 3 87 16 54 97 77 83 96 56 11 23 69 90 3
18 75 65 30 20 76 66 31 21 62 30 20 85 27 87 96 21 98 3 11 74 3
19 16 6 84 74 53 43 13 3 57 45 66 45 66 91 55 70 63 46 43 75 4
20 97 87 35 25 82 72 20 10 77 11 15 29 9 4 72 93 95 96 89 5 3
21 60 50 53 43 37 27 30 20 38 43 7 11 45 100 20 39 92 56 16 7 1
22 16 6 27 17 37 27 48 38 93 86 95 55 62 46 13 63 94 9 40 18 2
23 20 10 93 83 65 55 30 20 7 48 29 100 38 42 53 91 47 25 79 57 1
24 37 27 88 78 30 20 81 71 60 21 19 93 55 6 60 30 72 37 13 86 3
25 16 6 77 67 37 27 90 80 65 33 64 95 20 69 8 57 18 24 14 39 1
26 77 67 16 6 62 52 101 91 58 9 87 7 81 21 8 87 21 90 69 70 4
27 51 41 92 82 40 30 81 71 82 47 3 26 78 98 64 34 28 14 43 38 3
28 18 8 52 42 79 69 13 3 36 61 84 8 14 24 26 81 1 55 45 48 1
29 60 50 25 15 97 87 70 60 55 69 80 46 58 41 75 88 22 80 43 42 1
30 58 48 80 70 95 85 17 7 72 45 91 36 39 50 89 59 66 55 90 82 2
31 49 39 102 92 46 36 99 89 39 82 33 91 49 46 84 78 5 59 46 97 1
32 86 76 73 63 59 49 46 36 45 26 70 90 3 59 75 43 67 17 6 36 2
33 15 5 68 58 12 2 65 55 91 32 69 87 54 96 20 95 10 35 83 66 3
34 109 99 96 86 90 80 85 75 19 91 89 29 99 50 19 55 39 91 19 79 1
35 39 29 76 66 12 2 49 39 90 55 22 86 93 22 90 14 96 76 43 44 2
36 42 32 57 47 79 69 94 84 5 64 30 54 100 54 59 21 34 14 84 65 4
37 60 50 96 86 33 23 69 59 91 46 29 27 25 31 31 36 19 35 97 59 2
38 51 41 18 8 92 82 59 49 45 81 89 76 84 97 59 61 52 72 51 4 2
39 91 81 87 77 76 66 72 62 80 87 57 51 29 6 11 88 39 71 31 98 3
40 50 40 49 39 55 45 62 52 12 11 53 91 17 44 84 76 49 13 37 87 2
41 63 53 59 49 56 46 52 42 2 49 34 92 7 44 49 11 79 94 47 84 4
42 45 35 11 1 78 68 36 26 86 45 60 89 49 98 5 37 21 91 63 90 3
43 32 22 85 75 45 35 106 96 8 35 43 47 35 4 24 9 15 78 49 72 1
44 109 99 60 50 18 8 69 59 76 5 34 42 15 2 33 79 21 96 39 90 2
45 65 55 18 8 70 60 15 5 65 46 40 44 53 46 71 68 87 26 66 84 4
46 60 50 42 32 17 7 99 89 86 50 56 65 58 97 18 78 7 21 32 68 4
47 93 83 86 76 70 60 63 53 67 93 53 18 84 21 3 9 43 85 66 16 1
48 98 88 24 14 43 33 61 51 47 89 33 1 11 56 22 19 55 44 90 19 2
49 94 84 39 29 83 73 28 18 87 69 71 97 13 37 25 81 94 99 12 1 2
50 29 19 44 34 58 48 73 63 43 32 81 2 56 53 63 64 22 96 24 37 4
51 16 6 88 78 53 43 25 15 95 33 81 98 47 11 63 12 84 34 70 35 4
52 11 1 54 44 88 78 31 21 81 70 25 93 36 59 41 69 73 18 12 97 2
53 17 7 46 36 66 56 95 85 40 77 11 91 34 46 61 92 81 7 41 46 2
54 65 55 103 93 42 32 72 62 82 5 16 46 76 60 28 24 11 30 36 36 4
55 85 75 45 35 14 4 82 72 67 21 61 47 19 64 48 46 78 71 13 54 1
56 71 61 93 83 16 6 38 28 59 58 11 92 35 22 34 16 55 7 34 85 2
57 23 13 36 26 48 38 61 51 14 24 55 89 52 57 93 18 15 74 18 2 3
58 104 94 83 73 53 43 24 14 66 23 43 61 52 68 87 91 33 41 13 91 3
59 54 44 70 60 79 69 95 85 50 9 63 69 100 32 93 15 13 11 63 3 3
60 83 73 13 3 44 34 66 56 72 4 94 5 2 87 87 29 76 11 58 78 3
61 14 4 87 77 59 49 24 14 5 50 78 9 51 34 8 92 40 99 44 99 4
62 85 75 71 61 58 48 36 26 85 30 48 19 43 21 43 32 8 33 61 62 3
63 65 55 98 88 22 12 55 45 10 21 76 78 33 54 15 93 99 82 19 3 1
64 45 35 75 65 106 96 36 26 20 55 80 75 30 81 47 72 74 79 48 90 2
65 57 47 86 76 14 4 51 41 87 73 100 34 76 51 57 19 71 66 70 3 3
66 106 96 89 79 79 69 70 60 100 31 57 98 20 85 34 5 86 19 76 88 2
67 16 6 53 43 97 87 42 32 10 96 33 71 60 89 41 97 56 3 1 57 1
68 53 43 52 42 50 40 49 39 64 13 7 27 72 92 7 83 98 57 42 70 4
69 109 99 57 47 14 4 70 60 58 14 15 94 92 92 40 75 13 47 4 32 3
70 14 4 41 31 75 65 110 100 21 86 18 78 96 45 4 13 93 1 67 42 3
71 110 100 79 69 39 29 108 98 14 90 68 64 56 95 32 72 36 31 65 85 2
72 93 83 76 66 50 40 33 23 92 74 49 49 27 89 23 15 68 29 50 97 2
73 42 32 79 69 107 97 44 34 91 35 70 21 56 74 30 29 12 43 83 15 2
74 22 12 88 78 55 45 21 11 66 7 76 75 30 3 80 76 83 97 13 14 2
75 32 22 85 75 45 35 98 88 98 93 48 7 63 79 5 32 53 86 78 83 3
76 57 47 100 90 34 24 77 67 49 92 79 10 12 50 75 18 9 40 97 11 1
77 100 90 52 42 97 87 49 39 6 53 26 94 82 61 61 10 5 79 51 11 1
78 56 46 14 4 73 63 31 21 90 68 91 34 61 32 68 16 39 36 7 4 3
79 61 51 25 15 90 80 54 44 48 26 4 26 54 24 65 55 66 5 6 8 2
