4 80
1845 2006 1961 2014 
0 61 51 79 69 98 88 16 6 29 94 43 9 92 13 38 17 23 71 30 99 2
1 91 81 68 58 44 34 29 19 2 47 13 50 81 48 7 83 87 99 67 58 1
2 77 67 20 10 54 44 97 87 35 14 41 93 89 69 27 76 10 56 57 3 2
3 108 98 24 14 33 23 41 31 42 95 5 64 61 66 61 74 36 38 12 88 1
4 15 5 86 76 56 46 27 17 86 53 18 78 67 86 85 45 70 52 55 7 2
5 109 99 18 8 18 8 19 9 50 86 77 37 84 70 84 92 6 93 100 31 3
6 44 34 91 81 37 27 92 82 61 97 26 84 49 93 5 4 28 92 5 59 2
7 85 75 70 60 46 36 23 13 18 65 68 64 59 45 14 70 87 26 76 3 2
8 57 47 108 98 58 48 101 91 83 56 76 52 94 78 100 8 42 15 77 19 1
9 55 45 23 13 100 90 68 58 100 50 87 6 58 2 93 58 35 94 95 66 1
10 43 33 97 87 44 34 98 88 5 78 32 98 18 93 53 47 51 18 65 47 1
11 98 88 107 97 15 5 24 14 100 31 30 62 68 25 27 5 85 68 15 65 3
12 94 84 21 11 47 37 74 64 12 17 43 62 60 14 13 31 12 25 70 73 1
13 19 9 75 65 24 14 72 62 5 58 89 30 76 26 74 43 37 28 59 84 2
14 61 51 99 89 38 28 76 66 9 43 41 47 53 92 10 28 81 67 11 38 4
15 93 83 25 15 66 56 98 88 78 44 79 33 41 76 31 63 24 73 55 90 1
16 110 100 77 67 51 41 18 8 55 57 75 2 77 24 88 19 28 56 98 94 1
17 68 58 20 10 81 71 33 23 32 74 91 46 40 82 15 84 97 14 76 21 4
18 59 49 14 4 68 58 15 5 51 57 46 90 43 28 1 84 56 69 90 97 4
19 84 74 44 34 13 3 73 63 26 8 95 67 49 85 43 76 65 87 36 91 2
20 109 99 55 45 102 92 40 30 65 13 24 68 98 3 29 28 63 4 53 7 2
21 44 34 37 27 21 11 14 4 48 12 6 12 11 70 31 54 67 50 72 21 4
22 56 46 67 57 77 67 88 78 78 75 22 89 72 81 67 18 97 66 96 42 2
23 16 6 89 79 53 43 26 16 20 79 31 2 2 56 78 92 40 38 75 1 1
24 101 91 44 34 94 84 37 27 9 40 25 27 48 60 14 53 19 21 42 63 2
25 48 38 109 99 69 59 30 20 1 17 69 19 32 1 46 83 81 11 66 17 1
26 81 71 28 18 74 64 13 3 31 23 25 46 86 77 69 70 99 100 21 14 2
27 71 61 20 10 60 50 101 91 57 54 50 69 31 68 96 85 82 93 87 89 1
28 30 20 56 46 91 81 17 7 48 56 58 3 73 62 44 37 65 13 55 31 1
29 32 22 97 87 69 59 42 32 93 34 18 30 91 62 52 31 41 9 93 18 4
30 30 20 52 42 75 65 89 79 40 98 30 66 11 59 16 59 20 52 96 22 2
31 57 47 110 100 54 44 107 97 15 45 93 20 22 70 79 41 26 10 97 93 2
32 34 24 13 3 99 89 86 76 73 74 19 41 10 93 45 7 43 31 62 88 4
33 47 37 100 90 44 34 97 87 46 94 98 74 63 46 94 84 86 72 99 15 4
34 21 11 16 6 102 92 97 87 77 54 37 81 90 46 85 49 38 24 71 56 2
35 55 45 92 82 28 18 65 55 53 6 5 41 60 77 3 94 72 86 81 73 1
36 30 20 53 43 67 57 90 80 21 37 28 93 5 14 83 15 42 54 32 94 2
37 76 66 12 2 49 39 85 75 97 93 33 21 25 97 81 62 78 20 24 32 4
38 39 29 106 96 72 62 47 37 99 40 89 40 27 69 14 6 66 60 88 86 2
39 11 1 99 89 96 86 84 74 8 85 74 53 8 11 79 57 97 90 49 78 3
40 54 44 61 51 67 57 66 56 25 76 71 15 26 21 71 24 7 59 52 25 4
41 19 9 15 5 12 2 108 98 6 42 67 25 45 43 90 2 48 80 61 21 3
42 29 19 87 77 54 44 20 10 98 14 93 46 38 4 15 99 54 72 91 34 1
43 104 94 57 47 17 7 78 68 17 60 86 39 11 19 10 92 90 12 15 84 1
44 37 27 88 78 46 36 97 87 66 88 91 84 91 8 95 76 90 26 38 54 4
45 73 63 26 16 78 68 23 13 54 40 48 81 83 67 85 78 36 33 24 87 4
46 96 86 78 68 53 43 35 25 58 13 84 58 27 23 56 12 50 57 29 18 1
47 53 43 38 28 30 20 23 13 37 9 29 23 47 47 49 44 63 50 48 94 4
48 94 84 12 2 31 21 57 47 70 59 20 71 38 26 78 57 68 33 8 81 3
49 66 56 11 1 63 53 108 98 10 67 4 39 91 33 44 87 76 18 49 29 4
50 81 71 96 86 110 100 33 23 83 43 31 50 57 10 92 57 52 47 8 32 1
51 12 2 84 74 49 39 21 11 5 49 73 22 33 55 50 47 53 71 87 93 1
52 95 85 38 28 72 62 15 5 23 46 38 16 79 44 49 61 3 43 59 83 3
53 101 91 30 20 58 48 79 69 15 14 49 20 69 54 55 22 94 76 22 49 2
54 89 79 27 17 58 48 96 86 52 31 36 38 4 96 44 17 21 11 99 87 1
55 45 35 105 95 74 64 34 24 94 36 28 97 85 79 85 53 98 65 31 62 4
56 11 1 33 23 56 46 78 68 42 46 40 15 94 5 20 60 61 3 87 90 3
57 39 29 52 42 64 54 77 67 77 82 100 37 16 4 21 61 4 20 89 38 2
58 52 42 23 13 93 83 64 54 5 3 11 83 87 93 36 38 13 13 21 97 4
59 62 52 78 68 87 77 103 93 25 64 77 8 77 35 3 33 99 46 91 45 3
60 11 1 41 31 72 62 102 92 80 98 19 93 78 43 31 76 56 26 37 52 1
61 18 8 83 73 55 45 20 10 63 2 19 2 100 76 82 78 2 58 60 39 2
62 41 31 27 17 14 4 92 82 87 77 65 8 15 54 86 26 14 50 2 49 4
63 85 75 18 8 50 40 75 65 24 43 30 3 86 74 89 80 36 84 30 22 4
64 49 39 87 77 18 8 48 38 25 95 13 56 75 77 34 75 4 33 40 20 1
65 45 35 74 64 110 100 39 29 12 88 48 4 23 61 55 12 8 19 56 50 2
66 14 4 97 87 87 77 70 60 39 81 93 34 37 6 4 83 67 32 10 88 1
67 36 26 81 71 25 15 70 60 30 58 27 90 25 22 65 56 27 73 30 28 2
68 77 67 76 66 74 64 73 63 30 14 29 45 8 60 20 91 17 62 94 49 1
69 21 11 77 67 34 24 90 80 40 90 93 38 67 88 32 93 1 58 39 91 2
70 110 100 45 35 79 69 106 96 68 22 90 24 11 18 83 75 29 3 65 79 4
71 94 84 55 45 15 5 84 74 38 84 44 67 65 69 38 8 6 54 22 38 4
72 21 11 104 94 78 68 61 51 57 70 20 42 72 35 91 46 83 44 71 40 4
73 22 12 59 49 87 77 24 14 73 45 14 47 27 73 4 34 63 44 6 21 4
74 50 40 16 6 83 73 57 47 54 21 8 20 82 99 91 19 89 65 38 12 4
75 36 26 89 79 41 31 102 92 66 33 48 48 37 22 46 73 100 84 8 20 3
76 33 23 68 58 110 100 53 43 66 71 80 61 70 58 53 29 83 33 91 29 4
77 16 6 60 50 13 3 57 47 58 53 37 66 60 35 72 45 38 73 64 10 4
78 44 34 94 84 53 43 11 1 84 82 3 39 4 42 50 64 28 100 25 4 3
79 37 27 101 91 66 56 30 20 65 73 92 50 93 60 18 48 72 100 83 94 2
