4 80
3234 3219 3503 3072 
0 79 69 97 87 16 6 34 24 76 46 77 29 16 64 1 5 85 20 94 95 3
1 89 79 66 56 42 32 19 9 17 91 21 50 74 82 69 59 61 5 69 22 2
2 47 37 82 72 16 6 59 49 44 77 86 7 39 71 38 14 2 52 8 63 3
3 50 40 58 48 67 57 83 73 85 13 69 53 69 40 16 7 28 46 78 22 3
4 21 11 92 82 62 52 41 31 53 72 85 37 85 4 46 39 44 17 7 67 4
5 27 17 36 26 36 26 45 35 90 70 50 6 12 95 55 80 8 94 90 59 1
6 42 32 89 79 43 33 90 80 26 25 91 66 54 51 80 7 71 47 40 37 4
7 99 89 76 66 60 50 37 27 47 36 18 34 4 33 6 19 26 51 35 19 3
8 107 97 58 48 100 90 51 41 13 72 1 3 93 5 88 77 7 70 11 29 4
9 53 43 21 11 98 88 66 56 22 78 35 57 53 60 90 79 32 37 82 59 1
10 65 55 11 1 66 56 12 2 80 54 32 2 81 27 84 31 89 86 1 52 4
11 96 86 105 95 13 3 14 4 56 70 74 17 83 100 20 51 47 81 58 20 1
12 44 34 71 61 97 87 24 14 76 66 50 98 41 91 32 89 12 54 9 79 3
13 49 39 97 87 46 36 102 92 13 50 14 20 93 11 33 56 19 17 6 8 3
14 63 53 101 91 40 30 78 68 81 55 85 59 82 95 13 1 57 90 23 15 3
15 31 21 71 61 104 94 44 34 66 44 6 14 87 58 56 55 88 8 68 56 3
16 36 26 103 93 69 59 44 34 67 21 30 8 4 11 15 86 46 66 14 95 3
17 102 92 54 44 15 5 67 57 57 68 65 58 37 14 86 92 65 3 65 81 3
18 89 79 44 34 90 80 45 35 74 32 88 42 91 58 63 79 41 73 34 44 1
19 98 88 66 56 27 17 95 85 26 53 66 98 48 63 69 68 71 53 22 77 2
20 107 97 45 35 92 82 30 20 12 32 19 58 1 95 1 3 2 11 8 30 4
21 22 12 107 97 99 89 84 74 43 39 40 84 17 77 89 23 4 63 40 87 2
22 42 32 53 43 63 53 74 64 16 66 5 36 14 17 87 54 92 34 93 47 3
23 50 40 23 13 87 77 60 50 17 79 55 26 85 10 98 87 48 65 61 4 3
24 95 85 38 28 88 78 31 21 82 11 61 88 43 91 68 99 48 24 51 78 4
25 34 24 95 85 55 45 16 6 18 76 4 82 57 29 77 6 55 90 10 46 1
26 95 85 34 24 80 70 19 9 23 42 77 39 64 32 16 21 92 46 76 59 3
27 61 51 102 92 50 40 91 81 52 51 44 2 74 68 62 58 83 40 30 23 4
28 84 74 18 8 45 35 79 69 16 24 75 15 67 11 26 20 13 73 54 8 2
29 106 96 79 69 43 33 16 6 4 2 80 25 65 58 18 89 32 16 6 82 3
30 104 94 18 8 41 31 63 53 21 13 11 87 74 10 41 41 35 92 17 89 4
31 47 37 92 82 44 34 97 87 39 8 2 81 9 26 94 81 57 21 31 28 4
32 108 98 95 85 81 71 60 50 30 75 67 58 44 91 97 19 62 59 16 72 4
33 97 87 42 32 86 76 39 29 87 92 97 26 21 75 89 68 100 57 32 33 2
34 19 9 14 4 108 98 103 93 93 25 8 87 8 69 36 36 98 61 56 35 3
35 69 59 106 96 42 32 79 69 53 43 83 77 41 25 35 64 56 38 45 44 4
36 72 62 95 85 109 99 32 22 8 65 77 57 80 41 41 79 28 83 90 71 2
37 98 88 34 24 71 61 107 97 84 17 27 88 81 66 33 92 85 42 82 52 2
38 89 79 56 46 22 12 97 87 27 84 2 8 47 32 15 69 56 16 54 57 2
39 101 91 97 87 86 76 82 72 54 39 3 18 71 48 80 39 44 76 21 63 2
40 20 10 27 17 25 15 32 22 33 59 16 27 9 21 11 79 36 57 12 31 2
41 13 3 109 99 106 96 102 92 43 49 75 88 90 30 45 72 68 45 85 13 2
42 19 9 77 67 44 34 110 100 44 79 49 13 99 25 53 20 86 24 43 80 2
43 26 16 87 77 39 29 100 90 63 17 40 55 24 46 67 8 54 95 100 12 4
44 63 53 14 4 72 62 23 13 59 9 65 81 11 53 66 95 41 27 12 67 4
45 63 53 16 6 60 50 13 3 66 61 59 49 39 46 16 82 4 13 49 63 4
46 110 100 92 82 67 57 49 39 1 68 23 74 96 25 71 22 34 9 32 5 3
47 79 69 64 54 56 46 49 39 29 4 91 66 83 57 98 6 26 79 73 86 2
48 28 18 46 36 65 55 83 73 7 30 27 31 42 55 34 73 94 83 88 91 2
49 36 26 81 71 25 15 70 60 8 35 65 62 11 78 89 52 84 39 15 11 3
50 11 1 34 24 48 38 63 53 63 67 24 10 89 86 85 62 62 1 71 74 3
51 46 36 18 8 83 73 55 45 30 62 24 82 76 27 20 59 85 83 67 58 1
52 73 63 108 98 50 40 85 75 4 57 54 11 40 25 40 63 5 47 90 53 1
53 27 17 56 46 76 66 105 95 52 19 70 36 94 49 25 29 64 27 85 4 2
54 103 93 41 31 72 62 110 100 92 30 78 33 74 11 30 95 11 38 63 15 4
55 67 57 27 17 96 86 56 46 8 47 90 37 75 49 70 62 92 56 28 63 4
56 41 31 63 53 86 76 108 98 18 99 10 82 48 44 25 32 65 18 36 94 2
57 65 55 78 68 82 72 95 85 40 27 13 6 65 79 11 81 71 22 66 18 2
58 74 64 53 43 23 13 94 84 83 85 94 14 95 72 36 14 43 59 48 58 3
59 104 94 12 2 29 19 37 27 9 93 29 21 56 35 81 54 46 1 87 72 3
60 33 23 63 53 94 84 24 14 25 55 95 98 17 23 65 38 7 11 39 43 4
61 44 34 17 7 81 71 54 44 100 84 8 35 99 51 78 10 17 85 74 61 3
62 91 81 77 67 64 54 42 32 24 39 65 62 61 90 15 49 80 94 20 51 2
63 23 13 48 38 80 70 13 3 77 90 35 38 48 36 19 25 8 46 46 87 4
64 11 1 41 31 72 62 102 92 47 33 64 38 80 61 34 55 54 49 83 1 4
65 39 29 68 58 104 94 33 23 76 92 11 48 17 35 44 76 15 15 90 80 4
66 52 42 35 25 25 15 16 6 66 9 9 49 98 34 87 53 98 78 8 15 3
67 18 8 63 53 99 89 44 34 27 1 88 44 56 98 4 63 30 23 81 81 2
68 43 33 42 32 40 30 39 29 39 83 72 74 21 92 26 50 43 41 92 28 2
69 71 61 27 17 76 66 32 22 32 43 16 46 41 100 20 82 49 50 92 66 4
70 88 78 15 5 49 39 84 74 12 67 22 80 90 68 65 46 86 21 55 5 3
71 76 66 45 35 105 95 74 64 7 67 57 54 77 18 23 76 95 15 39 78 3
72 43 33 26 16 108 98 83 73 14 90 95 4 90 79 40 90 95 76 32 97 1
73 32 22 61 51 97 87 26 16 30 18 85 94 27 78 19 60 20 78 30 95 4
74 28 18 94 84 61 51 27 17 65 64 17 81 65 58 78 45 26 16 78 29 3
75 102 92 63 53 15 5 76 66 28 40 9 41 64 26 84 41 53 68 45 19 1
76 27 17 62 52 104 94 47 37 90 57 69 28 12 75 98 79 5 48 22 78 4
77 90 80 42 32 87 77 39 29 51 83 69 61 56 30 96 82 67 14 96 58 1
78 50 40 100 90 59 49 17 7 38 21 3 59 29 3 77 59 16 94 88 1 2
79 27 17 91 81 56 46 20 10 61 4 45 2 26 95 20 78 98 74 37 93 1
