4 80
2327 1889 2151 1867 
0 97 89 16 7 27 26 38 44 61 36 24 98 1 11 7 65 62 35 73 63 4
1 82 89 29 32 76 66 2 9 73 35 22 11 5 23 62 52 84 29 53 57 1
2 66 75 43 46 26 16 82 87 38 82 20 97 92 96 41 27 52 100 20 78 2
3 26 32 85 79 42 33 72 80 94 15 100 28 88 67 77 93 90 60 54 12 4
4 59 49 97 92 43 42 97 93 37 37 45 77 70 20 39 71 44 21 5 58 1
5 95 99 50 53 110 100 44 54 5 86 52 79 4 80 92 39 63 15 48 30 1
6 99 90 20 17 41 43 70 70 63 22 16 13 6 49 86 74 61 65 81 26 1
7 1 9 52 47 92 86 22 24 5 31 28 39 56 64 24 99 16 39 6 15 4
8 23 30 100 97 64 71 28 38 21 7 29 76 29 67 88 73 60 80 14 23 1
9 90 99 54 54 97 100 61 55 100 79 62 69 63 79 83 64 50 85 4 3 3
10 96 89 24 27 73 74 22 12 28 39 97 37 12 31 46 70 14 18 90 28 2
11 20 16 34 27 38 29 44 40 51 64 84 100 74 35 7 84 66 33 19 80 2
12 88 89 37 32 92 82 20 25 24 53 17 22 71 79 91 24 44 89 70 100 4
13 35 29 85 76 12 22 62 61 43 47 31 70 98 66 94 53 36 18 81 5 4
14 23 26 53 52 91 87 13 13 42 35 67 88 26 88 35 43 59 29 53 61 4
15 71 62 66 76 103 99 27 21 39 39 4 59 4 91 78 86 97 86 19 9 1
16 7 6 100 93 83 79 76 66 42 54 25 38 69 48 93 23 70 15 83 41 3
17 67 77 80 72 70 66 54 53 57 58 55 39 7 56 53 47 69 41 74 46 3
18 4 10 33 33 54 47 62 70 36 31 13 54 34 84 20 34 41 7 53 59 1
19 1 3 68 78 41 44 1 11 64 30 44 20 3 98 31 68 4 81 89 14 2
20 31 38 36 37 49 43 41 50 26 9 34 50 91 61 81 65 25 84 59 55 3
21 98 89 55 55 17 14 74 80 74 11 49 80 90 35 46 24 8 11 91 73 4
22 86 93 36 44 1 2 55 53 57 87 2 14 64 57 63 66 84 90 79 94 3
23 70 80 63 54 43 37 15 11 73 29 48 92 85 54 7 59 88 41 96 26 2
24 89 98 6 16 44 35 61 53 55 23 82 10 72 31 94 45 82 97 76 30 4
25 76 69 81 84 94 98 20 13 21 13 73 97 31 34 52 75 67 58 61 49 2
26 94 91 38 34 72 68 8 11 76 54 26 39 20 54 48 67 42 18 27 83 1
27 91 97 30 27 58 66 1 4 1 10 35 87 58 60 18 71 40 10 19 56 1
28 31 23 46 45 61 68 97 90 7 98 65 42 63 94 38 43 25 7 25 61 2
29 77 72 33 43 23 13 87 92 72 61 46 25 82 48 30 73 92 17 58 49 2
30 73 71 5 1 37 32 53 54 67 86 6 74 83 90 85 5 57 82 41 7 2
31 57 61 40 47 36 34 11 12 100 12 69 34 62 32 9 51 80 36 3 49 1
32 50 45 71 75 13 6 42 36 49 68 55 68 76 95 69 13 45 61 92 27 3
33 69 66 53 57 48 47 24 30 50 93 83 24 19 31 52 71 55 54 85 74 3
34 16 21 23 20 9 18 8 17 49 99 57 29 80 2 91 65 99 32 81 49 4
35 86 82 12 17 41 43 88 78 82 72 69 59 28 84 72 16 25 61 90 61 3
36 71 81 70 64 30 38 29 21 54 47 22 45 67 4 90 16 91 9 59 88 3
37 75 66 24 32 102 99 72 65 79 99 84 50 53 13 31 85 14 44 20 6 4
38 88 89 35 32 66 66 13 9 66 6 81 10 46 76 70 22 56 51 26 83 2
39 53 48 1 6 70 65 22 15 30 29 41 55 22 9 94 3 28 11 42 40 4
40 63 60 35 35 13 17 98 92 28 95 79 54 95 92 38 39 85 12 23 80 3
41 55 51 37 33 13 8 95 90 33 94 90 95 80 53 94 47 87 70 11 82 3
42 14 7 81 74 40 32 86 91 1 94 9 26 48 80 25 67 99 19 71 25 1
43 49 39 67 61 101 92 19 14 55 95 53 72 23 51 21 70 22 97 76 61 2
44 22 24 13 3 83 81 53 60 90 43 52 2 4 30 75 60 86 71 7 42 2
45 11 20 12 22 26 17 27 19 46 77 23 4 14 58 25 83 53 71 68 83 4
46 23 19 51 49 89 88 25 26 67 30 69 39 10 24 50 73 68 84 28 94 3
47 13 19 2 1 72 76 48 58 88 61 68 42 60 28 92 55 52 71 23 13 4
48 88 92 22 31 56 61 98 100 23 26 25 55 21 25 5 77 25 28 74 91 2
49 44 37 50 48 56 58 70 77 55 7 53 82 27 98 60 22 27 10 84 84 3
50 100 96 32 30 64 65 96 99 48 86 47 90 80 44 40 59 65 1 47 7 1
51 88 89 80 88 85 78 77 77 78 19 92 81 26 23 76 4 64 80 17 69 1
52 54 54 79 89 23 23 48 58 19 71 38 86 52 22 62 28 82 13 35 39 2
53 28 33 99 96 60 58 23 21 27 78 32 17 23 97 12 48 52 90 31 14 3
54 80 86 45 52 10 19 83 93 80 19 27 67 25 100 33 74 63 50 53 73 2
55 100 97 26 35 81 74 15 12 83 64 3 97 80 65 18 99 46 43 76 92 1
56 52 62 8 9 72 63 15 18 5 30 84 6 18 75 23 100 70 78 59 71 4
57 102 96 34 42 79 81 16 19 25 70 44 29 12 34 90 43 24 71 81 94 3
58 17 25 17 8 94 90 81 73 92 44 21 8 18 54 94 48 52 35 8 67 1
59 17 19 40 38 69 64 92 83 16 99 80 84 99 32 18 59 74 77 70 2 2
60 90 94 6 12 43 39 51 57 20 98 65 81 40 11 97 50 84 61 70 49 4
61 47 56 46 54 45 53 44 43 18 75 35 24 73 88 13 77 88 19 2 17 2
62 72 77 48 55 26 34 10 20 10 93 6 46 58 39 28 38 67 87 66 51 2
63 70 60 1 6 52 45 92 83 99 71 35 68 74 14 10 50 67 25 55 33 2
64 34 29 84 79 31 38 81 88 30 50 53 16 93 38 13 34 40 90 57 86 1
65 73 81 17 20 59 58 11 5 8 84 68 15 89 69 27 4 90 62 51 61 2
66 28 26 45 48 83 79 1 1 10 88 50 79 94 38 72 26 41 53 28 19 4
67 15 20 39 34 44 49 68 63 94 13 19 5 74 49 93 67 84 24 50 51 3
68 19 17 93 100 83 90 65 73 37 56 14 90 33 66 69 12 83 69 37 10 1
69 29 19 47 57 4 4 51 50 10 24 64 95 68 16 20 82 93 87 13 79 2
70 15 15 58 57 109 100 52 42 89 43 61 26 48 56 45 78 95 40 73 1 2
71 91 99 40 33 68 68 4 2 53 13 87 88 23 28 29 42 71 40 91 54 3
72 94 91 49 46 102 92 57 47 88 74 79 76 68 37 68 22 9 56 77 71 4
73 30 36 44 39 37 41 38 44 45 72 50 14 87 10 34 83 10 6 53 26 2
74 62 65 91 87 1 10 30 32 31 1 51 27 2 54 100 47 95 39 43 34 1
75 41 34 66 76 12 19 58 61 35 9 35 16 68 42 92 73 98 76 4 84 2
76 94 100 36 46 86 93 49 39 2 70 74 36 99 87 33 97 23 36 9 12 1
77 66 68 50 55 32 41 37 28 51 63 38 74 55 12 74 89 42 6 84 13 3
78 105 98 75 76 58 55 28 33 21 52 94 74 45 96 9 57 53 56 52 49 1
79 94 96 64 74 36 45 14 23 35 13 17 40 39 63 91 29 34 17 38 62 3
