4 80
814 816 761 837 
0 73 71 84 89 16 8 27 26 77 97 3 31 71 22 99 97 42 27 98 3 2
1 29 27 68 62 1 4 41 39 46 62 57 1 29 11 15 46 16 66 57 29 2
2 67 61 23 32 14 10 91 81 100 68 58 31 73 43 17 22 70 27 91 85 4
3 26 26 85 81 34 27 80 82 45 67 32 29 93 96 33 66 52 54 92 85 1
4 105 99 59 50 97 92 43 43 7 67 55 51 96 81 69 46 80 51 71 95 4
5 86 85 33 31 88 86 27 32 21 35 41 34 9 9 36 31 24 3 42 28 4
6 47 40 76 67 97 93 18 20 31 67 33 80 48 36 76 26 45 6 26 53 1
7 10 7 48 45 88 84 26 30 4 82 41 58 79 15 11 80 69 36 35 70 4
8 1 4 81 79 37 45 14 12 19 20 50 12 66 64 34 93 9 2 47 49 2
9 73 77 16 24 80 78 23 25 16 62 1 63 87 61 59 3 93 90 19 54 2
10 92 99 41 37 90 84 18 22 8 90 97 13 17 84 82 1 89 2 45 3 1
11 31 22 24 33 36 43 63 54 10 35 58 87 69 12 23 16 86 56 63 60 3
12 95 95 44 38 70 80 27 31 66 35 26 97 99 36 90 32 7 84 89 2 1
13 29 23 79 70 14 16 56 55 75 79 92 91 79 29 60 17 73 21 42 93 3
14 61 64 99 98 21 25 59 59 6 38 59 87 30 76 63 85 70 5 92 15 4
15 93 88 17 10 33 25 49 47 12 58 45 19 15 84 94 21 52 51 47 56 4
16 28 32 21 19 4 5 89 92 53 40 11 79 94 32 69 48 77 30 4 81 1
17 62 71 75 66 65 60 57 55 85 95 45 15 4 10 14 58 9 82 39 68 3
18 61 68 90 91 11 5 27 28 25 13 16 81 15 27 34 43 53 52 40 66 3
19 50 53 31 28 91 94 64 61 26 80 77 45 29 13 95 1 55 52 81 84 4
20 80 72 72 79 77 77 90 84 26 87 66 57 41 81 87 34 8 57 82 28 3
21 89 99 67 65 29 24 86 90 22 48 53 92 27 2 76 9 23 60 89 90 4
22 64 67 27 18 83 76 25 27 80 65 39 55 76 52 61 98 6 71 73 79 3
23 64 66 36 40 16 23 1 5 57 91 69 91 66 31 20 9 74 72 45 72 4
24 60 64 77 82 1 1 11 19 100 49 6 71 4 12 44 24 59 64 49 16 3
25 37 39 63 54 76 68 89 83 10 60 15 46 23 26 13 69 31 31 51 62 4
26 27 21 55 56 97 98 33 33 55 64 54 30 53 19 64 38 78 38 81 65 2
27 67 75 14 13 55 52 81 90 17 100 100 61 67 22 92 3 87 71 62 3 4
28 91 93 6 15 42 38 57 60 61 76 12 22 100 88 52 36 81 38 65 94 1
29 48 42 4 13 81 91 58 62 76 1 44 48 96 16 4 30 33 3 68 75 1
30 50 49 74 71 1 2 30 32 4 26 82 12 52 9 59 69 18 86 25 8 4
31 9 11 92 97 67 76 63 62 22 100 30 44 96 87 18 44 78 65 84 97 3
32 98 91 19 21 48 52 90 82 74 31 46 45 50 62 40 56 76 7 54 21 3
33 19 28 16 19 11 1 95 92 64 87 37 49 92 80 97 75 36 37 77 65 4
34 62 55 61 54 47 52 54 51 32 38 85 79 62 83 71 18 11 8 92 65 3
35 11 12 29 39 66 73 13 8 90 48 96 90 8 57 81 82 80 23 22 15 2
36 63 59 33 34 22 16 100 99 4 2 60 67 37 10 63 97 69 84 60 47 3
37 92 96 70 62 19 29 97 95 10 70 59 85 49 28 40 41 23 100 30 61 3
38 85 95 45 38 63 72 23 15 9 31 35 59 22 27 78 92 58 54 67 25 2
39 42 42 110 100 51 51 19 9 73 58 87 46 21 22 58 96 40 48 21 45 1
40 31 34 3 9 86 83 66 66 16 62 13 14 84 26 42 6 8 22 6 69 4
41 65 61 47 43 23 18 97 100 97 35 64 22 27 21 11 75 3 81 22 4 2
42 1 5 56 64 23 30 90 89 78 60 94 8 24 22 89 14 58 77 28 9 3
43 67 73 1 3 32 26 58 56 76 23 80 22 72 14 64 62 85 97 64 37 1
44 36 42 27 21 97 99 75 78 12 54 17 1 2 75 51 84 54 13 72 28 4
45 2 6 95 100 4 3 5 5 48 95 16 35 43 82 62 16 36 77 46 50 2
46 6 5 42 43 80 82 8 12 43 99 69 44 9 70 41 78 32 44 82 61 4
47 13 13 89 95 72 70 48 52 2 8 39 53 45 18 61 17 24 90 81 90 4
48 49 50 83 81 25 19 51 50 13 68 69 32 3 91 83 46 16 50 35 8 1
49 80 87 107 98 13 8 27 27 47 92 78 59 1 11 92 55 63 27 34 80 3
50 4 14 57 48 89 83 21 17 85 7 91 32 14 94 31 96 20 71 7 37 3
51 51 43 43 42 40 32 32 31 97 56 25 9 87 73 90 7 94 91 87 58 3
52 66 64 91 99 35 33 60 68 60 85 84 29 94 96 44 95 59 46 64 86 2
53 91 99 54 62 15 24 86 87 5 60 6 51 67 19 54 10 72 54 12 49 2
54 46 52 11 18 84 93 49 59 84 23 12 16 19 20 38 60 8 90 25 72 2
55 39 35 73 73 20 12 54 50 53 70 6 90 54 14 91 73 23 69 53 70 4
56 14 16 62 63 26 17 69 72 20 13 4 72 49 22 78 13 1 70 96 51 1
57 31 38 68 76 13 15 66 61 89 66 63 93 53 18 10 73 17 30 38 83 4
58 74 83 74 66 38 48 38 31 27 78 83 11 84 21 85 7 63 71 87 17 4
59 81 81 12 8 33 26 43 53 47 76 74 1 94 73 52 99 69 30 65 2 2
60 28 36 57 54 73 73 81 91 76 61 33 64 26 38 66 81 65 9 87 8 4
61 35 38 42 36 41 35 40 33 67 57 88 9 34 24 85 23 23 45 29 95 3
62 15 23 7 9 85 88 61 66 91 69 24 81 15 69 30 66 69 3 74 10 4
63 44 34 63 72 18 11 66 57 75 73 84 76 17 36 40 19 78 88 79 73 2
64 1 3 50 53 18 12 68 62 80 9 58 94 32 54 64 56 89 88 20 97 2
65 86 87 17 26 59 64 3 3 91 13 28 65 73 59 71 99 62 12 89 50 2
66 89 84 1 6 44 37 61 59 49 32 40 78 44 7 93 76 26 81 58 97 4
67 33 38 57 52 62 67 86 81 4 72 57 51 37 11 93 37 51 31 40 34 1
68 1 3 81 86 71 76 66 59 67 50 35 69 99 95 62 22 9 13 10 73 1
69 84 89 31 27 80 74 14 20 1 48 10 41 51 88 76 73 7 82 40 37 1
70 82 85 25 27 84 78 14 20 74 24 70 13 66 65 44 39 88 83 48 76 1
71 57 57 93 91 21 26 70 60 6 90 79 50 75 51 60 75 10 43 45 4 4
72 90 93 53 48 98 94 32 41 45 80 99 25 55 17 82 57 27 37 47 30 2
73 70 74 71 77 85 79 78 82 69 54 23 93 83 85 50 48 46 98 86 8 3
74 19 11 27 33 58 56 87 78 4 86 83 80 28 68 79 11 53 70 25 80 4
75 10 20 56 62 2 5 56 55 61 28 95 86 93 40 20 81 3 67 36 68 2
76 29 38 92 84 34 31 76 77 40 76 79 44 22 36 33 74 79 68 68 77 1
77 34 38 18 25 21 11 105 98 31 80 2 3 73 24 10 18 15 16 50 16 4
78 22 32 1 2 88 81 50 59 88 98 52 13 41 74 12 79 88 50 63 26 1
79 11 2 89 80 53 51 31 29 22 98 99 59 33 24 21 54 13 74 96 17 1
