4 80
3236 3435 3387 3172 
0 53 75 30 93 6 12 83 30 82 78 44 29 10 64 65 90 87 68 93 38 3
1 38 19 54 54 63 96 79 31 67 35 66 90 31 1 39 49 62 11 80 10 1
2 91 17 100 88 100 58 9 29 57 76 70 14 93 17 3 20 99 17 86 55 3
3 99 26 76 81 60 27 37 82 78 25 1 15 63 4 86 53 44 4 85 41 2
4 81 31 57 74 26 24 2 75 9 76 52 28 1 34 7 26 49 29 27 59 3
5 16 69 25 23 33 70 34 24 47 8 4 15 84 92 80 69 85 8 82 17 3
6 29 8 77 35 26 61 82 88 29 34 1 23 49 15 83 28 93 76 8 28 4
7 15 83 55 21 88 60 28 98 99 5 87 93 58 79 34 68 17 24 93 39 3
8 94 8 46 75 99 49 59 16 1 63 27 68 11 15 2 49 20 58 30 36 4
9 34 61 2 8 63 62 31 9 18 26 89 6 95 59 8 98 98 38 90 65 4
10 54 11 39 57 31 96 16 42 72 60 19 87 75 68 92 62 87 16 57 9 4
11 74 62 47 73 11 83 84 94 16 26 53 3 64 99 30 100 36 5 19 88 4
12 70 51 31 2 91 44 52 87 33 34 80 3 30 43 43 54 7 15 35 26 1
13 89 35 30 82 78 20 19 67 54 11 4 71 44 5 41 40 11 69 90 10 2
14 46 76 11 10 83 37 56 71 54 20 31 75 23 57 36 98 36 62 70 89 3
15 87 60 40 82 84 5 37 19 6 18 38 8 37 92 85 29 57 72 78 70 3
16 29 72 82 59 26 45 71 32 61 47 24 51 59 92 69 11 84 88 5 29 1
17 65 91 2 78 38 72 75 67 61 45 28 18 51 50 61 96 3 67 28 21 4
18 46 56 82 79 19 1 55 16 47 46 42 48 70 60 77 97 52 6 38 2 4
19 5 41 1 8 90 82 86 49 74 15 19 14 27 6 48 56 49 41 27 91 3
20 53 76 49 83 46 89 42 96 14 87 78 72 66 80 97 99 62 57 43 47 3
21 26 75 87 41 39 100 100 66 32 54 55 39 68 44 84 28 61 18 99 66 3
22 3 95 56 46 8 4 53 55 84 38 89 89 70 73 71 22 66 57 65 52 4
23 79 2 72 76 56 59 49 41 15 91 99 31 41 68 29 63 5 82 86 94 3
24 28 60 73 78 17 97 62 15 70 45 70 87 15 90 39 98 2 44 47 63 4
25 78 91 42 6 15 20 87 35 1 50 88 96 74 78 74 82 31 32 70 92 3
26 11 5 40 48 60 82 89 25 90 10 34 39 77 37 30 2 93 53 57 96 1
27 79 99 39 37 8 68 76 6 13 22 30 31 94 39 13 62 89 81 24 24 2
28 33 33 46 55 58 78 71 100 92 69 27 80 93 61 68 91 37 54 81 61 1
29 84 82 100 53 9 31 25 2 33 94 42 91 6 39 19 90 93 55 73 39 1
30 100 77 65 7 37 30 2 60 52 59 28 97 29 4 19 87 43 98 29 33 4
31 19 67 44 53 76 32 9 18 81 91 33 76 67 71 80 22 23 44 98 32 3
32 71 95 100 25 36 56 65 86 36 26 70 71 8 41 92 44 44 61 55 96 1
33 86 36 31 19 75 9 12 100 24 41 60 95 90 33 57 72 6 65 36 81 2
34 15 71 71 70 28 68 84 67 74 62 56 62 77 99 14 10 56 58 31 79 4
35 48 16 9 43 69 77 38 4 96 62 57 3 24 24 15 35 89 72 62 48 3
36 92 87 29 62 57 44 94 27 83 52 66 81 62 100 97 65 91 64 66 57 4
37 34 24 95 90 47 57 100 23 68 16 40 69 44 45 42 29 4 11 99 32 3
38 78 71 30 6 75 48 27 91 97 8 8 7 23 37 30 96 46 34 52 64 1
39 99 22 63 80 28 39 92 97 24 40 53 19 14 94 18 66 36 46 58 36 3
40 59 18 64 93 68 75 65 50 65 43 11 58 62 22 10 84 22 85 55 16 3
41 41 13 5 87 62 70 26 44 44 24 53 61 89 41 5 15 95 69 51 14 1
42 25 29 61 96 90 54 18 13 28 59 31 84 60 48 27 58 38 100 63 20 2
43 58 41 3 71 47 94 92 24 49 34 23 76 54 37 70 15 9 48 27 55 3
44 70 94 78 73 87 51 3 30 60 59 84 8 68 65 28 28 70 80 84 38 2
45 58 90 71 92 83 95 4 97 16 54 46 6 70 40 35 94 4 11 8 99 4
46 36 29 16 67 97 6 77 36 72 88 49 81 2 54 23 43 68 10 71 65 2
47 64 49 48 31 25 14 9 88 90 55 64 81 70 97 65 84 49 66 81 15 2
48 72 6 84 45 5 75 17 14 29 52 23 77 29 20 21 65 44 49 67 66 4
49 93 87 69 98 46 8 22 27 88 27 63 66 47 85 66 82 62 12 64 75 1
50 70 54 79 88 87 23 96 57 92 43 57 11 4 98 1 92 97 99 100 82 4
51 58 31 50 30 43 20 35 19 54 38 80 33 17 86 74 48 12 15 69 32 2
52 78 96 91 31 3 65 16 100 7 65 90 25 100 97 68 74 69 80 20 94 3
53 100 15 77 78 45 40 14 3 89 13 23 24 75 3 57 95 35 99 67 73 3
54 35 48 4 14 72 89 41 55 11 72 34 12 34 70 65 74 14 5 99 56 4
55 77 27 34 65 90 4 47 42 46 39 87 77 91 91 86 8 8 42 9 15 2
56 94 84 14 39 27 93 47 40 43 11 75 68 71 93 90 83 50 93 18 85 2
57 39 66 24 12 100 51 85 97 91 52 81 21 3 14 9 47 85 9 36 18 4
58 15 39 92 22 68 12 53 95 7 32 84 18 80 42 57 19 49 23 84 84 4
59 42 21 55 40 67 66 72 85 29 71 10 89 97 41 53 85 30 40 48 99 2
60 83 16 4 34 24 53 53 71 43 62 4 25 7 44 14 37 73 14 46 99 1
61 69 86 10 84 50 83 99 81 100 15 41 74 91 12 10 11 20 47 60 67 3
62 93 43 13 21 34 100 54 78 31 73 57 59 15 63 73 30 45 78 39 38 4
63 85 86 45 32 98 71 58 9 21 13 69 8 90 37 94 87 40 24 89 5 1
64 38 31 6 89 83 40 51 98 43 23 93 10 2 22 28 3 13 96 94 3 4
65 16 55 65 94 13 32 70 71 76 21 31 31 30 12 42 89 73 3 35 63 4
66 56 60 21 82 77 13 42 35 15 63 93 21 97 35 1 30 55 18 27 80 4
67 65 22 25 36 86 51 46 65 41 6 96 65 18 37 2 38 53 54 35 15 4
68 52 19 72 10 85 92 5 83 21 12 27 31 87 68 86 95 72 23 57 51 2
69 77 85 69 31 70 70 62 16 57 92 97 72 27 16 34 47 8 6 96 98 4
70 12 89 93 31 65 74 46 16 66 35 10 12 3 23 63 12 44 57 62 95 2
71 90 21 75 55 59 90 52 24 22 86 25 8 76 65 36 21 6 55 8 7 4
72 32 93 13 48 85 94 58 41 62 16 49 71 86 32 55 94 36 73 38 97 4
73 9 34 1 37 94 39 94 42 19 36 62 34 93 21 100 87 74 10 13 86 4
74 38 35 46 57 63 80 79 2 39 31 36 22 54 22 91 66 28 66 60 79 3
75 89 32 22 74 54 17 87 59 31 58 56 44 36 3 55 59 68 20 14 65 1
76 61 18 42 64 22 11 11 57 14 72 71 7 9 100 27 59 97 82 83 92 3
77 28 54 1 41 73 27 46 14 58 64 76 41 73 69 33 60 35 62 37 78 4
78 23 84 12 62 8 41 97 19 54 37 39 30 3 7 38 97 81 28 59 87 3
79 63 10 15 80 76 59 28 29 32 93 30 97 27 33 9 30 27 78 17 34 2
