4 80
2265 2089 2047 2205 
0 83 5 60 23 36 42 21 60 93 28 43 57 87 54 72 55 36 83 87 61 4
1 4 57 12 100 21 34 37 69 77 58 82 71 6 71 28 21 91 59 29 88 2
2 9 83 10 54 18 24 19 95 94 97 93 72 23 47 58 49 45 48 25 77 1
3 21 32 98 79 74 25 59 80 68 60 99 12 37 45 7 16 66 85 28 77 3
4 55 61 23 12 100 62 68 13 22 44 97 98 32 35 56 91 84 38 24 1 1
5 78 59 79 13 87 60 96 14 20 18 54 88 95 78 73 18 36 72 61 84 1
6 11 70 59 97 8 23 64 50 33 90 49 96 32 47 40 71 47 21 86 27 1
7 69 97 9 35 50 74 82 12 18 88 80 75 13 79 46 11 73 27 16 88 4
8 96 38 48 5 9 71 61 38 36 15 3 94 49 67 35 69 100 12 73 74 2
9 36 35 4 90 65 36 33 91 67 41 68 4 77 1 100 11 34 31 91 63 4
10 84 61 69 7 61 46 46 92 46 86 96 43 85 88 27 82 89 5 25 1 1
11 96 60 61 71 33 81 6 92 88 14 5 48 7 45 62 61 9 17 36 81 3
12 68 29 29 72 89 22 50 65 21 7 54 70 79 67 5 18 9 4 83 6 3
13 39 77 88 16 28 62 69 1 14 26 13 17 90 4 49 25 76 81 67 33 3
14 36 66 1 92 73 27 46 53 64 47 57 13 39 87 66 32 66 9 4 9 1
15 93 50 46 72 98 95 43 17 12 18 74 99 26 34 49 57 83 61 27 69 4
16 67 82 20 61 64 47 17 34 17 2 15 76 73 65 36 96 5 44 100 6 2
17 43 33 80 20 16 14 53 9 18 71 2 22 47 29 34 93 68 22 78 22 4
18 16 70 52 93 89 15 25 30 97 7 69 100 92 77 6 80 36 9 41 46 3
19 55 47 51 14 40 88 36 55 51 73 61 18 95 6 58 79 46 83 71 36 1
20 23 54 19 61 16 67 12 74 18 70 46 71 89 90 91 57 79 97 76 60 3
21 64 93 25 59 85 26 38 92 65 57 11 58 36 97 31 18 39 97 44 95 4
22 17 5 62 56 14 14 67 65 22 29 18 54 6 27 91 22 9 77 48 77 3
23 77 24 62 98 54 81 47 55 75 42 43 20 74 68 99 22 33 34 80 95 2
24 22 82 67 100 11 19 56 37 87 57 42 75 86 59 74 87 16 67 88 51 2
25 100 85 64 100 37 14 1 29 43 68 59 14 84 84 39 87 72 75 1 29 1
26 97 43 18 78 46 12 75 55 68 37 13 47 60 57 73 22 20 95 44 28 2
27 73 77 41 7 2 46 70 84 82 54 83 63 33 55 78 8 12 100 66 5 4
28 7 75 20 97 32 20 37 42 36 2 41 91 33 99 97 13 43 73 26 46 1
29 42 32 50 11 67 81 75 52 4 4 13 20 50 93 32 70 21 18 60 68 4
30 22 83 87 13 59 44 24 74 16 73 34 25 20 34 30 13 77 5 56 95 4
31 25 85 50 71 82 58 15 36 14 38 42 66 29 69 8 43 47 65 4 39 4
32 29 85 66 15 94 46 31 76 24 11 71 62 82 26 99 34 20 11 33 38 1
33 44 90 89 81 33 63 70 54 93 85 64 40 54 99 7 32 42 40 66 17 1
34 17 93 65 92 22 90 78 89 36 71 21 8 28 84 91 58 80 86 84 56 3
35 66 90 35 17 95 51 56 86 29 66 40 66 93 20 6 96 19 88 10 56 1
36 42 93 79 76 7 58 44 33 39 85 28 1 39 31 30 21 92 69 56 52 1
37 12 86 73 52 25 19 78 85 51 67 81 9 53 63 1 50 99 96 8 69 3
38 92 85 44 28 97 70 41 5 34 54 34 16 44 47 12 46 12 53 80 94 1
39 25 76 89 34 54 93 18 43 74 57 37 14 63 97 55 77 33 50 50 54 2
40 17 4 14 79 18 53 23 28 39 72 10 58 39 68 27 58 45 69 54 61 2
41 91 43 47 25 12 100 76 82 24 37 99 91 4 49 56 66 88 64 70 65 1
42 15 11 43 78 72 36 100 95 66 61 9 60 18 82 54 16 73 2 33 49 1
43 52 95 97 25 41 48 94 78 36 53 93 85 57 87 73 74 56 39 72 66 4
44 84 32 92 11 1 89 9 68 51 40 15 36 64 67 66 64 13 7 9 2 3
45 100 80 13 82 25 85 38 87 71 68 32 19 29 59 98 21 61 62 49 11 1
46 10 7 90 45 71 84 51 14 63 7 17 90 82 98 68 2 81 70 17 67 3
47 54 79 30 53 15 36 91 10 90 9 35 20 90 2 59 2 30 21 64 26 4
48 18 32 38 71 51 1 71 40 23 94 88 35 5 45 58 66 75 89 16 5 4
49 23 37 99 48 76 58 52 69 56 20 44 81 18 59 21 72 51 82 17 54 1
50 100 48 9 82 17 17 26 51 93 58 67 29 76 97 5 98 9 87 86 60 4
51 24 41 8 40 1 30 93 29 54 33 4 97 18 53 50 5 26 48 1 29 2
52 96 90 9 25 21 59 42 94 52 98 16 97 77 70 89 58 93 64 2 61 1
53 74 81 43 44 11 6 88 69 60 33 68 30 14 26 13 83 66 12 92 84 3
54 65 70 34 36 2 11 71 77 4 36 8 17 1 42 68 48 81 77 50 45 4
55 95 65 52 3 8 42 57 80 18 6 27 83 19 22 33 97 53 78 63 93 2
56 24 58 44 5 65 59 77 14 50 20 85 41 61 3 93 64 7 41 32 9 3
57 89 40 74 78 58 17 35 63 18 62 94 90 32 93 73 75 8 59 4 72 1
58 37 65 14 56 98 38 75 21 52 84 87 92 66 49 2 84 25 84 44 40 1
59 100 63 13 90 25 8 38 35 39 39 6 88 47 67 76 4 96 40 26 8 3
60 9 14 30 32 50 51 79 69 34 83 15 47 75 94 78 60 46 46 64 45 4
61 19 48 60 46 100 45 41 43 52 36 48 95 23 11 38 61 50 5 11 45 1
62 67 33 95 11 16 98 36 76 7 87 97 47 19 40 15 1 60 85 74 98 2
63 55 84 15 22 68 61 28 99 22 98 82 68 1 5 59 13 42 46 85 41 1
64 80 41 56 99 25 50 1 8 42 1 17 46 17 5 76 33 41 81 14 90 1
65 6 69 63 8 11 46 60 93 1 71 74 87 99 75 56 65 38 25 43 53 4
66 22 30 79 52 43 83 8 5 27 72 94 8 91 35 61 57 53 69 83 84 1
67 47 56 7 70 68 77 28 91 64 89 7 11 33 67 67 29 27 77 93 40 1
68 90 97 10 88 23 70 43 61 57 40 90 55 24 84 26 82 10 1 28 83 2
69 39 3 39 49 32 96 32 34 95 30 80 3 63 30 51 57 65 92 68 60 1
70 66 7 47 57 19 100 100 42 53 15 15 21 9 57 98 86 77 51 13 24 3
71 68 55 53 89 37 16 30 50 19 18 50 66 56 79 43 76 37 96 69 34 3
72 10 91 91 46 63 92 36 47 66 25 89 77 2 50 45 90 38 92 53 8 2
73 87 84 87 87 80 89 80 92 15 98 86 68 22 50 4 49 2 90 50 44 3
74 24 69 40 91 57 14 73 36 96 39 39 24 67 66 45 24 34 30 31 9 3
75 23 66 56 8 88 51 21 93 12 91 9 28 53 16 37 32 98 20 7 52 4
76 35 20 16 66 96 5 77 51 85 70 80 54 12 6 26 44 6 24 76 86 3
77 62 24 43 11 15 97 88 84 30 33 68 89 74 38 79 10 86 59 4 79 1
78 97 38 86 16 74 95 71 65 36 89 59 7 28 13 57 87 67 98 56 6 4
79 17 12 69 82 30 61 82 31 77 83 40 90 83 76 67 89 75 81 47 25 3
