4 80
3214 3339 3316 3403 
0 39 1 16 19 92 38 69 56 30 70 43 55 77 80 80 92 86 83 40 12 2
1 96 65 4 8 21 42 29 77 27 45 86 28 48 70 44 58 52 91 48 40 4
2 73 27 82 98 82 68 91 47 78 30 33 79 82 60 85 9 25 97 69 39 3
3 85 32 62 79 38 33 23 80 1 3 35 10 20 13 23 36 3 69 11 89 3
4 99 37 67 80 44 30 12 81 39 24 36 10 32 54 96 18 91 4 64 15 1
5 90 67 91 21 99 68 8 22 47 4 13 93 57 26 11 10 49 14 69 89 1
6 19 2 75 29 24 55 72 82 97 5 8 61 79 6 66 22 58 55 89 6 1
7 69 21 1 59 42 6 82 44 80 66 25 19 47 84 45 68 15 66 13 93 2
8 76 34 28 1 81 67 41 42 76 14 60 20 62 89 68 59 11 1 17 82 2
9 76 51 44 6 5 52 73 7 62 99 71 37 7 33 17 92 77 26 5 40 2
10 100 41 85 87 77 26 62 72 29 29 92 8 61 9 77 23 20 46 87 31 3
11 100 20 73 31 37 41 10 52 24 7 89 39 41 8 63 67 77 57 30 30 4
12 28 65 89 16 49 58 10 9 61 84 70 61 71 90 66 3 38 49 26 99 1
13 19 65 60 4 8 50 49 97 93 36 72 20 32 61 42 25 73 87 46 9 4
14 64 54 29 88 1 15 74 49 79 26 47 84 42 93 96 72 90 75 50 24 2
15 93 78 38 100 90 23 35 37 14 72 2 37 86 1 39 82 51 41 15 45 2
16 35 34 88 21 32 7 85 94 78 20 6 63 46 79 87 100 72 81 69 33 3
17 27 13 56 8 92 2 29 97 85 51 71 20 64 25 96 96 91 87 34 98 1
18 100 82 36 5 73 19 9 42 61 27 37 55 36 38 10 63 50 79 34 14 1
19 35 59 31 34 20 100 16 75 21 40 35 43 24 44 20 80 93 12 12 19 1
20 67 50 63 57 60 63 56 70 43 21 15 75 84 4 48 8 16 3 9 57 1
21 92 17 53 83 13 50 66 8 86 44 22 36 22 44 67 22 34 85 65 86 4
22 9 77 62 28 6 86 59 37 26 4 57 43 34 15 96 87 36 15 65 64 3
23 17 88 10 62 2 45 87 19 95 48 93 84 53 46 33 81 61 65 51 9 3
24 42 86 87 4 31 23 76 41 19 26 70 45 36 39 57 28 84 73 77 10 1
25 4 25 68 48 41 62 5 77 65 91 42 37 25 24 98 66 18 48 70 25 2
26 5 51 34 94 62 28 83 71 67 69 13 37 39 70 48 5 17 92 50 93 2
27 21 53 81 91 50 30 10 60 24 5 16 67 58 85 71 100 12 77 88 79 1
28 91 43 4 65 8 88 21 10 95 66 42 43 12 20 61 62 75 74 19 64 2
29 34 92 50 63 59 41 75 12 83 38 33 80 54 96 10 33 6 39 30 27 3
30 18 55 91 85 55 16 28 46 17 32 53 23 80 79 55 33 13 57 85 35 4
31 97 29 30 15 54 2 87 80 32 17 96 78 15 52 70 51 35 14 21 52 4
32 41 73 78 3 6 34 35 64 5 43 51 22 10 86 3 46 73 51 35 16 2
33 24 82 61 73 5 63 50 46 61 89 98 88 93 90 38 30 5 14 99 19 2
34 97 77 53 76 10 74 58 73 5 7 75 85 37 26 50 86 33 75 23 95 2
35 90 86 51 21 19 47 80 82 75 24 66 24 25 2 86 83 50 84 23 16 2
36 62 65 99 48 27 30 64 5 68 90 34 47 13 40 3 82 54 8 66 66 3
37 8 58 69 24 21 91 82 57 32 13 38 68 79 97 71 52 54 53 42 53 3
38 84 17 28 52 81 94 33 29 47 59 55 5 21 60 34 13 67 31 67 71 4
39 49 96 13 46 78 5 34 63 88 41 92 76 52 13 8 74 99 46 6 53 4
40 49 20 54 95 58 69 55 44 21 10 23 71 74 44 65 28 31 73 14 89 4
41 91 99 55 73 12 56 76 30 25 93 92 49 52 11 30 49 34 7 27 9 2
42 3 87 31 46 68 12 96 71 21 97 86 1 25 20 64 51 79 58 78 44 3
43 80 35 25 57 69 88 14 10 23 9 26 86 64 12 88 41 61 74 43 94 4
44 36 80 44 59 53 37 61 16 21 14 85 27 48 1 93 42 98 92 17 69 1
45 8 88 21 90 33 93 46 95 47 40 8 52 71 25 77 27 33 38 53 43 4
46 14 83 94 21 75 60 55 98 12 59 49 5 70 90 26 81 14 54 12 8 1
47 42 35 18 17 3 92 79 74 97 90 13 44 89 68 80 3 66 71 64 2 3
48 98 76 18 7 31 45 51 76 87 37 72 92 93 41 85 37 30 23 46 20 4
49 79 37 55 48 32 58 8 77 93 76 64 51 69 92 3 96 3 46 92 25 2
50 36 8 45 42 53 77 62 19 37 48 25 15 91 18 1 61 83 50 16 91 3
51 96 53 88 52 81 42 65 41 11 73 17 59 40 21 84 90 31 38 22 17 1
52 20 58 33 93 45 27 58 62 2 45 65 69 92 45 69 5 34 46 80 46 1
53 18 65 87 28 63 90 32 53 39 67 26 40 29 8 99 92 26 41 5 41 2
54 61 74 30 40 98 15 67 81 65 39 91 3 55 7 59 36 67 87 48 9 3
55 67 73 16 11 72 50 29 88 49 86 30 3 59 30 57 64 46 7 85 61 1
56 20 82 40 37 53 83 73 38 56 49 88 80 63 51 89 42 78 49 90 73 3
57 9 4 94 42 70 89 55 27 56 98 77 69 59 39 2 21 81 8 60 36 1
58 1 9 78 92 54 74 31 57 68 36 65 88 50 84 19 57 17 9 35 34 1
59 92 31 5 50 17 76 30 95 91 28 41 28 53 52 48 11 12 29 32 77 4
60 85 34 6 52 34 71 55 89 55 64 88 20 67 42 3 63 24 5 33 92 3
61 99 100 40 98 80 97 29 95 31 27 12 37 77 33 85 98 65 95 70 13 4
62 11 21 31 99 52 78 72 56 48 28 56 57 97 76 67 66 69 64 67 44 3
63 59 24 19 70 72 9 32 47 64 19 23 53 36 4 52 65 13 61 60 100 1
64 40 13 16 71 93 22 61 80 89 35 61 12 39 11 77 23 100 1 98 47 1
65 14 1 63 40 11 78 68 17 79 83 98 70 93 21 96 31 64 10 4 84 1
66 6 54 71 76 35 7 92 29 8 90 47 99 72 83 93 19 5 22 4 25 2
67 15 72 75 86 36 1 4 7 47 45 96 49 92 93 70 73 77 94 11 37 3
68 78 81 98 64 19 54 31 37 76 64 31 88 80 95 2 43 85 82 72 23 3
69 91 7 83 53 84 100 76 38 40 55 10 71 7 47 18 91 95 67 52 54 1
70 6 11 79 53 59 96 40 46 32 9 74 74 78 13 82 93 57 43 56 86 3
71 44 91 29 25 21 60 6 86 72 39 52 67 66 90 57 29 55 34 3 7 2
72 26 91 7 46 79 92 60 47 83 38 79 100 22 38 22 47 20 98 18 25 3
73 23 24 15 27 16 29 8 32 39 2 49 27 26 74 90 99 36 94 78 36 1
74 72 45 88 67 5 90 21 12 13 42 83 31 89 64 54 27 59 45 31 33 1
75 59 54 92 96 24 47 57 89 73 21 17 93 59 56 54 74 41 44 92 88 3
76 39 40 20 86 100 33 81 71 71 80 6 13 57 80 69 66 60 27 65 91 1
77 38 8 11 95 83 81 56 68 69 79 2 47 6 71 25 88 84 3 59 54 2
78 61 78 50 56 38 35 35 13 64 54 66 40 45 50 53 89 26 39 92 77 2
79 29 4 89 82 42 61 2 31 94 45 20 34 67 9 89 59 68 13 58 28 4
