4 80
3189 3206 3090 3427 
0 31 21 49 39 68 58 86 76 12 100 23 40 82 89 68 95 4 1 62 94 4
1 61 51 38 28 14 4 91 81 26 42 89 43 74 62 26 53 15 56 26 5 2
2 39 29 74 64 16 6 51 41 90 9 80 74 41 38 35 77 56 25 25 61 1
3 50 40 58 48 75 65 83 73 21 3 6 97 92 69 54 79 1 99 69 28 4
4 49 39 20 10 90 80 61 51 44 8 24 29 23 73 34 93 10 61 36 25 2
5 91 81 100 90 100 90 109 99 18 100 100 94 38 83 78 20 65 78 7 46 4
6 38 28 93 83 39 29 94 84 36 90 2 45 54 51 49 56 74 77 40 77 4
7 71 61 48 38 24 14 109 99 19 19 99 100 8 18 73 36 73 6 93 93 4
8 19 9 70 60 20 10 63 53 24 39 77 97 82 4 43 39 35 67 47 45 1
9 81 71 57 47 26 16 94 84 2 100 13 14 43 38 71 54 65 64 50 52 4
10 61 51 107 97 62 52 108 98 38 12 65 22 82 71 95 21 11 3 51 13 4
11 36 26 45 35 53 43 62 52 13 89 58 63 24 44 50 98 16 49 58 90 4
12 32 22 59 49 85 75 12 2 53 31 19 76 98 36 64 32 92 53 34 14 1
13 37 27 93 83 42 32 90 80 85 51 21 66 46 27 71 38 22 13 32 82 4
14 47 37 85 75 24 14 62 52 90 94 80 86 74 2 24 23 14 93 93 70 2
15 31 21 71 61 104 94 44 34 14 63 80 58 19 39 33 100 86 17 22 28 4
16 88 78 55 45 21 11 88 78 65 99 69 40 63 44 50 100 41 63 99 19 3
17 66 56 18 8 71 61 31 21 66 17 39 43 14 51 23 73 29 91 4 11 1
18 85 75 32 22 86 76 33 23 17 92 77 12 62 85 47 15 19 35 22 58 4
19 82 72 42 32 11 1 71 61 45 93 29 67 76 27 33 37 24 79 85 59 4
20 67 57 105 95 52 42 90 80 10 83 92 4 49 60 49 83 44 30 87 61 3
21 14 4 107 97 91 81 76 66 74 95 80 27 63 84 60 32 93 94 35 19 4
22 58 48 69 59 79 69 90 80 83 99 10 70 39 33 75 47 25 36 40 52 1
23 102 92 67 57 39 29 104 94 1 83 13 6 4 78 18 69 14 1 4 84 4
24 23 13 74 64 16 6 67 57 73 73 6 84 41 3 39 92 36 35 96 76 3
25 50 40 11 1 71 61 32 22 53 38 21 37 98 21 5 77 35 4 65 49 3
26 47 37 94 84 32 22 79 69 84 54 19 75 89 35 90 26 34 31 27 47 1
27 21 11 62 52 110 100 51 41 52 72 87 71 83 49 82 100 6 49 69 2 3
28 40 30 74 64 101 91 35 25 43 88 78 73 94 10 10 98 72 11 3 23 1
29 42 32 107 97 79 69 52 42 19 84 22 57 12 37 80 30 8 68 34 59 2
30 40 30 62 52 77 67 99 89 99 93 4 83 16 86 3 79 42 79 15 98 2
31 51 41 96 86 48 38 101 91 90 18 98 43 42 48 98 90 73 39 61 32 4
32 32 22 11 1 97 87 84 74 22 1 49 78 63 38 91 16 71 57 96 23 4
33 109 99 54 44 106 96 51 41 31 1 31 62 20 93 15 33 40 9 96 79 2
34 79 69 74 64 60 50 55 45 95 26 55 39 56 33 28 23 31 92 30 26 3
35 77 67 14 4 50 40 87 77 53 78 92 93 92 30 15 27 59 19 85 90 1
36 16 6 39 29 53 43 76 66 73 61 98 65 19 71 49 16 36 67 67 16 2
37 106 96 42 32 79 69 15 5 91 64 69 99 89 53 34 50 35 14 67 36 3
38 25 15 100 90 66 56 41 31 29 6 8 99 61 99 92 11 32 67 78 91 4
39 61 51 57 47 46 36 42 32 58 77 91 61 70 10 15 91 14 90 97 24 2
40 68 58 75 65 81 71 88 78 79 75 84 97 4 77 75 93 44 48 75 90 2
41 49 39 37 27 34 24 30 20 83 65 53 34 98 70 16 43 33 45 14 50 4
42 103 93 69 59 36 26 94 84 32 38 53 34 75 85 41 33 48 29 70 97 1
43 58 48 19 9 79 69 40 30 80 68 6 23 36 56 11 47 32 3 30 45 2
44 27 17 78 68 36 26 87 77 11 15 83 16 26 11 50 26 54 81 21 26 3
45 67 57 20 10 64 54 17 7 17 67 60 100 18 55 33 40 81 7 91 11 2
46 82 72 56 46 39 29 13 3 9 39 72 30 82 25 43 40 48 96 58 29 1
47 55 45 48 38 32 22 25 15 6 81 87 52 33 65 79 25 49 64 23 96 1
48 80 70 98 88 17 7 35 25 26 9 45 4 83 25 65 68 60 51 89 73 2
49 72 62 17 7 61 51 106 96 33 18 21 54 43 46 49 83 50 41 30 69 4
50 95 85 110 100 24 14 39 29 23 96 47 64 92 50 62 57 94 16 30 96 4
51 98 88 62 52 35 25 99 89 58 78 63 92 77 47 5 24 36 6 74 61 1
52 65 55 108 98 42 32 85 75 63 62 100 62 10 22 89 64 68 7 54 30 3
53 23 13 44 34 72 62 101 91 67 93 20 98 33 9 36 27 66 4 9 12 4
54 11 1 49 39 88 78 18 8 72 3 34 53 100 35 67 28 43 48 89 32 4
55 43 33 11 1 72 62 40 30 54 20 100 16 99 4 72 12 34 73 47 75 1
56 61 51 83 73 106 96 28 18 65 80 90 22 80 38 52 55 25 35 95 32 2
57 73 63 86 76 98 88 103 93 88 37 70 46 31 22 52 33 2 64 10 6 4
58 94 84 73 63 43 33 14 4 27 62 30 10 87 4 100 97 69 59 60 94 3
59 104 94 20 10 29 19 45 35 71 46 99 86 92 99 59 97 51 83 53 24 2
60 97 87 27 17 58 48 88 78 43 20 94 84 7 90 60 58 59 3 68 5 2
61 96 86 61 51 33 23 98 88 89 30 24 33 99 66 6 14 83 98 25 78 4
62 23 13 109 99 88 78 74 64 4 92 37 79 12 28 93 2 46 58 32 84 2
63 87 77 12 2 44 34 77 67 3 58 29 52 9 12 13 89 24 40 35 92 1
64 67 57 97 87 28 18 58 48 22 82 84 13 13 11 30 7 52 51 34 32 2
65 79 69 16 6 44 34 81 71 7 87 55 99 28 61 25 79 63 34 6 79 4
66 52 42 43 33 25 15 16 6 58 4 34 2 1 41 58 30 17 8 93 25 1
67 78 68 23 13 67 57 12 2 47 43 22 91 46 23 35 33 1 91 56 34 3
68 55 45 54 44 52 42 51 41 68 69 35 12 7 61 36 33 50 96 66 93 2
69 27 17 83 73 40 30 96 86 49 39 32 68 45 53 4 43 46 42 48 45 1
70 36 26 71 61 97 87 32 22 47 33 51 66 80 59 7 55 56 17 50 65 4
71 68 58 29 19 97 87 58 48 93 22 80 7 12 57 65 12 69 21 100 89 3
72 107 97 90 80 72 62 47 37 16 77 23 24 42 20 47 4 23 98 9 20 4
73 72 62 109 99 37 27 74 64 52 79 33 51 94 80 45 16 11 33 48 6 4
74 88 78 54 44 21 11 87 77 80 53 14 14 58 93 68 98 18 24 50 39 1
75 58 48 11 1 63 53 24 14 63 11 100 76 56 72 19 22 48 8 84 97 2
76 11 1 54 44 88 78 31 21 17 69 55 37 9 73 34 31 29 38 43 89 2
77 94 84 46 36 99 89 43 33 2 67 98 29 100 70 2 65 62 62 34 44 1
78 90 80 48 38 99 89 57 47 75 35 66 3 11 29 3 52 46 95 29 61 2
79 19 9 75 65 40 30 104 94 9 35 57 64 30 25 4 56 40 39 70 8 3
