4 80
2091 2165 2023 2281 
0 55 57 32 75 8 94 93 12 35 94 23 22 100 99 36 65 39 68 89 97 3
1 4 57 12 92 29 26 37 69 53 40 20 6 74 81 22 47 26 31 46 52 1
2 73 3 82 82 82 52 91 23 27 92 16 47 20 74 43 17 75 85 31 84 4
3 85 28 70 83 46 29 23 76 86 42 78 65 1 58 25 68 5 61 3 12 2
4 83 81 59 32 28 74 96 25 6 39 87 42 100 17 60 67 22 84 88 28 1
5 18 55 27 1 35 56 44 2 32 94 74 99 11 16 56 56 53 47 81 67 2
6 99 58 55 85 4 11 52 38 88 73 34 71 21 53 14 100 65 31 7 24 2
7 77 81 9 19 50 58 90 96 32 5 67 90 13 10 25 82 9 75 59 99 3
8 60 82 12 57 65 23 25 90 43 20 69 74 83 22 28 83 2 64 28 100 2
9 20 31 80 78 49 32 9 87 76 92 31 39 38 47 55 80 45 94 49 75 2
10 76 21 69 67 53 6 46 52 36 26 24 62 12 98 87 67 61 69 68 64 3
11 40 76 13 87 77 97 50 8 10 31 15 60 17 71 25 88 7 17 50 61 3
12 92 57 53 100 13 50 74 93 82 57 7 40 16 90 2 82 75 68 35 92 3
13 99 29 48 76 88 14 29 61 49 94 48 65 32 43 28 6 42 4 47 46 4
14 72 22 37 48 9 83 82 9 78 99 38 22 73 42 32 17 9 15 30 33 2
15 97 94 50 8 2 31 47 53 65 83 31 90 23 4 6 25 64 94 28 65 3
16 87 98 32 85 84 71 29 58 38 22 55 6 46 76 58 38 16 60 59 23 1
17 51 85 88 80 24 74 61 61 23 53 11 58 35 89 22 14 49 36 33 81 4
18 24 14 60 37 97 59 33 74 90 95 30 19 61 71 82 93 31 34 48 9 3
19 15 91 3 58 100 32 88 99 10 22 22 92 99 8 84 99 62 33 41 9 1
20 51 10 47 17 44 23 40 30 40 10 99 38 60 71 80 85 80 59 61 28 4
21 4 85 57 51 17 10 78 76 15 71 29 35 72 88 40 9 19 22 29 78 2
22 21 69 66 20 18 78 71 29 29 52 37 5 11 3 99 63 1 35 97 64 1
23 53 88 46 70 30 45 23 27 87 53 31 46 28 86 73 90 58 78 52 62 3
24 58 26 3 44 47 63 100 81 86 30 81 88 1 59 15 22 75 23 18 43 4
25 44 61 16 76 81 90 53 5 23 46 63 81 91 33 75 79 99 7 12 71 3
26 85 35 14 70 42 12 63 47 5 83 85 85 48 78 90 36 36 71 23 29 3
27 57 85 17 23 86 54 46 92 59 58 89 60 57 13 57 9 1 46 58 13 1
28 15 95 28 17 40 40 45 62 70 47 84 48 75 25 6 91 93 26 43 12 2
29 42 52 58 31 67 1 83 72 51 56 57 70 66 75 36 26 44 86 27 52 1
30 66 47 39 77 3 8 76 38 72 47 66 30 55 87 50 5 28 46 86 65 4
31 81 17 14 3 46 82 71 68 23 13 37 100 89 58 29 44 89 74 59 93 4
32 77 41 6 71 42 2 71 32 51 41 40 39 93 20 100 42 51 3 93 41 1
33 12 98 49 81 93 71 38 54 88 80 92 93 38 47 100 67 92 18 70 92 3
34 73 5 29 4 86 2 34 1 70 65 22 79 78 48 57 81 65 79 92 10 1
35 58 38 19 73 87 99 48 34 50 88 67 89 58 90 31 7 43 21 98 73 2
36 82 57 19 40 47 22 84 97 13 92 2 21 42 37 29 48 78 43 21 95 4
37 60 46 21 12 73 87 34 53 49 3 59 99 54 93 16 5 87 71 66 5 2
38 4 77 48 12 1 54 53 97 37 72 57 63 53 19 68 10 77 35 43 47 4
39 17 16 81 74 46 33 10 91 72 74 12 87 23 36 13 97 54 46 81 74 2
40 97 92 2 67 98 49 3 24 29 98 10 13 4 90 56 98 58 50 26 59 4
41 91 23 47 97 12 80 76 54 46 20 22 99 3 30 83 79 53 14 51 17 3
42 63 27 99 86 28 44 56 11 82 70 14 56 42 74 71 78 47 58 5 62 4
43 96 83 41 5 85 36 30 58 22 9 93 28 34 11 73 77 13 51 22 31 2
44 8 4 16 83 25 61 33 40 13 78 58 74 64 40 65 85 45 94 52 23 2
45 92 76 13 78 25 81 38 75 86 80 97 73 52 98 29 68 3 3 73 72 2
46 58 23 38 61 19 92 99 30 5 44 40 14 73 91 72 48 50 27 15 92 1
47 2 43 86 25 63 100 47 82 6 92 42 2 71 44 49 16 54 74 38 9 2
48 78 64 98 3 19 33 31 64 16 80 65 46 33 49 87 83 15 78 72 4 1
49 95 37 71 48 48 58 24 69 72 4 39 64 71 23 15 95 64 76 70 84 3
50 32 64 41 98 49 41 58 75 35 32 36 51 83 26 68 2 13 1 19 61 2
51 84 85 76 84 69 74 61 73 44 77 7 92 34 80 77 85 91 59 84 12 4
52 88 6 1 41 13 75 26 10 17 11 76 21 89 21 30 7 68 28 41 68 4
53 2 89 71 52 39 6 16 69 30 32 37 94 16 7 76 80 96 89 43 90 2
54 17 14 86 88 54 55 23 21 75 96 14 57 42 22 40 44 81 71 37 41 2
55 67 65 16 3 72 42 29 80 84 82 93 96 66 74 84 72 48 93 91 65 3
56 76 38 96 93 17 47 29 94 80 38 36 45 80 46 86 43 47 65 18 32 4
57 29 8 14 46 98 85 75 31 71 43 79 36 81 68 87 44 62 8 91 69 1
58 9 97 86 80 70 70 47 53 13 10 11 31 27 52 93 30 45 69 20 92 3
59 8 83 21 10 33 28 46 55 29 81 14 31 42 74 59 97 91 72 95 61 1
60 13 50 42 68 62 87 91 13 67 15 97 53 45 56 22 64 93 7 96 79 1
61 71 76 20 74 60 65 1 63 54 10 73 30 36 89 35 41 29 19 6 14 2
62 3 89 23 67 44 54 64 32 12 26 35 10 9 30 25 22 35 82 85 7 4
63 3 60 63 98 16 37 76 83 40 7 66 82 54 97 45 49 14 50 25 49 2
64 100 5 68 63 45 14 13 72 76 81 14 88 62 90 40 88 9 39 96 85 4
65 10 61 59 100 7 38 56 77 41 64 47 10 10 56 20 23 81 31 88 76 1
66 22 18 87 40 51 71 8 93 86 95 84 35 54 87 19 60 75 48 4 93 3
67 63 48 23 62 84 69 44 83 73 66 78 80 41 19 66 46 70 79 64 35 3
68 42 13 62 96 83 86 3 69 52 30 87 99 24 97 27 38 52 99 32 54 2
69 67 55 59 1 60 40 52 86 14 58 67 50 54 39 23 97 48 90 55 48 2
70 46 59 27 1 99 44 80 94 27 77 33 23 59 35 14 70 11 3 13 95 4
71 76 87 61 21 53 48 38 82 23 82 42 30 88 22 58 56 3 33 31 1 1
72 6 95 79 42 51 96 32 43 47 94 19 71 97 30 86 33 24 47 65 85 4
73 23 64 23 67 16 69 8 72 82 33 25 52 79 36 20 77 24 53 14 10 4
74 100 81 16 3 33 26 49 48 99 8 58 48 18 97 86 16 11 1 4 57 3
75 63 18 96 60 28 3 61 45 12 100 73 38 79 6 94 88 85 38 86 96 1
76 83 56 64 2 44 49 25 95 58 85 68 45 13 12 74 58 44 65 33 100 1
77 82 32 55 19 27 5 100 92 41 58 85 31 44 52 1 23 90 9 11 63 3
78 65 18 54 96 42 75 39 45 18 61 14 1 42 75 70 2 79 43 9 46 2
79 57 8 9 86 70 65 30 35 56 74 71 98 43 81 21 24 75 96 51 52 1
