4 80
828 788 736 869 
0 39 29 57 47 76 66 94 84 16 47 64 20 65 99 59 6 13 7 83 25 4
1 49 39 26 16 110 100 87 77 70 81 44 17 23 86 34 50 10 31 100 19 1
2 23 13 58 48 100 90 35 25 69 13 94 66 95 32 59 81 56 97 79 96 3
3 66 56 74 64 91 81 99 89 20 99 62 35 30 98 21 48 1 58 29 87 4
4 53 43 24 14 94 84 65 55 21 12 35 29 25 61 78 60 32 79 87 82 4
5 55 45 64 54 64 54 73 63 26 39 20 90 62 26 41 59 76 54 3 100 2
6 38 28 93 83 39 29 94 84 72 6 90 24 7 87 72 8 31 3 36 74 2
7 43 33 20 10 96 86 81 71 51 20 13 26 92 65 71 27 10 61 12 28 2
8 83 73 26 16 76 66 27 17 97 54 59 53 94 1 3 88 9 33 62 40 3
9 93 83 69 59 38 28 106 96 37 88 88 59 79 61 19 83 43 65 17 29 3
10 37 27 83 73 38 28 92 82 14 55 86 67 50 77 48 41 1 49 23 11 1
11 12 2 21 11 29 19 38 28 78 77 66 18 66 99 61 27 50 74 5 11 4
12 68 58 95 85 29 19 56 46 21 97 30 55 84 93 22 37 82 92 53 41 3
13 13 3 61 51 110 100 66 56 14 69 29 87 18 22 77 9 29 87 62 70 3
14 91 81 29 19 68 58 106 96 27 89 40 36 99 98 30 87 89 74 40 8 3
15 47 37 79 69 20 10 60 50 62 14 78 96 88 60 61 79 99 7 93 62 3
16 88 78 55 45 21 11 96 86 33 37 84 22 12 66 37 50 58 6 95 50 2
17 106 96 66 56 19 9 71 61 74 40 3 60 89 9 19 73 37 31 8 61 4
18 53 43 100 90 54 44 101 91 86 36 8 77 93 54 29 75 24 58 92 74 3
19 102 92 62 52 31 21 99 89 96 73 47 77 3 32 89 46 58 97 9 90 2
20 99 89 45 35 84 74 30 20 35 86 54 89 70 81 31 45 51 77 57 64 4
21 82 72 75 65 59 49 52 42 20 15 30 65 87 99 83 57 77 88 82 21 2
22 30 20 41 31 51 41 62 52 37 35 78 63 41 34 32 79 65 50 74 73 3
23 86 76 59 49 31 21 96 86 67 49 46 56 79 3 13 55 74 42 12 35 2
24 43 33 94 84 36 26 87 77 95 27 34 29 67 1 94 36 12 63 37 74 3
25 30 20 91 81 51 41 12 2 34 88 100 79 62 89 82 97 90 22 43 67 3
26 71 61 110 100 56 46 95 85 63 72 36 38 35 52 80 85 39 84 100 13 4
27 61 51 110 100 50 40 91 81 46 45 27 55 47 92 38 3 63 85 83 72 4
28 64 54 90 80 25 15 51 41 100 82 15 63 75 36 26 83 90 97 40 16 4
29 78 68 51 41 23 13 96 86 60 30 87 16 51 38 49 71 35 71 89 24 3
30 84 74 106 96 29 19 43 33 6 64 24 99 40 7 58 54 79 12 65 32 2
31 59 49 12 2 64 54 109 99 11 36 39 31 56 45 8 36 36 28 4 14 3
32 12 2 99 89 85 75 72 62 40 72 25 29 19 38 36 68 66 48 53 39 3
33 73 63 18 8 70 60 15 5 70 38 25 62 26 68 1 32 20 72 47 50 1
34 103 93 98 88 92 82 79 69 15 84 52 65 6 34 74 77 8 6 9 39 3
35 25 15 62 52 90 80 27 17 1 17 91 17 84 48 85 58 4 80 83 33 3
36 100 90 15 5 37 27 52 42 100 32 63 5 73 82 26 90 88 98 18 85 2
37 38 28 74 64 11 1 47 37 35 77 59 8 27 80 16 79 42 62 2 67 4
38 101 91 68 58 42 32 109 99 14 29 41 99 41 54 79 4 25 86 98 6 4
39 101 91 89 79 86 76 74 64 28 88 22 34 8 57 68 4 47 1 20 94 4
40 84 74 91 81 89 79 96 86 66 45 85 24 6 48 2 61 100 24 84 59 2
41 61 51 57 47 54 44 50 40 89 56 20 82 89 3 32 69 36 55 11 62 4
42 55 45 21 11 88 78 46 36 79 47 44 27 17 21 19 4 55 68 10 67 4
43 110 100 63 53 23 13 84 74 56 16 33 64 31 98 84 4 38 6 81 65 4
44 83 73 34 24 92 82 43 33 80 31 17 31 47 4 56 29 15 8 39 25 2
45 83 73 28 18 80 70 33 23 83 31 85 17 63 87 63 65 24 46 70 7 2
46 46 36 28 18 11 1 85 75 74 82 16 64 20 12 66 90 13 78 67 24 3
47 67 57 60 50 44 34 37 27 36 68 45 97 27 38 5 6 43 14 80 25 4
48 72 62 90 80 109 99 27 17 94 81 73 77 78 79 46 36 46 80 65 23 1
49 24 14 69 59 21 11 66 56 86 8 12 30 63 38 22 3 49 86 65 94 1
50 99 89 14 4 28 18 43 33 7 73 56 86 86 96 69 56 10 79 40 77 1
51 82 72 54 44 27 17 91 81 44 14 63 85 68 84 20 87 30 89 95 39 4
52 41 31 76 66 18 8 53 43 63 44 10 88 46 52 55 58 33 3 14 100 3
53 91 81 20 10 48 38 69 59 58 99 77 60 61 34 61 41 89 21 72 81 4
54 51 41 89 79 28 18 58 48 91 31 59 58 43 80 99 96 17 85 31 71 2
55 63 53 23 13 92 82 52 42 7 13 89 13 59 95 65 10 34 9 28 40 1
56 41 31 63 53 86 76 108 98 91 86 22 51 22 14 88 75 23 68 57 58 2
57 105 95 18 8 30 20 43 33 59 73 90 62 19 92 53 31 80 91 71 37 1
58 82 72 53 43 23 13 94 84 3 67 70 52 95 69 95 29 15 68 50 54 4
59 20 10 28 18 45 35 53 43 75 52 78 30 76 84 41 50 17 42 35 18 1
60 61 51 83 73 14 4 44 34 38 11 2 19 14 21 41 70 24 35 66 58 3
61 88 78 61 51 25 15 98 88 45 54 15 14 98 88 2 90 11 12 6 4 1
62 35 25 21 11 100 90 86 76 8 68 11 97 85 85 31 96 20 50 60 69 4
63 27 17 60 50 92 82 17 7 69 26 61 1 97 45 16 57 60 2 80 92 2
64 83 73 13 3 44 34 74 64 45 16 91 34 54 88 4 7 8 82 16 22 1
65 63 53 92 82 20 10 57 47 4 74 56 14 18 98 72 71 17 4 77 1 2
66 68 58 51 41 41 31 24 14 44 16 93 60 20 20 5 10 92 43 44 58 4
67 34 24 79 69 15 5 60 50 66 74 66 25 82 90 80 14 74 100 86 28 3
68 87 77 86 76 84 74 83 73 55 28 32 68 33 36 59 9 2 88 53 77 1
69 59 49 15 5 72 62 28 18 76 54 35 89 14 63 26 1 4 41 94 64 3
70 36 26 71 61 105 95 32 22 5 91 45 72 32 76 94 41 25 11 29 81 2
71 20 10 89 79 49 39 18 8 7 88 50 92 98 74 18 95 14 20 92 38 2
72 71 61 46 36 28 18 103 93 73 95 18 32 46 10 80 25 62 75 93 98 3
73 32 22 69 59 97 87 34 24 83 15 43 16 46 58 99 40 70 43 94 29 1
74 52 42 18 8 85 75 51 41 96 11 10 13 80 11 58 95 76 87 27 45 1
75 58 48 19 9 71 61 24 14 38 66 35 100 45 80 65 19 98 60 30 21 4
76 63 53 106 96 40 30 83 73 93 62 2 49 4 100 82 23 59 61 24 16 2
77 26 16 70 60 23 13 67 57 86 79 28 68 80 33 25 2 73 18 75 1 3
78 50 40 108 98 67 57 25 15 51 85 55 9 47 65 50 13 81 97 63 6 3
79 71 61 35 25 100 90 64 54 34 60 9 96 35 30 4 38 33 25 55 99 3
