4 80
2105 2171 2083 1907 
0 69 31 46 49 22 68 7 86 44 99 96 82 93 37 79 60 24 11 64 84 4
1 54 3 62 46 79 80 87 23 9 96 100 77 99 67 70 5 65 37 46 70 3
2 91 93 92 64 100 34 1 5 66 71 96 68 1 60 2 61 37 91 56 52 2
3 7 30 84 77 60 31 37 78 97 18 87 38 79 14 67 11 33 53 98 50 2
4 73 75 41 18 10 68 86 19 29 91 85 10 49 74 49 84 11 3 36 94 3
5 44 57 53 3 61 58 70 4 10 22 44 14 98 100 10 53 81 79 42 62 2
6 1 64 57 91 6 17 54 44 7 28 76 22 54 33 75 6 49 38 60 80 1
7 23 35 63 81 96 20 36 58 33 12 14 69 7 6 72 7 8 64 56 6 4
8 78 56 30 31 83 97 43 64 29 21 50 46 23 46 15 90 11 65 86 5 3
9 78 33 46 88 7 34 75 89 58 16 65 17 81 40 5 65 21 83 78 12 2
10 30 91 23 37 7 76 100 22 11 60 63 70 14 84 19 43 32 51 88 75 4
11 22 18 87 29 59 39 24 50 58 20 58 59 90 35 42 64 89 34 76 73 2
12 26 43 87 86 47 36 8 79 9 38 81 25 9 87 6 66 1 55 19 80 3
13 69 99 18 46 58 84 99 31 56 34 98 36 46 65 95 32 64 6 71 77 2
14 54 44 19 70 91 5 64 31 42 14 41 2 55 14 27 33 47 7 25 64 4
15 99 68 44 90 96 13 49 35 79 24 62 75 69 63 89 94 51 1 3 5 1
16 81 36 26 23 78 9 23 96 22 82 89 27 42 16 69 68 56 62 40 65 4
17 97 55 34 50 70 44 7 39 49 15 52 59 11 74 17 91 63 93 3 20 4
18 70 96 6 11 43 33 79 56 63 43 72 64 8 96 76 57 52 99 19 57 1
19 85 65 73 40 70 6 58 81 64 52 40 61 24 28 39 61 68 55 54 34 1
20 37 36 33 43 30 41 26 48 28 14 51 1 45 41 59 79 11 66 56 73 3
21 38 43 91 1 51 68 12 34 91 23 70 36 55 82 43 73 26 92 41 1 3
22 15 87 68 38 12 96 65 47 100 84 59 70 31 42 83 30 91 64 95 19 4
23 15 2 8 84 92 59 85 41 32 39 44 57 67 87 83 24 23 43 52 41 1
24 44 100 89 18 33 37 78 55 30 33 58 73 20 94 46 2 7 71 59 66 4
25 18 19 90 34 55 48 27 63 70 11 81 86 46 14 45 90 100 35 11 68 4
26 91 89 20 24 40 66 69 1 83 32 14 1 72 55 95 10 19 39 72 60 3
27 15 31 75 69 44 100 12 38 23 80 28 16 83 65 51 79 9 55 17 14 4
28 57 85 70 7 82 30 95 52 74 94 22 90 46 24 65 54 65 74 15 85 4
29 92 42 8 21 17 91 33 62 98 9 74 37 59 99 68 44 77 31 69 38 4
30 48 69 13 99 85 30 50 52 89 37 87 65 11 96 36 3 7 16 86 93 2
31 3 55 36 33 60 20 93 6 39 79 62 57 46 50 98 97 79 41 77 33 3
32 7 63 36 93 72 24 1 54 60 30 45 91 16 81 23 79 61 41 41 79 3
33 82 44 19 27 63 17 8 8 19 62 83 32 24 99 66 13 84 11 35 30 4
34 91 99 47 98 4 96 60 95 62 43 67 19 96 18 88 11 86 51 6 40 4
35 8 68 77 95 37 29 6 56 71 64 77 12 34 63 94 55 27 68 40 50 1
36 12 79 49 62 77 36 14 19 3 46 8 25 34 87 45 1 37 36 30 74 1
37 86 20 47 86 99 53 60 19 17 20 40 31 1 69 63 51 15 47 85 90 1
38 98 31 50 74 95 8 47 51 96 45 85 48 90 66 23 67 20 60 10 56 4
39 67 42 31 100 96 59 60 17 18 42 94 71 27 24 39 35 64 44 40 24 3
40 7 98 12 73 8 47 13 22 91 82 30 70 43 34 15 22 18 33 8 61 2
41 41 29 97 11 62 86 26 68 29 20 60 65 99 32 73 71 66 25 48 37 4
42 93 69 21 28 50 94 78 53 42 80 41 66 41 47 4 45 96 9 88 29 1
43 74 89 19 19 63 42 8 72 86 50 2 46 73 22 64 10 8 87 50 16 1
44 42 18 50 97 59 75 75 54 21 63 96 44 43 17 47 49 70 17 100 21 1
45 50 78 63 80 75 83 88 85 87 34 59 13 6 2 84 94 76 56 68 12 4
46 80 69 68 99 49 38 29 76 16 36 56 28 82 35 11 38 77 6 55 41 1
47 24 65 8 39 85 22 69 96 75 52 75 14 12 36 99 100 79 79 53 25 4
48 52 2 64 33 85 71 5 2 14 100 20 34 59 77 65 74 46 20 64 35 3
49 9 87 85 98 62 8 38 19 99 17 13 99 30 55 84 12 32 75 60 26 2
50 66 10 75 44 83 79 92 13 92 59 95 23 51 49 99 78 5 50 92 85 4
51 54 63 46 62 39 52 31 51 73 87 66 8 67 100 68 51 75 10 69 32 1
52 38 44 51 87 71 21 84 56 84 81 97 39 32 40 33 54 19 46 77 71 4
53 84 31 53 94 29 56 98 19 24 66 46 37 78 12 28 17 81 27 16 20 3
54 91 96 60 62 28 29 97 3 78 38 9 58 73 54 88 15 29 42 32 72 2
55 77 19 34 57 90 96 47 34 73 25 42 27 38 59 57 51 23 62 39 91 3
56 50 48 70 3 91 49 3 4 84 92 29 28 65 40 33 61 60 25 96 45 2
57 59 70 44 16 28 55 5 93 39 66 33 15 30 4 9 59 12 65 26 49 4
58 23 35 100 18 84 100 61 83 66 80 32 50 63 62 87 23 85 42 45 12 2
59 58 73 71 100 83 18 88 45 37 30 48 78 61 43 84 58 49 28 71 71 1
60 11 32 32 50 60 69 81 87 1 73 6 33 35 45 15 9 26 5 20 63 4
61 41 62 90 60 30 59 71 49 47 45 44 33 43 11 19 76 76 90 29 83 4
62 85 11 5 89 26 76 46 54 13 28 24 32 81 43 45 9 81 21 75 59 3
63 29 22 89 60 42 99 2 45 9 3 42 72 18 72 16 88 49 44 53 74 2
64 90 23 66 81 35 32 11 90 7 80 79 83 27 96 96 75 64 15 94 57 3
65 12 15 61 54 9 92 58 31 15 5 55 89 53 33 24 84 14 86 7 48 3
66 72 24 37 46 93 77 58 99 8 88 46 99 33 49 98 16 26 76 31 43 2
67 5 98 65 12 26 27 86 41 88 78 12 91 47 30 10 76 36 72 95 21 3
68 16 51 36 42 57 24 69 15 20 95 43 94 96 92 73 14 10 20 88 65 3
69 53 33 53 71 46 18 46 64 51 31 72 7 25 5 57 50 19 84 15 36 1
70 60 37 33 79 13 22 86 64 50 84 96 50 9 39 57 16 27 54 20 55 2
71 22 17 7 51 99 86 84 20 7 30 40 94 42 33 83 87 3 68 61 36 4
72 4 97 85 44 57 98 38 45 51 94 19 57 73 14 10 31 63 50 33 62 4
73 9 74 1 77 2 79 94 82 26 3 73 99 44 83 91 98 50 61 76 14 2
74 66 79 82 1 99 24 15 46 19 9 53 22 79 61 39 93 25 86 91 7 4
75 93 88 26 38 58 81 91 23 50 75 9 69 19 14 54 69 8 43 28 13 4
76 5 42 94 80 74 27 55 73 56 34 48 2 17 46 19 66 75 90 4 43 1
77 72 78 45 65 17 51 90 38 54 21 25 2 59 92 44 27 2 84 27 89 1
78 27 24 16 2 12 81 1 59 65 41 72 32 52 39 31 99 67 4 99 77 3
79 83 14 43 84 96 63 56 33 59 43 54 75 11 63 92 8 68 21 82 43 4
