4 80
2039 1935 2043 1975 
0 57 67 76 85 8 4 19 22 6 100 28 96 88 25 1 42 4 98 54 38 2
1 39 35 78 70 12 12 51 47 90 6 100 68 96 97 57 93 37 98 16 46 2
2 16 13 80 84 55 54 19 25 83 61 27 92 53 47 77 23 26 63 57 4 2
3 17 26 76 81 25 27 92 82 72 48 72 16 66 93 68 57 30 20 2 23 4
4 70 67 24 18 62 60 8 11 35 46 39 38 31 6 35 93 50 67 45 92 1
5 99 93 46 39 101 94 48 48 83 92 34 43 61 22 56 2 17 25 46 80 4
6 65 64 86 91 15 17 36 44 14 78 27 57 27 62 61 11 77 78 95 36 3
7 44 39 74 77 14 16 44 54 70 84 8 52 29 70 29 95 3 44 80 25 4
8 11 8 75 75 31 41 16 16 39 12 40 97 94 33 84 99 37 12 31 26 1
9 95 85 46 40 89 94 32 41 93 60 63 49 11 100 75 47 69 5 100 89 1
10 71 79 20 17 69 64 1 2 30 65 15 86 6 40 63 99 62 6 49 95 3
11 91 90 1 1 9 11 15 22 10 7 20 10 25 87 66 7 7 95 46 10 1
12 35 31 84 74 18 24 67 67 61 89 32 59 16 40 55 35 29 40 60 66 4
13 13 19 55 58 3 4 53 43 87 12 80 57 32 57 80 54 85 95 79 20 4
14 60 60 90 86 28 21 50 47 58 99 77 49 21 87 9 89 29 17 98 16 3
15 18 16 42 38 58 53 74 75 97 81 68 55 15 99 59 96 31 61 74 61 2
16 83 92 76 79 51 57 44 44 30 95 45 76 23 78 27 8 93 40 52 55 1
17 49 59 62 54 52 48 44 43 56 16 80 90 74 58 3 36 87 27 47 34 2
18 80 80 9 3 9 17 38 40 63 6 91 59 22 52 58 19 86 4 10 17 3
19 62 65 43 40 3 6 84 81 54 99 50 91 70 62 94 46 84 29 15 68 1
20 59 60 72 67 64 73 77 80 68 80 15 43 56 20 14 8 34 70 72 16 3
21 31 23 88 89 50 48 7 14 82 41 73 34 17 44 76 25 40 64 66 62 3
22 48 39 90 90 46 48 96 99 54 1 13 72 27 12 82 79 26 73 58 73 3
23 40 30 20 12 84 87 64 69 85 88 24 11 84 95 62 11 80 91 52 52 1
24 69 68 86 86 3 5 20 23 16 97 22 68 32 15 46 19 20 10 21 49 4
25 89 87 2 2 7 16 41 31 92 93 55 6 38 81 27 29 67 25 81 74 2
26 45 37 81 72 23 14 51 49 11 74 1 57 14 3 57 7 74 85 20 77 1
27 63 59 89 97 30 28 69 66 7 81 16 34 55 77 49 62 61 91 99 24 1
28 62 53 77 75 92 98 28 20 87 95 21 91 13 50 88 19 32 76 2 85 3
29 6 2 75 73 52 43 29 22 77 48 71 42 55 20 25 64 29 44 30 99 4
30 3 13 35 43 80 74 12 4 79 16 3 56 49 27 60 77 36 11 99 70 4
31 62 55 45 41 12 20 16 6 45 49 95 75 34 95 93 4 12 27 62 36 4
32 87 79 16 9 37 40 66 70 17 54 96 70 6 22 84 37 91 40 87 45 2
33 19 20 16 11 1 1 74 84 29 39 35 81 16 5 9 98 1 12 77 96 1
34 24 31 39 38 46 36 45 35 4 6 31 75 35 88 40 96 71 15 38 68 3
35 14 8 40 43 69 69 1 4 78 50 76 89 93 26 59 22 52 15 14 48 2
36 30 31 1 6 89 88 59 63 32 12 49 21 49 91 77 78 58 89 50 20 4
37 50 60 20 26 98 93 68 59 32 19 82 24 82 45 2 26 19 65 40 18 2
38 25 19 72 62 103 96 29 39 99 57 76 52 24 9 63 13 89 40 67 19 1
39 54 62 14 12 63 71 23 29 71 85 76 1 18 63 46 89 52 25 11 100 4
40 56 50 28 25 98 99 78 82 94 15 43 72 73 12 74 48 81 23 73 99 2
41 18 17 92 91 68 66 42 48 48 59 43 50 47 45 61 40 84 93 99 12 3
42 71 81 38 40 97 98 64 65 42 75 97 45 16 2 72 23 21 80 90 98 4
43 6 13 45 35 71 66 97 88 37 55 87 66 49 18 14 84 70 76 54 26 1
44 90 90 60 69 51 47 29 26 71 59 92 22 23 4 14 75 65 71 68 15 2
45 15 14 16 8 17 11 18 13 54 88 93 61 64 96 37 86 86 91 83 28 2
46 74 81 10 19 48 58 105 96 29 19 5 38 84 96 40 62 15 90 71 77 3
47 80 77 61 51 39 34 1 8 29 2 75 80 7 77 97 64 41 9 87 68 3
48 93 86 35 25 48 55 103 94 10 52 83 24 10 53 68 26 5 78 27 87 4
49 82 87 88 98 15 8 29 27 38 22 19 32 11 70 8 23 94 48 3 49 1
50 66 74 1 8 51 43 91 85 65 67 34 47 34 42 12 96 41 48 25 21 3
51 56 55 48 54 53 44 45 43 59 14 92 10 84 40 92 56 33 98 69 72 2
52 37 32 62 67 6 1 31 36 1 56 19 6 80 7 27 27 7 61 100 61 3
53 81 91 44 54 26 16 76 79 97 44 73 8 97 55 99 93 42 59 75 14 1
54 47 56 12 22 106 97 71 63 83 67 83 77 70 30 69 58 17 36 98 34 2
55 40 43 74 81 29 20 47 50 27 20 70 80 30 93 33 94 2 51 40 16 2
56 32 40 88 95 44 41 87 96 19 48 40 28 20 28 71 33 63 30 29 38 2
57 1 2 41 40 86 79 18 25 75 28 93 23 99 87 85 82 26 7 90 24 3
58 20 19 1 2 76 84 76 67 49 90 44 52 75 96 77 1 3 26 67 2 2
59 47 41 78 68 86 94 9 13 83 27 18 4 6 58 82 60 25 64 67 56 4
60 54 56 70 74 99 93 15 11 2 43 84 73 4 92 27 71 72 12 66 81 2
61 93 90 92 88 91 87 90 85 35 1 50 66 13 27 19 14 27 85 63 1 1
62 16 11 92 89 78 76 54 54 26 1 57 5 19 6 51 93 6 56 23 53 4
63 89 82 29 20 63 59 103 97 44 98 100 63 78 2 10 91 98 68 33 79 3
64 81 75 18 25 78 84 36 34 69 32 66 18 54 71 51 59 55 34 21 76 1
65 9 11 53 50 82 88 26 27 3 58 85 47 33 52 67 44 1 67 71 67 2
66 3 8 20 30 58 61 75 83 25 29 84 91 12 71 68 14 85 34 52 96 4
67 49 54 73 68 78 83 102 97 64 3 12 18 87 22 83 50 66 23 10 85 4
68 69 79 80 70 62 52 44 35 9 4 53 4 38 96 60 27 18 46 36 3 3
69 100 93 39 31 75 78 22 24 52 86 79 52 93 1 15 60 78 100 99 69 4
70 82 89 33 31 84 74 6 16 21 87 73 9 17 57 39 86 100 55 63 34 3
71 84 93 33 27 61 62 89 96 57 73 73 52 34 69 63 56 14 87 47 48 1
72 96 93 30 40 104 94 38 41 58 99 73 78 90 39 89 59 58 40 54 23 2
73 11 6 4 9 18 11 19 14 14 94 22 83 52 16 46 68 48 44 21 7 3
74 94 87 2 9 33 32 62 54 13 62 6 36 21 21 43 70 59 22 6 27 1
75 15 16 61 58 7 1 53 43 31 17 63 58 67 54 50 37 2 50 24 49 4
76 64 66 1 4 61 51 103 97 67 41 43 10 9 17 50 56 67 16 57 1 4
77 12 22 17 9 99 95 91 90 51 56 46 32 27 3 34 90 16 11 79 10 3
78 77 72 60 50 22 21 105 99 14 64 1 53 82 92 52 50 42 95 77 97 2
79 1 2 75 72 55 51 25 29 66 68 86 48 33 36 69 64 1 98 28 48 3
