4 80
3442 3180 3295 3180 
0 105 95 23 13 42 32 60 50 68 46 96 20 51 37 45 68 89 26 72 98 1
1 75 65 52 42 28 18 105 95 97 76 6 38 85 99 31 90 24 3 8 14 2
2 93 83 28 18 70 60 105 95 16 61 42 52 92 6 81 70 4 71 46 83 1
3 100 90 108 98 25 15 33 23 51 38 74 68 5 70 42 2 53 99 37 68 2
4 31 21 110 100 80 70 51 41 54 68 97 92 68 63 41 80 37 31 89 74 2
5 109 99 18 8 18 8 27 17 33 25 34 30 3 58 17 51 45 72 53 34 4
6 40 30 87 77 41 31 88 78 80 34 58 23 49 33 20 6 83 98 27 21 1
7 85 75 62 52 38 28 23 13 75 39 93 13 53 24 67 65 21 60 54 11 2
8 13 3 64 54 106 96 57 47 37 64 6 81 28 83 55 79 97 89 31 70 4
9 71 61 39 29 108 98 84 74 63 92 10 18 26 92 40 91 30 42 56 49 4
10 63 53 109 99 64 54 110 100 94 11 7 26 45 42 6 87 49 62 81 72 3
11 70 60 79 69 79 69 88 78 89 7 34 62 83 78 94 17 90 12 35 79 1
12 38 28 65 55 91 81 18 8 47 74 95 13 86 21 69 50 12 25 5 76 2
13 39 29 95 85 44 34 92 82 88 25 84 70 5 26 25 43 13 60 3 12 3
14 101 91 39 29 78 68 16 6 61 30 3 39 97 45 77 35 44 79 86 53 3
15 85 75 17 7 58 48 90 80 9 14 79 1 78 99 13 52 46 4 57 5 1
16 62 52 29 19 95 85 70 60 95 45 64 11 52 48 10 71 51 38 54 31 3
17 84 74 36 26 97 87 49 39 4 72 2 43 64 100 92 38 16 58 66 84 4
18 87 77 34 24 88 78 43 33 96 8 17 18 44 80 12 44 46 20 6 67 1
19 40 30 100 90 69 59 37 27 2 70 9 53 13 5 8 83 36 41 47 22 3
20 37 27 75 65 22 12 60 50 63 15 71 44 38 2 90 88 22 89 61 2 4
21 68 58 53 43 45 35 30 20 21 4 78 37 100 84 90 33 91 12 24 36 2
22 100 90 11 1 21 11 32 22 54 2 51 66 64 21 32 2 92 42 100 92 3
23 76 66 49 39 13 3 86 76 100 41 27 87 33 25 43 78 34 70 11 46 1
24 109 99 52 42 102 92 45 35 83 53 8 64 71 21 7 54 21 81 89 31 1
25 92 82 53 43 13 3 74 64 37 14 22 60 24 99 50 19 72 33 93 87 4
26 17 7 64 54 102 92 49 39 67 8 18 58 34 2 95 28 94 89 82 93 3
27 91 81 32 22 80 70 21 11 31 11 89 57 28 66 98 19 83 20 91 10 4
28 62 52 96 86 23 13 57 47 32 58 96 9 97 61 13 82 79 55 63 15 1
29 24 14 89 79 61 51 34 24 49 11 17 40 49 74 58 90 61 21 3 14 3
30 22 12 44 34 59 49 81 71 9 73 32 44 92 11 46 31 1 42 44 26 1
31 45 35 98 88 50 40 95 85 79 93 87 45 80 62 67 72 85 95 55 1 1
32 70 60 57 47 35 25 22 12 8 99 40 80 46 25 9 3 86 30 97 100 4
33 103 93 48 38 100 90 45 35 11 98 80 100 84 57 100 97 15 73 18 11 1
34 49 39 44 34 38 28 25 15 89 33 32 77 47 80 34 55 69 19 98 51 2
35 23 13 60 50 96 86 33 23 97 21 45 97 6 3 54 56 39 49 83 95 2
36 98 88 13 3 35 25 50 40 70 88 4 47 15 36 77 51 66 88 71 76 1
37 52 42 88 78 25 15 61 51 87 18 66 49 72 15 22 100 36 32 42 19 2
38 107 97 74 64 48 38 15 5 28 1 24 66 80 11 5 12 17 41 97 81 3
39 31 21 27 17 16 6 12 2 23 1 34 26 71 60 83 21 58 7 17 83 4
40 94 84 101 91 107 97 14 4 92 61 59 51 14 3 95 18 40 72 59 26 1
41 27 17 23 13 20 10 16 6 75 92 3 62 11 83 47 37 12 49 5 33 1
42 61 51 27 17 86 76 52 42 13 99 1 23 42 80 32 45 66 49 87 81 4
43 92 82 53 43 13 3 66 56 52 61 99 48 94 63 69 45 15 1 59 98 2
44 45 35 96 86 54 44 105 95 31 50 83 56 70 61 84 30 69 11 77 47 3
45 69 59 14 4 66 56 11 1 14 98 3 35 18 66 52 35 25 13 26 81 2
46 96 86 70 60 53 43 35 25 11 19 90 89 65 32 42 11 27 8 65 52 2
47 17 7 102 92 94 84 87 77 66 57 7 24 65 3 59 32 78 83 96 45 2
48 54 44 72 62 91 81 109 99 32 84 60 90 82 34 94 88 89 1 36 41 1
49 50 40 95 85 39 29 92 82 7 59 60 1 59 4 62 22 61 33 94 10 2
50 53 43 68 58 82 72 97 87 92 2 21 60 10 70 20 17 79 16 66 20 4
51 72 62 36 26 109 99 81 71 50 76 12 62 71 32 11 63 15 93 66 24 4
52 19 9 62 52 96 86 31 21 5 88 62 96 93 73 74 94 11 25 15 10 4
53 21 11 50 40 78 68 99 89 57 91 23 27 92 18 40 63 55 5 15 69 2
54 57 47 95 85 26 16 64 54 7 73 24 89 100 87 6 98 84 2 77 97 4
55 101 91 69 59 38 28 98 88 89 38 73 49 86 5 26 1 18 1 89 74 4
56 51 41 73 63 96 86 18 8 92 48 91 66 75 21 2 42 80 81 48 38 1
57 15 5 28 18 40 30 53 43 33 14 99 98 50 37 80 100 64 84 31 33 3
58 84 74 63 53 33 23 104 94 40 97 83 52 40 18 57 93 51 29 83 20 3
59 54 44 70 60 79 69 87 77 51 3 93 38 40 28 45 6 73 21 68 14 1
60 19 9 49 39 80 70 102 92 10 94 94 41 51 37 58 77 41 30 83 31 1
61 70 60 35 25 107 97 72 62 82 96 69 62 64 7 88 88 55 1 75 96 4
62 61 51 39 29 26 16 12 2 93 52 8 93 60 52 54 61 49 25 52 62 1
63 101 91 34 24 66 56 91 81 7 8 50 18 86 95 64 52 63 86 56 76 4
64 89 79 19 9 50 40 80 70 29 15 22 35 27 94 71 9 60 54 10 4 4
65 109 99 38 28 74 64 103 93 4 3 59 74 27 32 6 35 60 3 10 45 2
66 106 96 89 79 79 69 62 52 76 46 59 30 45 6 24 36 53 76 90 92 1
67 48 38 93 83 37 27 74 64 18 79 24 2 42 55 55 16 52 14 74 74 4
68 49 39 48 38 46 36 45 35 16 70 20 38 45 94 18 72 96 98 54 9 4
69 45 35 101 91 58 48 14 4 50 20 74 7 82 85 21 69 1 18 74 76 3
70 58 48 93 83 27 17 54 44 42 29 67 34 23 35 93 78 78 31 56 10 3
71 26 16 87 77 55 45 16 6 35 63 14 71 36 51 85 65 17 13 56 36 4
72 29 19 104 94 86 76 69 59 55 55 65 29 29 62 39 70 29 8 80 87 3
73 102 92 39 29 67 57 104 94 14 13 73 32 98 47 39 85 81 70 66 95 2
74 62 52 28 18 95 85 61 51 63 93 39 27 84 25 53 55 41 97 71 56 2
75 76 66 37 27 89 79 50 40 84 96 93 72 57 52 12 61 75 1 73 65 2
76 73 63 108 98 50 40 85 75 95 23 39 3 86 96 23 36 63 97 1 6 4
77 96 86 40 30 93 83 37 27 53 92 17 8 87 89 27 90 30 40 14 31 3
78 16 6 74 64 33 23 91 81 76 8 38 15 76 33 78 8 1 14 63 84 3
79 69 59 33 23 98 88 62 52 47 9 57 60 34 15 73 80 21 22 80 10 4
