4 80
2840 3124 2804 2923 
0 89 85 1 3 19 22 30 40 55 6 56 33 11 36 83 90 38 21 60 68 4
1 92 97 47 40 65 74 12 17 96 30 100 98 63 70 55 40 74 93 65 29 1
2 28 19 92 90 67 60 39 39 86 28 19 52 68 66 94 25 33 27 65 77 1
3 38 32 76 79 33 33 84 80 1 76 14 78 85 97 58 98 67 88 52 51 3
4 24 17 62 60 8 10 62 61 1 34 63 3 12 25 62 50 32 84 53 45 2
5 16 15 63 61 10 16 57 62 5 51 56 41 3 41 62 47 97 34 70 20 3
6 17 14 46 49 67 75 9 2 98 57 62 92 26 75 11 76 53 61 93 93 1
7 40 33 78 79 18 18 56 56 7 48 18 55 66 89 30 53 48 5 42 40 4
8 30 26 2 1 58 67 35 34 12 1 54 2 30 83 31 1 31 19 28 3 4
9 20 15 63 70 6 16 70 71 24 81 8 42 40 88 44 78 16 99 20 74 1
10 75 69 24 15 52 54 101 100 12 87 65 94 72 51 85 60 57 65 92 33 2
11 72 76 78 87 90 97 17 8 20 35 46 29 22 13 74 67 97 84 84 49 2
12 20 25 77 76 24 18 52 61 19 20 25 50 73 80 47 60 21 12 63 66 4
13 19 25 61 64 9 10 51 49 90 20 1 15 50 64 80 17 70 41 2 17 4
14 14 14 52 48 82 75 1 9 3 72 86 63 4 27 98 30 19 43 85 22 3
15 88 82 12 4 28 27 52 49 18 76 88 87 44 29 81 92 66 87 70 43 1
16 62 66 55 53 38 39 23 18 25 25 44 80 88 54 77 54 41 58 30 35 1
17 75 65 67 60 49 46 41 41 39 31 91 54 42 19 81 83 46 50 86 77 2
18 15 22 44 45 65 59 73 82 56 42 43 42 95 100 28 13 46 42 57 56 3
19 12 15 80 90 53 56 21 31 61 17 75 76 88 40 58 56 76 96 7 75 2
20 18 26 31 33 44 39 36 46 68 29 62 64 81 63 26 92 35 69 71 66 3
21 19 13 76 79 38 38 1 4 84 48 96 14 9 84 34 18 1 54 6 2 4
22 70 65 20 16 76 74 18 25 81 18 67 26 59 56 30 64 60 54 70 64 4
23 46 44 18 18 11 1 91 83 6 7 38 57 25 57 2 95 77 71 62 65 2
24 1 2 23 20 40 39 57 57 58 62 9 21 40 61 71 44 6 88 4 1 1
25 7 17 33 32 46 46 59 61 95 79 36 47 78 56 42 24 49 61 90 70 2
26 1 7 43 50 77 84 34 27 82 55 61 76 57 43 7 52 2 3 99 52 1
27 66 73 5 11 46 42 85 80 25 93 91 81 10 85 99 32 36 38 100 37 4
28 81 83 1 5 32 28 47 50 68 48 85 52 4 31 96 60 48 66 41 93 1
29 35 32 4 3 81 73 50 44 62 8 1 51 79 19 42 69 56 21 37 99 4
30 34 43 66 73 11 4 35 26 37 27 81 42 42 51 69 46 99 48 57 21 1
31 2 5 85 91 68 78 56 56 50 62 80 57 7 12 3 80 16 65 62 79 4
32 47 41 76 71 1 2 26 32 45 43 98 40 84 22 4 61 32 66 68 48 4
33 56 66 53 49 35 39 24 22 11 48 56 48 41 46 15 63 26 81 38 9 1
34 7 5 14 4 1 2 7 1 48 57 17 4 61 37 43 85 70 97 77 12 2
35 68 78 15 13 52 47 83 74 8 51 47 64 59 15 1 26 45 97 37 53 2
36 59 53 29 28 18 10 96 93 43 32 2 20 86 71 49 84 97 19 92 51 4
37 33 38 11 4 81 71 38 37 55 8 94 62 67 33 3 35 80 70 29 2 3
38 7 13 54 56 93 90 32 33 46 27 94 98 18 36 38 30 91 6 46 43 1
39 78 68 17 18 87 77 34 35 30 41 53 81 20 66 38 23 12 51 18 31 3
40 75 76 47 51 30 25 10 8 82 77 32 51 14 60 45 91 57 1 65 39 3
41 8 7 82 81 66 64 40 38 15 26 93 1 70 66 43 94 88 74 30 1 2
42 88 83 34 42 1 8 60 67 94 22 87 12 9 50 11 49 49 52 47 20 4
43 67 71 85 93 32 24 58 54 43 32 86 33 8 90 42 15 11 51 28 57 2
44 84 80 54 59 37 29 7 8 51 31 42 31 12 2 67 58 47 59 24 34 1
45 24 28 25 30 18 25 27 27 19 38 92 67 27 60 88 10 25 22 73 22 2
46 91 95 27 33 57 64 1 2 66 32 75 81 46 98 85 10 8 74 91 13 2
47 93 83 61 57 31 40 20 14 19 87 35 4 60 16 33 12 94 76 60 93 2
48 40 36 66 67 8 5 42 36 64 84 61 36 9 33 12 2 24 77 17 38 3
49 46 37 52 48 58 58 72 77 9 65 1 71 89 4 55 39 46 71 19 56 4
50 57 64 89 98 42 33 74 67 62 46 29 88 91 17 66 35 89 53 20 20 3
51 1 1 106 100 90 90 82 89 45 12 6 47 92 38 22 29 34 92 45 1 1
52 25 22 50 57 94 91 19 26 37 6 27 13 3 99 62 39 34 44 96 48 4
53 10 17 81 80 42 42 13 5 76 100 10 14 88 6 10 80 48 63 46 75 2
54 89 90 54 56 19 23 92 97 61 50 40 3 18 17 72 99 57 71 56 50 2
55 1 5 35 43 74 74 8 12 3 69 29 56 36 96 18 38 18 4 77 22 4
56 91 86 26 33 90 87 46 42 46 86 13 67 17 41 42 74 28 78 2 12 3
57 54 60 7 6 44 45 97 91 73 56 99 64 72 52 2 6 39 90 29 23 3
58 55 61 42 44 19 26 19 9 7 19 82 79 7 13 95 70 92 83 57 40 4
59 83 79 6 6 27 24 58 51 19 80 46 63 29 53 70 24 82 72 28 58 3
60 24 14 40 40 69 59 85 77 72 93 43 19 16 44 68 41 16 27 80 29 2
61 18 8 1 6 3 5 94 95 52 37 55 87 63 35 56 14 45 99 23 73 4
62 65 65 41 43 19 22 95 100 58 73 12 25 27 89 89 75 35 99 18 20 2
63 15 8 55 46 97 93 37 31 36 48 11 75 40 76 74 84 15 98 32 17 2
64 86 93 44 51 4 2 62 60 46 61 13 80 94 45 21 55 65 24 3 24 4
65 17 13 48 52 90 90 34 29 37 15 33 49 1 81 30 25 54 74 58 52 4
66 50 50 80 72 5 3 22 25 18 12 18 44 67 49 47 18 28 47 35 53 3
67 39 36 42 50 68 65 71 79 30 84 73 36 83 20 74 19 85 11 25 81 3
68 89 93 71 76 74 66 56 49 80 42 43 40 13 78 65 66 6 33 59 38 2
69 8 15 63 61 12 8 38 46 61 61 74 52 28 6 56 35 29 24 30 17 3
70 7 11 66 61 9 4 39 46 58 84 66 4 46 73 90 2 21 82 57 48 1
71 31 35 67 69 1 4 44 38 100 35 2 99 84 87 5 9 35 62 7 23 4
72 100 91 55 46 87 92 42 47 54 44 27 33 60 13 1 49 9 87 5 40 1
73 71 76 72 79 86 81 79 84 65 80 26 74 34 4 36 22 45 58 55 72 4
74 37 41 66 63 76 86 5 8 28 77 86 1 14 49 2 95 51 75 78 74 1
75 30 22 55 64 9 15 55 57 40 65 100 98 14 49 18 24 75 50 3 31 1
76 29 28 63 66 5 13 55 59 72 34 64 78 57 68 71 22 45 2 50 18 2
77 44 52 49 39 31 25 15 12 41 63 47 78 44 50 50 48 63 54 60 42 2
78 39 38 9 16 92 95 83 73 65 94 89 49 83 14 35 64 80 87 92 52 2
79 88 96 66 74 38 45 29 23 59 54 1 26 86 41 40 71 15 76 16 81 4
