4 80
811 734 768 940 
0 13 3 31 21 50 40 68 58 3 63 85 69 16 88 72 62 62 58 67 14 1
1 63 53 40 30 16 6 101 91 77 93 26 41 60 63 69 96 7 17 43 30 2
2 77 67 12 2 54 44 89 79 20 25 55 68 82 92 52 37 1 42 19 79 3
3 16 6 24 14 33 23 49 39 20 54 93 98 40 93 34 63 91 40 2 40 4
4 35 25 14 4 84 74 55 45 52 48 22 40 80 58 33 77 88 4 41 88 3
5 73 63 82 72 82 72 91 81 7 30 84 56 9 44 89 72 15 77 82 41 1
6 40 30 87 77 41 31 88 78 60 91 50 57 57 78 25 73 76 59 38 29 2
7 57 47 34 24 18 8 95 85 5 55 99 47 95 29 38 29 18 49 33 28 3
8 69 59 20 10 70 60 21 11 85 27 61 83 21 11 7 64 8 72 21 45 3
9 83 73 51 41 28 18 96 86 85 57 41 20 56 17 68 13 81 18 17 16 2
10 39 29 93 83 40 30 94 84 100 12 55 74 25 32 71 36 43 9 74 34 1
11 46 36 47 37 55 45 64 54 84 40 47 61 17 92 84 5 90 74 42 28 4
12 82 72 109 99 35 25 62 52 9 59 24 23 37 25 90 8 78 3 35 46 2
13 15 5 63 53 12 2 68 58 15 30 77 66 34 64 42 94 40 33 75 99 1
14 45 35 83 73 22 12 60 50 7 82 77 59 25 95 85 26 68 72 78 39 3
15 93 83 33 23 66 56 106 96 28 40 6 68 32 55 24 15 40 12 7 20 2
16 62 52 29 19 103 93 70 60 64 51 48 11 89 11 90 91 64 4 17 9 1
17 32 22 84 74 37 27 97 87 13 55 2 40 87 58 65 28 44 33 66 94 3
18 55 45 102 92 56 46 11 1 63 40 81 68 22 78 34 86 8 12 89 14 2
19 60 50 28 18 89 79 57 47 23 76 89 30 93 34 94 5 72 56 59 82 3
20 69 59 15 5 54 44 100 90 15 75 100 47 66 10 74 27 8 23 19 56 3
21 36 26 29 19 13 3 106 96 69 10 40 78 79 78 68 10 64 8 92 49 1
22 72 62 83 73 93 83 104 94 68 70 50 21 53 14 58 51 71 36 94 84 4
23 68 58 33 23 105 95 70 60 43 85 80 45 19 99 87 45 64 33 26 10 2
24 29 19 80 70 22 12 65 55 19 43 13 60 77 23 27 29 42 32 49 39 4
25 72 62 33 23 93 83 54 44 95 71 4 54 96 7 94 52 56 22 60 45 3
26 41 31 80 70 26 16 73 63 52 34 54 8 6 95 85 93 46 94 64 62 3
27 31 21 80 70 20 10 61 51 52 98 8 19 45 33 49 57 26 2 48 79 3
28 86 76 12 2 47 37 73 63 5 60 99 76 64 6 92 42 63 95 59 19 4
29 60 50 33 23 105 95 78 68 85 34 75 5 94 50 51 35 68 60 14 77 2
30 66 56 88 78 11 1 25 15 74 49 1 90 40 68 75 9 94 42 37 47 3
31 61 51 14 4 58 48 11 1 73 69 11 51 69 46 34 76 56 49 44 38 1
32 50 40 37 27 23 13 110 100 64 88 32 29 90 98 49 85 6 97 31 31 4
33 67 57 12 2 64 54 109 99 14 30 16 42 34 68 19 72 50 32 64 8 1
34 73 63 68 58 62 52 57 47 45 1 59 41 94 96 35 50 30 41 95 9 4
35 63 53 100 90 36 26 73 63 9 47 81 15 99 91 76 95 33 80 16 68 2
36 74 64 97 87 11 1 34 24 12 51 66 21 7 96 83 80 25 24 61 83 1
37 84 74 20 10 57 47 93 83 65 54 63 67 77 92 80 80 81 37 63 30 1
38 75 65 50 40 16 6 91 81 24 58 74 52 52 56 5 23 75 67 57 88 4
39 71 61 59 49 56 46 44 34 23 43 7 57 8 49 68 26 9 86 69 54 3
40 102 92 109 99 15 5 22 12 49 68 7 59 98 40 87 100 17 14 62 90 2
41 47 37 43 33 40 30 36 26 49 92 28 26 48 8 80 33 45 61 10 85 4
42 13 3 79 69 38 28 104 94 11 56 67 71 76 97 87 81 81 98 58 68 3
43 36 26 97 87 57 47 110 100 43 21 97 20 70 31 93 51 4 81 42 31 4
44 101 91 52 42 110 100 61 51 58 65 49 88 62 76 42 37 53 88 82 77 1
45 77 67 30 20 82 72 27 17 68 25 47 83 76 74 24 64 48 96 61 44 1
46 68 58 42 32 25 15 99 89 100 36 97 26 49 32 56 46 79 16 37 5 1
47 29 19 22 12 106 96 99 89 65 100 50 21 15 8 81 78 10 98 25 67 1
48 46 36 64 54 83 73 101 91 79 23 60 65 18 11 13 82 84 80 92 75 3
49 110 100 55 45 99 89 44 34 52 97 54 20 27 19 87 1 9 19 77 95 2
50 57 47 72 62 86 76 109 99 11 45 21 20 85 68 96 39 60 72 90 56 4
51 64 54 28 18 101 91 65 55 17 46 12 59 10 15 64 71 44 13 50 17 1
52 95 85 30 20 72 62 107 97 96 56 19 66 32 43 60 57 76 98 100 75 3
53 97 87 26 16 46 36 75 65 63 98 39 63 3 12 41 49 27 17 80 16 3
54 97 87 35 25 74 64 104 94 11 8 55 45 90 25 44 43 15 47 19 49 3
55 21 11 81 71 50 40 18 8 59 75 79 72 25 100 49 66 31 75 67 62 2
56 31 21 53 43 76 66 98 88 57 27 66 45 50 100 48 21 28 18 34 50 1
57 55 45 60 50 72 62 85 75 54 43 65 29 22 15 78 53 5 74 31 74 1
58 72 62 43 33 13 3 84 74 55 22 40 36 86 32 87 66 39 92 62 17 4
59 62 52 78 68 87 77 103 93 14 25 88 99 57 58 70 52 91 67 81 45 1
60 75 65 105 95 36 26 66 56 19 87 33 17 76 94 31 99 30 13 52 35 3
61 62 52 35 25 99 89 72 62 39 56 78 36 34 3 90 63 100 69 65 36 2
62 73 63 51 41 38 28 24 14 3 51 33 50 100 86 34 74 56 85 14 87 1
63 49 39 82 72 106 96 39 29 73 13 83 44 14 89 9 14 57 11 30 66 2
64 105 95 35 25 66 56 96 86 64 23 90 7 58 30 87 10 51 78 28 37 2
65 85 75 22 12 50 40 87 77 70 33 16 31 81 54 54 10 16 79 2 3 4
66 14 4 105 95 87 77 78 68 49 90 42 83 77 55 84 57 88 40 71 36 3
67 104 94 49 39 85 75 30 20 66 95 85 82 5 29 11 34 93 41 45 18 2
68 81 71 80 70 78 68 77 67 31 1 58 48 93 14 68 72 58 14 36 32 4
69 85 75 33 23 90 80 46 36 22 67 34 32 91 71 6 93 61 83 54 12 2
70 66 56 93 83 27 17 62 52 61 85 73 41 59 98 96 75 60 27 19 15 1
71 78 68 47 37 107 97 68 58 93 76 28 35 94 32 25 65 74 13 87 31 2
72 85 75 68 58 42 32 25 15 22 78 78 89 95 83 76 50 47 1 23 44 1
73 62 52 99 89 27 17 64 54 7 2 43 75 39 48 32 10 13 87 86 25 3
74 18 8 84 74 51 41 17 7 89 65 17 15 45 57 40 49 74 5 63 4 1
75 84 74 37 27 97 87 50 40 30 35 50 44 28 37 90 2 83 41 41 57 1
76 17 7 60 50 94 84 37 27 97 35 91 50 10 13 57 37 39 95 32 28 3
77 20 10 64 54 17 7 69 59 39 100 85 56 91 18 96 99 24 30 72 24 1
78 84 74 42 32 93 83 51 41 75 82 37 84 91 62 88 66 95 99 38 11 2
79 29 19 93 83 58 48 22 12 84 55 3 50 22 52 45 71 39 30 20 65 1
