4 80
848 688 818 898 
0 27 9 4 27 88 46 65 64 19 34 96 37 85 100 37 42 58 86 89 63 1
1 4 49 20 84 29 26 45 61 9 69 56 100 87 100 71 92 14 24 72 75 1
2 37 31 46 2 46 72 55 51 26 32 6 39 53 54 44 30 52 97 78 56 1
3 57 32 34 79 10 25 95 80 57 42 58 8 52 99 43 92 51 32 75 59 2
4 11 93 87 44 56 94 24 37 29 5 2 70 7 58 36 94 8 68 54 45 1
5 66 51 67 97 75 52 84 98 62 39 94 52 11 73 81 57 78 98 15 99 4
6 95 46 43 73 100 99 48 26 68 32 88 30 54 52 13 19 67 40 72 45 3
7 77 65 17 3 50 42 90 88 82 8 42 36 18 10 57 80 42 16 48 18 2
8 16 34 76 1 29 75 81 42 3 65 3 59 88 42 55 54 52 75 99 32 3
9 96 19 64 74 25 20 93 75 27 13 29 39 12 41 11 7 80 20 75 6 3
10 68 81 61 19 45 66 38 12 92 84 15 55 100 26 3 95 21 24 60 46 1
11 92 92 57 3 29 13 94 24 87 92 83 55 99 64 12 66 64 86 35 17 3
12 8 85 69 36 29 78 90 29 43 69 66 54 37 17 77 61 45 61 84 46 3
13 67 81 8 28 48 74 89 13 48 77 60 60 97 68 29 4 36 68 15 72 1
14 100 70 73 4 45 31 18 65 58 5 64 58 18 26 31 91 29 27 34 77 3
15 1 30 54 44 98 67 51 89 59 67 2 67 69 36 38 71 37 71 31 92 1
16 99 22 52 9 96 87 49 74 4 34 86 40 50 41 67 35 7 21 22 63 4
17 67 45 4 32 40 26 69 21 44 67 45 91 37 58 33 44 87 65 89 63 1
18 32 66 68 81 5 3 41 18 85 22 9 100 95 97 27 98 92 82 64 13 1
19 75 35 63 2 60 76 48 43 87 100 22 93 86 60 30 9 50 66 83 87 2
20 79 58 75 65 72 71 68 78 68 92 5 34 40 59 10 11 45 71 58 99 3
21 36 77 97 35 57 2 10 68 82 78 48 11 94 57 82 74 10 16 43 33 1
22 25 33 70 84 22 42 67 93 64 72 68 74 100 46 98 51 70 84 55 16 4
23 29 52 22 34 14 17 99 91 29 72 44 90 59 94 42 79 25 81 23 82 1
24 2 70 47 96 91 15 36 33 40 81 100 9 68 11 30 61 16 4 49 15 4
25 88 37 60 52 33 66 97 81 4 39 18 34 34 79 10 98 38 80 71 97 2
26 81 27 2 62 30 4 59 39 57 94 4 69 73 28 47 16 73 71 91 18 3
27 33 93 1 31 62 70 30 100 42 37 22 9 63 64 53 1 16 86 56 7 3
28 23 15 36 37 48 60 53 82 86 74 43 19 15 11 39 27 65 48 89 22 2
29 50 72 58 51 75 21 83 92 47 60 95 15 59 96 83 56 73 60 54 56 3
30 18 11 91 41 55 72 28 2 68 27 86 75 92 35 32 17 35 47 76 13 1
31 45 41 78 27 2 14 35 92 24 60 15 85 54 81 76 99 61 45 43 55 2
32 25 97 54 27 82 58 19 88 23 23 87 94 28 80 85 48 11 29 26 10 3
33 72 98 17 81 61 71 98 62 42 4 58 91 69 38 7 89 41 45 58 32 1
34 29 9 85 8 42 6 98 5 37 43 90 84 78 57 31 18 1 26 61 32 4
35 42 94 11 21 71 55 40 82 36 46 80 94 63 90 98 28 50 93 41 54 3
36 22 29 59 4 87 86 24 61 54 55 73 72 32 63 36 74 65 89 63 44 4
37 16 14 69 80 29 47 82 13 9 96 62 51 92 77 60 78 17 7 48 51 2
38 8 61 60 4 5 38 57 81 30 34 35 66 62 43 75 17 43 13 95 40 1
39 1 56 65 14 30 73 94 31 25 80 46 76 29 2 39 51 51 34 55 45 2
40 77 88 82 63 86 37 83 12 19 99 25 23 55 45 64 82 67 41 53 21 4
41 91 95 47 69 12 52 76 26 4 22 84 10 39 99 50 58 17 53 97 63 1
42 19 43 47 2 84 60 12 19 18 96 7 42 32 78 10 94 64 7 25 41 1
43 32 63 77 93 21 16 66 46 56 37 62 21 22 46 20 100 5 68 21 50 3
44 32 84 40 63 49 41 57 12 65 73 4 10 5 23 12 83 74 51 47 11 2
45 92 72 5 74 17 77 30 71 54 60 2 66 98 38 12 80 1 82 39 3 3
46 6 31 86 69 67 8 55 38 33 13 56 7 21 69 61 67 26 87 79 65 3
47 58 15 42 97 19 72 3 54 6 21 3 69 71 12 78 26 4 31 85 13 1
48 38 96 58 27 79 65 91 96 67 3 88 98 37 74 94 52 72 81 49 7 3
49 67 37 43 48 20 58 96 69 53 27 19 92 64 2 89 43 74 72 34 61 3
50 64 88 73 22 81 57 90 91 98 45 17 93 39 56 39 58 55 17 74 65 2
51 44 29 36 28 29 18 21 17 22 100 90 38 100 94 57 7 12 89 26 61 1
52 72 22 85 57 97 91 18 26 6 17 85 88 41 78 74 69 6 3 85 38 3
53 22 89 99 52 67 14 44 77 64 25 21 65 13 99 89 88 57 43 52 10 1
54 69 66 38 32 6 7 75 73 25 89 45 10 22 4 45 52 39 93 55 8 1
55 31 65 88 3 36 34 93 72 28 95 5 85 39 53 19 63 71 55 88 98 2
56 28 26 48 81 69 35 81 82 81 27 69 22 45 74 71 76 37 57 75 77 3
57 69 76 54 14 38 53 23 99 36 84 42 42 66 44 97 53 15 21 5 61 3
58 81 29 58 12 34 94 19 85 91 2 44 53 15 32 52 98 66 33 37 62 4
59 16 3 29 22 41 48 54 67 78 54 70 78 6 48 75 38 8 92 61 95 4
60 25 94 54 12 74 31 95 49 49 52 66 31 99 86 48 28 65 4 29 21 2
61 31 96 80 94 20 93 61 91 65 25 65 38 88 85 54 85 24 69 69 46 4
62 31 45 51 31 72 10 92 88 55 30 81 32 27 77 66 10 92 81 71 82 1
63 51 36 11 74 64 21 24 59 39 93 57 61 91 89 23 50 31 70 14 86 4
64 20 77 88 27 65 86 33 36 12 17 98 59 52 62 31 95 82 80 58 40 1
65 6 45 55 84 3 22 52 61 8 97 92 62 88 100 70 13 45 87 12 27 4
66 30 6 95 28 59 59 16 81 12 77 70 67 61 96 40 83 20 85 68 1 3
67 79 40 39 54 100 61 60 75 81 65 54 40 2 13 28 31 24 61 40 57 4
68 2 21 22 4 35 94 55 77 22 7 7 83 7 27 42 34 73 73 25 46 2
69 95 7 87 45 88 92 80 38 17 36 61 67 36 85 8 60 11 34 16 58 3
70 26 11 7 53 87 96 60 38 86 84 64 14 67 35 67 59 38 81 19 86 2
71 92 19 77 53 61 80 46 14 51 49 88 51 4 74 32 13 74 1 87 54 1
72 94 91 67 46 47 92 20 47 15 55 70 87 87 100 55 30 35 98 68 24 3
73 59 44 51 47 52 49 44 52 47 45 62 63 47 42 98 4 85 80 37 89 2
74 84 93 92 15 9 38 25 68 56 8 31 51 58 45 28 34 79 17 68 98 3
75 95 70 28 12 60 63 93 5 53 16 79 12 71 33 10 55 43 56 55 9 4
76 31 100 12 46 92 85 73 31 44 27 7 63 37 93 6 94 77 34 39 28 4
77 94 40 67 27 47 13 20 100 13 59 71 10 76 47 77 74 8 35 51 20 1
78 33 98 22 76 10 47 7 25 18 32 29 75 11 5 52 15 93 43 23 44 1
79 97 12 57 90 10 61 70 39 25 48 65 53 77 92 24 22 53 40 9 59 2
