4 80
1991 1944 1987 2048 
0 87 77 105 95 24 14 42 32 88 29 47 89 89 26 98 44 76 33 7 12 2
1 77 67 54 44 30 20 15 5 85 63 43 93 64 38 10 17 31 60 1 82 3
2 23 13 66 56 100 90 43 33 80 60 14 13 93 94 34 60 83 23 3 100 3
3 58 48 74 64 83 73 99 89 52 65 19 23 23 82 100 39 62 87 8 95 1
4 25 15 96 86 66 56 45 35 33 1 76 40 57 80 30 17 28 51 69 62 2
5 91 81 100 90 100 90 109 99 20 43 16 35 24 72 79 2 59 18 64 48 1
6 42 32 89 79 43 33 90 80 53 21 76 83 64 86 82 68 41 69 19 9 1
7 71 61 56 46 32 22 109 99 8 14 88 81 22 74 67 99 62 65 26 88 2
8 63 53 14 4 64 54 107 97 26 92 25 40 30 52 37 95 81 25 42 75 2
9 65 55 41 31 110 100 78 68 47 4 8 75 73 84 33 12 14 13 93 61 1
10 41 31 95 85 42 32 96 86 82 44 89 88 62 24 31 9 9 99 78 19 1
11 72 62 81 71 89 79 90 80 28 28 51 65 54 87 6 70 25 10 89 19 4
12 88 78 15 5 41 31 68 58 22 7 10 2 66 80 88 4 37 43 11 73 2
13 17 7 65 55 22 12 70 60 36 58 74 96 41 54 70 55 75 42 97 81 1
14 99 89 45 35 84 74 22 12 54 42 74 29 80 10 84 84 91 88 99 1 1
15 39 29 79 69 20 10 52 42 81 13 68 8 14 33 11 63 44 49 69 16 4
16 36 26 103 93 77 67 44 34 97 66 89 31 96 96 22 96 63 49 89 34 3
17 50 40 102 92 55 45 15 5 72 25 2 16 28 17 62 62 61 9 53 11 2
18 57 47 12 2 58 48 13 3 12 50 45 42 67 98 75 98 7 96 30 4 1
19 18 8 86 76 47 37 15 5 36 48 1 45 93 71 55 83 70 22 42 49 2
20 39 29 85 75 24 14 70 60 43 29 44 28 33 84 20 13 30 82 40 26 2
21 90 80 83 73 67 57 60 50 83 8 71 52 97 37 81 71 99 1 1 14 3
22 14 4 25 15 35 25 46 36 33 30 29 90 99 3 57 58 2 71 43 77 4
23 42 32 15 5 79 69 52 42 42 17 38 21 94 95 93 80 9 44 37 25 2
24 15 5 58 48 108 98 51 41 67 70 31 75 22 74 67 63 92 76 24 24 1
25 14 4 75 65 35 25 96 86 41 50 44 36 29 39 9 73 6 28 25 92 3
26 11 1 58 48 96 86 43 33 60 98 9 21 59 86 4 46 2 44 25 80 3
27 101 91 50 40 90 80 31 21 48 70 85 68 27 13 66 8 63 77 33 84 4
28 108 98 34 24 69 59 95 85 2 81 34 37 68 31 78 82 13 40 80 13 4
29 42 32 15 5 87 77 60 50 98 68 33 86 12 24 84 89 47 43 1 7 1
30 48 38 70 60 93 83 107 97 98 62 14 8 92 56 5 8 11 91 83 98 2
31 63 53 108 98 60 50 105 95 41 45 21 91 43 52 34 88 81 68 35 51 1
32 96 86 75 65 61 51 48 38 63 77 2 28 84 50 85 45 39 34 5 45 3
33 61 51 106 96 50 40 103 93 43 19 18 82 57 95 38 37 70 10 100 81 4
34 51 41 38 28 32 22 27 17 80 85 87 76 31 16 46 56 32 34 75 57 1
35 109 99 46 36 82 72 19 9 63 77 89 49 18 96 90 16 56 57 55 33 4
36 48 38 71 61 93 83 108 98 6 89 86 39 38 7 95 20 2 100 98 57 4
37 30 20 66 56 103 93 39 29 66 36 7 24 6 85 48 37 61 31 26 89 1
38 57 47 24 14 98 88 65 55 50 89 39 36 94 4 11 15 94 15 65 68 1
39 41 31 29 19 26 16 14 4 35 39 6 66 79 15 75 50 82 79 8 68 2
40 28 18 35 25 41 31 48 38 19 36 68 41 87 58 21 55 90 37 50 2 1
41 33 23 29 19 26 16 22 12 32 29 64 96 77 52 83 40 29 87 18 36 1
42 71 61 29 19 96 86 62 52 5 43 40 100 4 36 64 24 25 37 51 93 1
43 70 60 31 21 83 73 44 34 6 86 10 1 85 92 54 62 14 81 60 92 2
44 19 9 70 60 28 18 79 69 76 17 47 96 12 74 23 59 69 14 45 19 1
45 79 69 24 14 76 66 29 19 14 79 75 63 12 91 6 48 36 70 54 73 1
46 82 72 64 54 39 29 21 11 2 36 63 11 50 29 61 95 55 2 53 70 1
47 91 81 76 66 68 58 61 51 40 53 51 69 73 86 62 42 44 10 36 47 3
48 20 10 38 28 57 47 75 65 46 54 91 53 8 79 74 4 58 98 2 12 2
49 88 78 33 23 77 67 22 12 85 40 29 56 26 9 68 78 59 17 80 71 1
50 23 13 38 28 52 42 67 57 90 59 17 22 66 95 49 50 13 36 69 20 4
51 38 28 110 100 75 65 47 37 9 90 45 80 62 72 90 33 5 38 55 37 4
52 49 39 84 74 26 16 61 51 24 46 87 31 13 27 19 48 80 25 43 39 3
53 103 93 24 14 52 42 81 71 64 52 24 18 13 64 43 1 93 17 75 50 3
54 43 33 81 71 12 2 50 40 25 79 41 9 8 75 56 75 52 9 88 95 1
55 79 69 47 37 108 98 76 66 71 92 71 34 23 87 76 80 51 79 9 48 3
56 21 11 43 33 66 56 88 78 98 94 7 25 33 36 12 92 45 3 62 52 2
57 97 87 110 100 22 12 35 25 12 33 11 5 1 9 18 54 39 72 71 39 3
58 62 52 33 23 103 93 74 64 62 30 65 42 5 68 13 27 42 70 20 40 3
59 12 2 28 18 37 27 53 43 53 14 56 72 60 93 70 46 72 81 36 20 1
60 97 87 19 9 50 40 80 70 33 56 14 80 81 11 29 95 73 51 72 40 3
61 44 34 109 99 81 71 46 36 49 16 56 75 12 72 93 84 57 23 61 46 4
62 103 93 89 79 76 66 54 44 45 40 1 98 43 36 97 54 4 59 85 88 1
63 71 61 96 86 28 18 61 51 32 55 4 24 60 48 77 97 56 98 2 14 1
64 27 17 57 47 88 78 18 8 7 79 82 39 21 8 69 4 30 47 62 54 3
65 15 5 44 34 80 70 109 99 47 2 74 14 54 30 72 32 61 93 92 62 1
66 60 50 51 41 33 23 24 14 18 51 19 52 30 14 23 95 53 92 94 76 4
67 74 64 11 1 55 45 100 90 76 62 51 87 86 66 19 64 58 44 17 98 2
68 75 65 74 64 72 62 71 61 38 24 32 47 27 70 57 77 36 34 86 18 2
69 103 93 59 49 16 6 64 54 54 28 98 67 98 81 99 98 82 74 67 5 4
70 88 78 23 13 49 39 84 74 10 12 53 11 30 61 22 26 76 45 69 28 3
71 36 26 97 87 65 55 26 16 23 61 20 21 4 25 94 71 11 84 91 88 2
72 107 97 82 72 64 54 39 29 78 5 11 44 53 67 51 67 65 29 2 25 4
73 92 82 29 19 57 47 94 84 31 88 65 79 28 78 6 95 13 68 99 26 4
74 84 74 50 40 17 7 83 73 34 47 96 27 67 98 62 16 68 81 97 39 4
75 110 100 63 53 23 13 76 66 16 93 97 86 80 4 43 87 51 34 42 30 4
76 79 69 14 4 56 46 91 81 89 62 99 67 83 33 4 9 45 48 33 23 4
77 14 4 66 56 11 1 63 53 7 89 60 80 69 19 8 80 61 23 28 91 4
78 110 100 68 58 27 17 85 75 9 27 35 97 68 97 65 36 37 20 62 76 3
79 87 77 51 41 108 98 72 62 92 80 14 66 34 47 52 86 34 89 35 94 2
