4 80
1861 1942 2077 1988 
0 83 73 101 91 20 10 38 28 9 68 1 13 58 13 6 59 43 94 82 65 1
1 33 23 110 100 86 76 71 61 56 52 73 36 39 34 34 90 56 72 43 16 1
2 39 29 74 64 108 98 51 41 29 49 20 6 29 77 58 29 81 13 13 49 3
3 50 40 66 56 75 65 91 81 96 87 92 58 6 80 87 36 36 28 32 49 3
4 77 67 48 38 18 8 89 79 84 42 67 15 22 75 85 18 32 28 41 4 1
5 63 53 64 54 72 62 73 63 50 77 10 90 2 71 40 16 12 26 18 57 1
6 42 32 89 79 43 33 90 80 47 4 35 57 26 30 44 31 41 38 100 91 4
7 35 25 12 2 96 86 73 63 16 92 50 44 97 28 24 36 84 82 70 13 2
8 39 29 82 72 32 22 83 73 56 61 8 72 47 59 33 77 42 29 29 1 4
9 109 99 85 75 54 44 22 12 65 62 50 88 54 98 93 76 18 38 60 19 1
10 49 39 103 93 50 40 104 94 46 23 18 90 66 55 95 81 76 13 53 100 3
11 84 74 93 83 101 91 102 92 98 78 21 54 53 93 89 66 17 77 24 42 2
12 12 2 39 29 65 55 100 90 70 58 69 88 58 22 44 76 97 92 37 6 3
13 33 23 81 71 30 20 86 76 41 53 8 16 68 27 76 62 33 41 16 37 3
14 31 21 69 59 108 98 46 36 33 88 1 48 82 48 64 98 50 41 95 29 2
15 39 29 71 61 12 2 44 34 99 38 77 74 24 1 95 37 17 96 73 47 2
16 32 22 107 97 73 63 40 30 61 36 33 96 80 79 59 33 47 53 10 98 4
17 22 12 82 72 35 25 87 77 95 52 24 26 76 75 99 8 83 95 44 68 1
18 73 63 28 18 74 64 29 19 96 59 84 5 47 74 34 40 11 7 72 96 2
19 58 48 26 16 87 77 55 45 3 23 97 63 86 27 27 84 87 60 62 55 2
20 27 17 65 55 12 2 50 40 4 68 19 60 27 93 96 78 19 78 74 59 1
21 106 96 99 89 83 73 76 66 21 17 49 66 81 97 23 18 85 30 50 83 3
22 74 64 85 75 95 85 106 96 93 86 58 58 20 7 39 14 12 23 93 71 3
23 46 36 19 9 83 73 56 46 14 27 11 31 87 74 88 89 73 29 85 86 1
24 51 41 102 92 44 34 95 85 21 11 50 10 34 55 20 4 23 17 25 33 1
25 74 64 35 25 95 85 56 46 21 9 39 9 59 30 21 99 59 46 21 5 4
26 99 89 46 36 92 82 31 21 50 69 75 62 55 10 89 9 91 92 25 66 1
27 81 71 30 20 70 60 11 1 82 15 26 40 80 37 36 59 98 41 19 9 3
28 96 86 30 20 57 47 91 81 57 62 36 66 84 83 70 44 89 8 77 33 1
29 78 68 43 33 15 5 88 78 92 64 59 39 98 20 80 70 25 56 36 94 3
30 76 66 98 88 13 3 35 25 88 20 78 18 9 47 18 66 54 62 66 67 3
31 55 45 100 90 52 42 105 95 59 92 95 62 74 79 37 88 72 21 95 68 1
32 48 38 35 25 21 11 108 98 59 85 32 58 83 98 73 79 85 55 17 60 3
33 29 19 74 64 18 8 71 61 16 50 10 64 14 84 84 66 25 25 97 45 1
34 31 21 26 16 20 10 15 5 78 22 20 37 75 70 8 37 29 62 66 21 3
35 93 83 30 20 66 56 103 93 28 42 29 44 83 28 30 9 79 94 11 93 3
36 60 50 83 73 97 87 20 10 18 43 49 73 96 82 41 97 87 50 54 17 1
37 14 4 50 40 87 77 23 13 92 24 16 34 35 13 83 84 45 68 94 87 3
38 69 59 44 34 110 100 85 75 69 80 77 70 53 48 33 5 40 76 54 64 4
39 21 11 17 7 106 96 102 92 5 23 93 4 91 45 21 85 9 60 9 51 4
40 24 14 31 21 37 27 44 34 15 11 12 76 8 53 97 54 26 53 70 16 3
41 77 67 73 63 70 60 66 56 92 21 55 22 69 78 51 90 14 71 90 62 2
42 95 85 53 43 20 10 86 76 86 79 39 52 79 61 22 14 44 38 96 31 1
43 98 88 59 49 11 1 72 62 18 46 88 49 42 26 58 49 61 50 20 27 2
44 91 81 42 32 100 90 51 41 27 24 9 84 31 100 82 57 97 46 82 92 1
45 71 61 24 14 68 58 21 11 99 51 3 53 74 34 62 38 5 66 27 54 3
46 46 36 28 18 103 93 85 75 27 20 97 33 98 30 40 78 53 59 29 7 3
47 31 21 24 14 16 6 101 91 27 12 21 14 84 16 78 61 37 27 96 53 4
48 24 14 42 32 61 51 79 69 94 32 52 79 5 68 74 45 41 14 23 58 3
49 108 98 53 43 97 87 50 40 23 36 75 26 9 11 13 65 77 29 83 66 4
50 71 61 86 76 100 90 15 5 67 2 37 23 36 70 22 14 31 79 87 87 1
51 42 32 14 4 79 69 51 41 30 94 9 27 9 91 47 64 72 47 58 29 4
52 57 47 100 90 34 24 77 67 84 31 39 5 60 69 12 37 86 8 95 24 2
53 11 1 40 30 68 58 89 79 75 100 84 65 8 10 7 94 86 38 96 96 3
54 19 9 57 47 96 86 34 24 62 79 7 90 91 92 67 27 94 17 41 29 4
55 19 9 87 77 56 46 16 6 23 77 9 41 96 65 63 89 32 8 7 55 2
56 81 71 103 93 26 16 48 38 77 55 29 74 28 15 19 28 61 14 17 35 2
57 81 71 94 84 106 96 11 1 73 81 92 55 93 50 72 6 73 20 43 82 4
58 14 4 93 83 63 53 34 24 45 27 23 71 71 54 8 79 17 24 8 5 1
59 12 2 20 10 37 27 45 35 49 1 11 90 49 14 100 92 34 81 36 39 2
60 61 51 91 81 22 12 52 42 75 67 12 100 71 49 29 65 47 98 15 25 2
61 40 30 13 3 77 67 50 40 11 96 57 22 97 57 59 63 10 37 13 82 3
62 47 37 33 23 20 10 98 88 71 31 88 12 53 16 82 75 98 65 20 29 3
63 43 33 76 66 108 98 33 23 9 5 87 80 17 75 67 81 91 40 10 24 1
64 23 13 53 43 84 74 14 4 92 19 65 41 58 18 5 100 17 35 26 65 3
65 27 17 56 46 92 82 21 11 51 41 93 33 50 65 98 62 5 63 85 23 1
66 60 50 43 33 33 23 16 6 11 69 47 49 24 92 29 81 85 70 98 39 3
67 46 36 91 81 27 17 72 62 91 41 80 15 30 36 90 4 42 4 70 81 3
68 59 49 58 48 56 46 55 45 82 38 6 64 100 7 14 63 20 86 45 41 3
69 83 73 39 29 96 86 52 42 57 86 6 18 42 7 31 62 63 42 26 76 3
70 84 74 19 9 53 43 80 70 19 60 24 31 41 77 64 42 27 80 75 42 3
71 60 50 21 11 81 71 50 40 82 22 71 32 62 25 10 100 90 4 11 54 2
72 71 61 54 44 36 26 11 1 39 44 1 88 25 78 71 82 16 38 27 26 4
73 12 2 49 39 77 67 14 4 78 52 6 56 4 46 68 100 48 66 67 35 3
74 56 46 22 12 89 79 55 45 64 95 76 82 97 56 10 4 99 41 1 12 3
75 106 96 59 49 19 9 72 62 81 97 68 99 29 5 26 2 61 5 64 48 4
76 103 93 38 28 80 70 15 5 73 8 36 63 29 28 83 82 93 79 33 46 1
77 106 96 50 40 103 93 47 37 20 98 28 6 44 10 19 23 48 17 88 67 1
78 30 20 88 78 47 37 97 87 51 32 65 42 7 9 60 37 10 50 73 11 3
79 103 93 67 57 32 22 96 86 56 88 2 100 76 50 79 67 23 90 14 88 4
