4 80
3432 3217 3304 2827 
0 25 27 2 45 78 64 63 82 12 92 34 90 91 81 18 60 100 50 91 4 3
1 46 11 54 54 71 88 79 31 26 44 74 64 35 47 71 94 36 94 69 48 4
2 63 37 64 16 64 86 73 57 36 96 83 28 27 7 18 34 19 21 93 72 1
3 63 30 48 77 24 31 1 78 83 55 32 100 27 50 48 48 79 76 87 53 1
4 17 43 85 94 54 36 30 87 63 83 84 20 64 52 100 30 82 22 52 39 1
5 56 65 65 19 73 66 82 20 51 8 36 26 85 98 13 55 95 67 95 9 4
6 17 96 73 23 22 49 70 76 9 46 59 93 74 100 5 26 69 55 84 99 1
7 15 67 55 5 96 44 28 82 90 11 63 90 19 70 78 94 2 72 79 51 2
8 58 60 10 27 63 93 15 68 64 8 89 65 76 16 15 13 100 56 33 98 3
9 18 49 78 4 47 50 7 5 97 65 26 2 82 22 66 50 67 70 59 46 3
10 46 71 31 17 23 56 8 2 57 29 69 48 71 64 71 67 27 75 61 36 2
11 26 78 91 89 63 99 28 10 42 6 12 28 34 98 70 90 20 30 54 5 3
12 94 79 55 30 15 72 76 23 67 41 59 26 13 76 5 7 53 78 26 49 2
13 49 95 98 34 38 80 79 19 49 23 14 32 64 55 75 55 53 49 1 35 2
14 82 32 47 58 19 93 92 27 32 38 48 34 83 18 5 6 82 53 23 38 1
15 91 96 44 18 88 41 41 55 67 88 55 37 61 2 39 19 88 43 41 33 2
16 49 96 94 83 46 69 91 48 54 48 1 34 5 27 85 75 13 51 48 16 4
17 81 43 18 38 54 32 91 27 12 90 63 33 94 98 53 52 59 1 19 46 2
18 54 8 90 23 27 45 63 60 26 5 70 55 10 73 6 19 71 52 26 30 4
19 65 85 61 52 50 26 46 93 15 1 87 22 12 6 5 36 73 1 95 41 1
20 81 24 77 31 74 37 70 44 92 9 67 43 59 76 72 6 91 46 21 1 2
21 58 67 19 25 79 92 40 58 60 2 72 6 38 61 50 76 80 34 3 6 1
22 7 59 60 10 12 68 57 19 23 68 64 56 63 25 69 32 39 90 80 31 4
23 55 66 48 48 40 23 25 5 82 68 38 83 47 88 74 59 45 38 80 32 3
24 64 4 9 22 53 41 98 67 95 51 75 37 80 23 78 15 50 24 84 6 4
25 22 67 94 82 59 96 31 11 42 69 14 54 68 35 11 53 20 62 27 46 2
26 7 97 28 40 56 74 85 17 97 22 14 8 2 39 99 37 95 46 29 93 1
27 55 7 23 45 84 84 52 14 49 85 3 34 86 32 11 41 98 13 30 63 2
28 41 53 54 75 66 98 79 20 11 11 59 31 40 94 69 46 68 59 33 41 1
29 84 2 100 73 9 51 25 22 80 77 59 55 62 5 92 3 4 40 33 87 2
30 44 41 17 71 81 94 54 24 18 68 19 60 56 15 16 26 61 80 78 60 1
31 83 99 8 77 40 64 65 50 84 79 20 35 14 52 6 75 88 80 11 62 3
32 11 51 48 81 76 12 13 42 7 1 39 47 69 66 86 95 20 37 52 93 1
33 54 36 91 27 35 9 80 100 22 82 58 71 51 64 76 68 30 20 89 72 1
34 79 83 27 82 84 80 40 79 60 28 60 11 88 95 20 97 44 51 65 55 3
35 32 64 1 91 61 25 22 60 86 70 28 33 93 63 21 8 97 8 78 33 2
36 32 51 69 26 97 8 34 91 100 18 49 67 52 64 93 6 85 5 23 14 1
37 90 84 43 50 95 17 56 91 65 18 33 5 86 1 39 68 78 50 35 43 3
38 90 55 34 98 87 32 31 75 67 28 95 88 68 93 36 89 23 12 45 27 3
39 91 62 55 20 20 79 84 37 25 59 71 81 23 6 56 32 77 4 85 59 3
40 39 14 44 89 48 63 53 38 35 77 90 37 82 61 59 47 2 91 64 88 2
41 41 85 5 59 62 42 26 16 5 12 68 51 69 74 71 52 76 50 96 51 4
42 81 45 9 4 46 62 74 29 76 71 69 54 67 94 59 89 71 63 32 2 1
43 94 21 47 51 91 74 36 4 14 92 2 72 90 97 30 64 90 55 51 43 3
44 94 66 2 45 11 23 27 2 23 51 82 35 100 36 59 35 87 26 53 7 1
45 58 86 71 88 83 91 96 93 82 89 3 30 84 80 2 8 94 32 60 84 1
46 84 45 64 75 45 14 33 52 9 88 20 92 50 32 50 52 51 17 65 6 4
47 20 21 96 3 81 78 57 60 9 52 89 7 6 69 87 90 18 30 66 92 1
48 32 38 44 77 65 7 85 38 93 70 16 59 93 36 64 77 58 24 77 37 2
49 65 87 41 98 18 8 94 27 88 46 26 51 26 58 38 32 89 50 33 21 3
50 2 70 11 4 19 39 28 73 10 32 54 56 62 92 15 42 35 60 23 84 1
51 26 75 18 74 11 64 3 63 100 36 66 69 65 60 16 13 39 47 24 79 3
52 62 12 75 47 95 81 8 24 67 63 36 94 70 78 44 71 27 97 86 63 4
53 28 23 5 86 73 48 42 3 87 28 27 88 41 67 14 52 43 51 40 65 1
54 87 100 56 66 24 33 93 7 41 50 30 36 76 66 55 10 29 93 17 18 1
55 49 27 6 57 54 96 11 34 22 31 18 71 5 49 93 63 88 51 100 29 3
56 46 72 66 27 79 81 99 28 24 91 57 50 48 50 38 13 91 34 68 45 2
57 79 34 64 80 40 19 25 57 95 99 60 33 6 55 88 51 80 91 97 10 1
58 87 71 64 54 40 36 17 27 83 43 81 1 64 100 58 14 9 82 20 39 1
59 42 41 55 60 67 86 80 5 50 30 78 37 15 77 67 3 40 18 21 71 2
60 87 52 16 70 36 89 65 15 75 92 9 46 22 90 56 17 34 38 80 45 3
61 29 14 70 12 10 11 59 1 29 91 96 37 90 6 42 85 98 74 79 68 1
62 21 99 49 77 70 56 90 42 46 9 58 48 84 76 80 28 20 4 27 5 1
63 33 62 93 8 46 47 6 85 81 96 85 26 23 16 59 93 71 66 77 96 3
64 50 95 26 53 95 4 71 62 59 36 86 92 58 91 53 47 80 31 21 64 1
65 12 39 61 78 17 24 66 63 40 9 68 10 80 47 33 92 94 100 71 63 3
66 64 48 21 70 85 1 50 23 9 32 58 10 81 46 21 29 58 28 4 31 4
67 73 14 33 28 94 43 54 57 17 78 8 60 14 51 11 69 8 73 46 79 1
68 4 35 24 18 45 8 65 91 76 60 50 66 14 67 43 26 21 34 28 51 2
69 97 37 97 75 90 22 90 68 8 61 32 17 50 81 51 44 76 72 45 71 2
70 92 33 73 83 53 26 26 68 85 35 23 93 48 54 42 99 92 42 35 3 3
71 98 53 91 87 75 22 60 56 45 15 65 35 84 96 27 93 76 86 60 81 3
72 28 97 1 44 73 90 54 45 92 60 73 40 84 79 24 24 55 5 63 7 2
73 37 14 37 17 30 19 30 22 49 92 20 15 61 53 43 82 47 61 29 36 3
74 14 47 30 69 39 92 55 22 85 3 7 31 52 62 13 86 46 56 11 56 1
75 21 84 54 26 86 69 19 11 70 94 15 73 13 93 44 19 37 19 10 27 2
76 9 62 90 8 78 47 59 93 89 3 98 72 23 73 38 91 17 34 37 30 3
77 40 62 13 49 85 35 58 22 46 19 75 17 82 86 95 53 85 16 61 28 1
78 91 64 80 42 76 21 65 99 5 47 86 20 99 52 3 95 62 94 95 55 2
79 3 6 55 84 16 55 76 33 7 54 46 86 16 53 75 97 6 96 66 51 4
