# problem of player 0 with objects A, b (constraint), bnd, C, Q, b (obj), conv
size 10 5 value 0.000000 0.000000 0.000000 0.000000 4.000000 7.000000 5.000000 4.000000 -2.000000 -6.000000 -4.000000 6.000000 6.000000 8.000000 0.000000 0.000000 0.000000 -5.000000 -3.000000 0.000000 0.000000 -3.000000 0.000000 -5.000000 -6.000000 4.000000 -5.000000 6.000000 -4.000000 0.000000 0.000000 3.000000 0.000000 0.000000 -5.000000 0.000000 -4.000000 -4.000000 3.000000 -5.000000 3.000000 2.000000 -5.000000 6.000000 -9.000000 0.000000 4.000000 5.000000 -4.000000 0.000000 
size 10 1 value 27.000000 57.000000 41.000000 73.000000 94.000000 43.000000 68.000000 91.000000 62.000000 41.000000 
size 5 2 value -5.000000 -5.000000 -5.000000 -5.000000 -5.000000 5.000000 5.000000 5.000000 5.000000 5.000000 
size 5 45 value 0.973285 0.000000 0.216118 -0.878750 0.305272 0.000000 0.000000 0.000000 -0.958597 -0.385583 -0.607260 0.000000 0.237306 0.945538 -0.902042 -0.951289 0.000000 0.000000 0.895532 -0.889443 0.065127 -0.832228 0.000000 -0.295354 0.000000 0.000000 0.000000 -0.609636 0.000000 -0.739130 0.744951 0.197403 0.260016 0.000000 0.000000 0.000000 0.000000 0.000000 0.000000 0.000000 0.000000 0.121255 0.461599 -0.162832 0.000000 0.000000 0.000000 0.108522 0.278193 0.000000 0.551712 0.000000 0.530375 0.000000 0.000000 0.000000 0.868563 0.000000 0.000000 0.618163 0.000000 0.397987 0.000000 0.000000 0.000000 -0.017187 0.000000 0.000000 0.000000 0.763943 0.000000 0.000000 0.000000 0.000000 0.000000 0.000000 0.956176 0.113207 -0.736473 0.353648 -0.580096 0.000000 0.018519 0.000000 -0.259965 0.000000 -0.249740 0.049573 -0.743531 0.000000 0.000000 -0.091756 0.151983 0.000000 0.000000 0.000000 0.457817 0.974408 0.000000 0.000000 0.000000 0.000000 0.000000 0.000000 -0.146843 0.000000 -0.863623 0.000000 -0.423116 -0.226494 0.539610 -0.384029 0.000000 0.532850 0.000000 0.844145 0.000000 0.000000 0.000000 -0.823454 -0.917624 -0.778600 -0.823235 0.594058 0.000000 -0.027705 0.508856 0.000000 0.270531 0.000000 0.000000 0.000000 -0.137851 -0.869236 0.411837 0.611780 0.655799 0.000000 -0.771743 0.000000 0.758276 0.000000 0.000000 0.448569 0.628062 0.000000 -0.051485 -0.145827 0.000000 -0.220349 0.987606 0.395763 0.000000 0.000000 0.251319 0.000000 -0.637567 -0.124158 0.000000 0.798593 -0.426037 0.000000 -0.680727 0.525616 -0.938681 -0.666230 0.000000 0.000000 0.000000 0.355432 -0.838933 0.000000 0.180906 0.475644 -0.186977 0.000000 0.000000 0.000000 0.378732 0.000000 0.151405 0.000000 0.000000 0.887655 0.042199 0.000000 0.000000 0.401576 0.982681 0.000000 0.000000 -0.578278 -0.287490 0.000000 0.000000 0.000000 0.000000 0.000000 -0.303564 0.430595 0.775473 0.000000 0.000000 -0.269753 0.134672 0.000000 0.000000 0.000000 -0.027000 -0.346390 0.000000 0.000000 0.000000 0.092589 0.000000 -0.470735 0.000000 0.000000 0.000000 0.000000 0.674884 0.000000 -0.484616 0.000000 0.000000 
size 5 5 value 0.952408 -0.589595 0.077186 -0.309300 0.769801 -0.589595 2.042407 -0.507807 1.344880 0.358410 0.077186 -0.507807 1.170843 -0.083443 -0.752483 -0.309300 1.344880 -0.083443 2.232443 1.021013 0.769801 0.358410 -0.752483 1.021013 2.065086 
size 5 1 value 0.000000 0.000000 0.000000 0.362296 -0.273691 
size 10 1 value 1.000000 1.000000 1.000000 1.000000 1.000000 1.000000 1.000000 1.000000 1.000000 1.000000 
# problem of player 1 with objects A, b (constraint), bnd, C, Q, b (obj), conv
size 10 5 value 4.000000 5.000000 -6.000000 0.000000 0.000000 5.000000 2.000000 -8.000000 7.000000 0.000000 7.000000 4.000000 -4.000000 0.000000 -7.000000 -6.000000 5.000000 0.000000 0.000000 5.000000 4.000000 -4.000000 4.000000 0.000000 6.000000 6.000000 -5.000000 0.000000 4.000000 -5.000000 4.000000 0.000000 0.000000 -5.000000 0.000000 4.000000 3.000000 -6.000000 -4.000000 4.000000 -6.000000 5.000000 0.000000 -6.000000 0.000000 7.000000 9.000000 0.000000 5.000000 -6.000000 
size 10 1 value 97.000000 68.000000 54.000000 41.000000 49.000000 107.000000 101.000000 53.000000 77.000000 76.000000 
size 5 2 value -5.000000 -5.000000 -5.000000 -5.000000 -5.000000 5.000000 5.000000 5.000000 5.000000 5.000000 
size 5 45 value -0.815170 -0.398003 0.000000 0.000000 0.000000 -0.643310 0.000000 0.892130 0.178837 0.000000 0.000000 -0.063955 0.000000 0.000000 0.000000 0.000000 0.000000 0.000000 0.750269 0.294721 -0.248805 0.000000 -0.860138 0.000000 0.000000 0.544484 0.000000 0.000000 0.000000 -0.190104 0.000000 0.000000 0.844280 0.219999 -0.567776 0.000000 -0.179183 -0.503669 0.000000 -0.852083 -0.986129 0.000000 0.000000 0.000000 0.000000 -0.766391 -0.630690 0.840021 -0.001329 0.000000 0.931338 0.000000 0.000000 -0.796995 0.000000 0.458150 0.831900 -0.264853 0.000000 -0.317955 0.887933 0.800057 -0.655952 0.000000 0.000000 0.000000 -0.041045 0.524909 0.527832 0.000000 0.000000 0.000000 0.551199 0.656383 0.000000 0.953477 0.378797 -0.927423 0.119500 0.000000 -0.691430 0.000000 -0.557155 0.000000 0.399021 0.217840 0.000000 0.000000 -0.295191 0.000000 -0.210633 -0.130831 0.000000 0.000000 0.000000 0.000000 0.000000 0.000000 0.000000 0.000000 0.000000 -0.576260 0.000000 0.000000 -0.363813 0.000000 0.000000 0.159159 0.000000 0.000000 0.000000 0.000000 0.000000 0.000000 -0.108405 0.000000 -0.437605 -0.918233 0.784274 0.000000 -0.358203 0.340543 0.512388 0.000000 0.366643 0.377555 0.000000 0.000000 0.000000 -0.125889 0.585851 0.000000 0.000000 0.843647 0.000000 0.000000 0.000000 0.000000 -0.371400 0.607258 -0.621036 0.000000 0.000000 0.000000 -0.651357 0.000000 0.000000 0.947489 0.000000 0.000000 0.433367 0.000000 0.700695 0.000000 0.000000 -0.949644 0.000000 0.000000 -0.630336 -0.472039 0.765469 0.000000 0.000000 -0.299426 0.000000 0.653280 0.000000 0.130645 0.000000 -0.717572 0.000000 -0.570289 0.000000 0.561255 0.968421 0.000000 0.000000 0.652757 -0.830836 0.142862 0.965409 0.971481 0.792509 -0.915480 0.000000 0.258755 -0.342000 0.000000 -0.045857 0.000000 0.000000 -0.665984 0.676107 0.000000 0.000000 -0.856098 0.784868 0.032516 0.000000 -0.287528 -0.315681 -0.745868 -0.292037 -0.935448 -0.479434 -0.196552 0.000000 0.049237 0.000000 0.000000 0.000000 0.000000 0.787436 -0.128000 0.000000 0.000000 0.000000 -0.559151 0.020163 0.000000 0.000000 -0.579304 0.750166 0.000000 -0.686198 
size 5 5 value 0.611027 0.185517 -0.768843 0.903318 -0.187853 0.185517 1.922087 0.573729 0.265686 0.564315 -0.768843 0.573729 2.083113 -1.662565 0.778882 0.903318 0.265686 -1.662565 2.183780 -1.113460 -0.187853 0.564315 0.778882 -1.113460 1.517483 
size 5 1 value -0.410609 0.159135 0.000000 -0.182039 0.000000 
size 10 1 value 1.000000 1.000000 1.000000 1.000000 1.000000 1.000000 1.000000 1.000000 1.000000 1.000000 
# problem of player 2 with objects A, b (constraint), bnd, C, Q, b (obj), conv
size 10 5 value 4.000000 -7.000000 -6.000000 6.000000 0.000000 -5.000000 2.000000 4.000000 0.000000 5.000000 0.000000 -5.000000 8.000000 -6.000000 -2.000000 0.000000 -6.000000 -4.000000 -5.000000 6.000000 0.000000 0.000000 0.000000 5.000000 0.000000 0.000000 0.000000 8.000000 -4.000000 -2.000000 -5.000000 0.000000 0.000000 -7.000000 -9.000000 -3.000000 4.000000 4.000000 0.000000 -5.000000 6.000000 3.000000 0.000000 0.000000 0.000000 0.000000 -3.000000 5.000000 0.000000 2.000000 
size 10 1 value 57.000000 59.000000 53.000000 91.000000 49.000000 31.000000 60.000000 98.000000 34.000000 81.000000 
size 5 2 value -5.000000 -5.000000 -5.000000 -5.000000 -5.000000 5.000000 5.000000 5.000000 5.000000 5.000000 
size 5 45 value 0.000000 0.000000 0.506749 0.000000 -0.651329 0.231611 0.000000 0.000000 0.455824 -0.669324 0.000000 -0.358538 0.897315 0.000000 0.874525 0.000000 -0.621500 -0.697036 0.000000 0.000000 0.944795 -0.426864 0.000000 0.990598 0.000000 -0.801645 0.000000 0.230857 0.594926 0.000000 0.000000 -0.154184 -0.313801 0.000000 0.000000 0.000000 0.081589 0.000000 0.796861 0.000000 0.000000 0.877370 0.717073 0.578242 0.000000 0.000000 -0.134169 0.046561 0.962951 0.612577 0.408154 -0.068357 0.000000 0.000000 0.000000 -0.807551 -0.137959 0.000000 0.000000 0.000000 -0.102848 0.000000 -0.480122 0.000000 0.122465 0.000000 0.188174 0.000000 0.000000 0.743574 0.000000 0.000000 0.000000 0.000000 0.000000 -0.302374 -0.072000 0.935431 -0.018928 0.000000 0.000000 -0.832041 0.848319 0.000000 0.000000 -0.043283 0.621992 0.000000 -0.620355 0.000000 0.000000 0.000000 -0.816556 0.885136 0.000000 0.000000 0.000000 -0.631262 0.000000 -0.400456 0.208164 0.000000 -0.859023 0.000000 0.866531 0.000000 0.000000 0.502131 0.000000 -0.075864 0.000000 -0.793574 0.915159 0.000000 0.167674 0.003129 0.012792 0.508900 0.000000 0.432863 0.771254 0.000000 0.447294 -0.258956 -0.444731 0.000000 -0.723520 0.000000 0.000000 0.000000 0.000000 0.915571 -0.654401 0.000000 0.000000 -0.164334 0.000000 0.000000 -0.992926 0.000000 -0.321859 0.667275 0.000000 0.000000 0.000000 -0.512468 0.966099 -0.664168 0.920643 0.000000 0.084052 0.000000 -0.571622 0.000000 0.000000 -0.140049 0.000000 0.003618 -0.357304 -0.241393 0.857882 -0.084977 0.000000 -0.051366 0.674803 0.803749 -0.425984 0.318421 -0.915421 0.990431 0.000000 0.000000 0.000000 -0.082001 0.000000 0.000000 0.607876 -0.400010 -0.058573 0.000000 -0.228827 0.573272 0.000000 0.000000 -0.805853 0.000000 0.000000 0.000000 -0.885507 -0.275149 0.000000 0.000000 0.000000 -0.760053 0.000000 0.000000 0.000000 0.028250 0.316449 0.000000 0.241603 0.972041 0.000000 0.000000 -0.919414 -0.447931 0.000000 -0.168109 0.894451 0.000000 0.751051 0.126431 0.000000 0.224064 0.000000 0.000000 0.110263 0.000000 0.000000 -0.207621 0.244773 -0.698219 -0.608716 0.000000 0.033786 
size 5 5 value 1.265731 -0.820384 -0.707168 0.550700 0.585812 -0.820384 3.060200 0.818893 -0.895270 -0.858641 -0.707168 0.818893 2.211841 0.332587 -1.425511 0.550700 -0.895270 0.332587 2.581434 0.304225 0.585812 -0.858641 -1.425511 0.304225 1.057140 
size 5 1 value -0.550036 0.000000 0.000000 0.000000 0.359491 
size 10 1 value 1.000000 1.000000 1.000000 1.000000 1.000000 1.000000 1.000000 1.000000 1.000000 1.000000 
# problem of player 3 with objects A, b (constraint), bnd, C, Q, b (obj), conv
size 10 5 value 4.000000 -4.000000 -5.000000 4.000000 -5.000000 -7.000000 0.000000 0.000000 -4.000000 0.000000 -6.000000 -6.000000 -7.000000 -7.000000 0.000000 0.000000 -4.000000 -5.000000 0.000000 0.000000 4.000000 5.000000 4.000000 6.000000 -6.000000 0.000000 -4.000000 0.000000 4.000000 -2.000000 -4.000000 7.000000 0.000000 -5.000000 5.000000 6.000000 0.000000 10.000000 4.000000 -7.000000 2.000000 -5.000000 0.000000 -7.000000 6.000000 8.000000 -7.000000 -8.000000 6.000000 -5.000000 
size 10 1 value 79.000000 103.000000 62.000000 111.000000 83.000000 79.000000 58.000000 89.000000 69.000000 57.000000 
size 5 2 value -5.000000 -5.000000 -5.000000 -5.000000 -5.000000 5.000000 5.000000 5.000000 5.000000 5.000000 
size 5 45 value 0.202524 0.000000 0.000000 0.000000 0.000000 0.000000 0.000000 0.000000 0.000000 0.515680 0.946474 0.058324 0.334226 -0.682024 0.000000 0.000000 0.000000 0.000000 0.000000 -0.965482 -0.645032 0.099603 0.653616 0.000000 0.000000 0.000000 -0.999537 0.000000 -0.757171 0.000000 0.208899 0.000000 0.482261 -0.238774 0.955726 0.000000 -0.372917 -0.348826 0.672978 0.000000 0.050567 0.000000 0.290086 0.415906 0.594971 -0.093809 0.620419 0.000000 -0.805602 0.000000 -0.927276 0.000000 0.000000 0.000000 0.000000 -0.525094 -0.690769 0.000000 -0.803859 0.000000 0.448232 0.697697 0.000000 -0.255416 0.653718 -0.717659 0.368185 0.819241 0.000000 0.571977 0.254489 0.000000 0.000000 0.000000 0.000000 -0.117684 -0.903067 0.000000 0.000000 -0.920322 -0.522559 -0.387794 0.305140 -0.236977 0.000000 -0.098340 0.000000 0.000000 0.000000 0.172047 -0.902673 0.000000 0.000000 0.000000 0.000000 0.000000 0.000000 0.000000 0.000000 -0.830697 -0.255680 0.541993 0.000000 0.000000 0.065056 0.387943 0.000000 0.000000 -0.379477 -0.251908 0.000000 0.945566 0.831390 0.000000 0.924590 0.000000 0.000000 -0.882431 0.797741 -0.742579 -0.356312 0.000000 -0.223698 0.000000 -0.172086 -0.238110 -0.126341 0.422124 0.000000 0.000000 -0.273069 -0.203067 0.000000 -0.126901 0.000000 0.000000 0.000000 0.000000 0.857321 0.000000 0.000000 0.000000 0.000000 0.000000 0.000000 0.787127 0.000000 0.000000 0.000000 0.000000 0.000000 0.496163 0.000000 0.000000 0.000000 0.000000 0.000000 0.085045 0.000000 0.998659 0.000000 0.000000 -0.198436 0.000000 0.000000 0.439849 0.052134 0.000000 0.804684 0.879468 0.000000 0.033428 0.000000 0.000000 0.000000 0.081803 0.024513 0.833650 0.000000 0.808844 -0.668073 -0.016259 0.551715 0.282390 0.487469 0.000000 0.000000 0.028889 0.000000 0.000000 0.000000 -0.741398 -0.650538 0.563785 -0.892560 0.960706 0.000000 0.478344 0.000000 0.000000 0.009376 0.000000 0.000000 0.412416 -0.590151 0.871272 0.000000 0.000000 0.054653 0.491476 -0.171498 0.000000 0.000000 0.275897 0.430506 0.000000 0.000000 0.000000 0.000000 0.000000 0.027420 0.000000 0.000000 0.000000 -0.915142 
size 5 5 value 0.999619 0.936985 0.100916 -0.119554 -0.304329 0.936985 1.726475 -0.316973 0.247548 0.622152 0.100916 -0.316973 1.888881 -0.081417 1.071842 -0.119554 0.247548 -0.081417 0.190807 0.608454 -0.304329 0.622152 1.071842 0.608454 3.427287 
size 5 1 value 0.650289 0.000000 0.167407 0.000000 0.000000 
size 10 1 value 1.000000 1.000000 1.000000 1.000000 1.000000 1.000000 1.000000 1.000000 1.000000 1.000000 
# problem of player 4 with objects A, b (constraint), bnd, C, Q, b (obj), conv
size 10 5 value 4.000000 -3.000000 5.000000 -4.000000 8.000000 -3.000000 -7.000000 0.000000 4.000000 0.000000 5.000000 -7.000000 4.000000 -7.000000 6.000000 -6.000000 5.000000 3.000000 4.000000 0.000000 -5.000000 -5.000000 0.000000 -5.000000 6.000000 3.000000 -6.000000 -5.000000 4.000000 2.000000 7.000000 7.000000 -5.000000 6.000000 -4.000000 5.000000 6.000000 7.000000 -7.000000 5.000000 7.000000 -5.000000 -7.000000 7.000000 -4.000000 -6.000000 5.000000 6.000000 -5.000000 0.000000 
size 10 1 value 107.000000 105.000000 80.000000 111.000000 109.000000 90.000000 110.000000 82.000000 93.000000 29.000000 
size 5 2 value -5.000000 -5.000000 -5.000000 -5.000000 -5.000000 5.000000 5.000000 5.000000 5.000000 5.000000 
size 5 45 value -0.263910 0.000000 -0.563521 0.000000 0.000000 0.369580 -0.926946 -0.162974 -0.367771 -0.511074 -0.326718 0.000000 0.000000 0.000000 0.020217 0.000000 -0.944793 -0.332116 0.000000 -0.686070 0.517179 0.742000 -0.038129 0.000000 0.000000 0.000000 0.000000 0.815298 0.000000 0.675642 0.000000 0.519002 0.297332 0.000000 0.000000 0.000000 0.313164 0.000000 0.000000 0.000000 -0.494759 0.000000 0.953301 0.000000 0.000000 -0.920014 -0.343402 0.000000 0.000000 0.695505 0.000000 0.897241 0.000000 0.358300 0.000000 0.090369 0.274564 -0.296051 0.000000 -0.517403 0.000000 -0.001812 0.000000 0.000000 0.000000 -0.744817 -0.836522 -0.633362 -0.761548 -0.569434 0.000000 -0.386884 0.000000 -0.761819 0.403777 0.000000 -0.257427 0.000000 0.017767 0.811339 0.000000 -0.984315 0.000000 0.000000 0.000000 0.487236 0.144396 0.000000 0.000000 0.000000 0.000000 0.000000 0.182477 -0.158606 -0.204936 0.000000 0.000000 -0.866807 -0.884534 0.000000 0.000000 -0.838315 -0.106487 0.000000 0.000000 0.000000 0.000000 0.000000 0.000000 0.000000 0.154749 0.000000 0.888725 0.571417 0.000000 0.000000 0.000000 0.000000 0.000000 -0.641581 0.000000 0.000000 0.000000 0.000000 0.480323 -0.208184 0.135699 -0.697200 0.271395 0.707255 -0.374114 -0.949921 0.000000 -0.181521 0.000000 0.000000 -0.024501 0.000000 0.180741 -0.498353 -0.021366 0.000000 0.173022 0.000000 0.000000 0.822046 0.445805 0.000000 -0.740849 -0.536013 0.000000 -0.852577 0.000000 0.000000 -0.992729 -0.237304 -0.795145 0.000000 0.000000 0.542797 -0.216506 -0.098633 0.929904 0.000000 -0.208540 0.000000 0.405037 0.445709 0.000000 0.000000 0.000000 0.123808 0.000000 -0.561158 0.890717 0.000000 0.920527 0.000000 -0.853706 0.000000 0.674973 0.000000 0.741293 0.000000 0.000000 0.000000 0.052121 0.000000 0.794648 0.000000 0.000000 0.000000 -0.415124 -0.053610 0.817558 0.000000 0.000000 0.000000 0.000000 0.000000 -0.496696 0.362746 0.222973 0.000000 -0.713752 0.082300 0.455600 0.000000 0.720373 0.000000 0.000000 0.000000 -0.837761 0.000000 0.873673 0.000000 0.000000 -0.704113 0.000000 -0.522441 0.695680 -0.668976 0.000000 -0.475814 -0.689086 
size 5 5 value 0.197184 0.105155 0.407446 0.393050 0.500307 0.105155 0.515715 0.935933 -0.491980 -0.157005 0.407446 0.935933 2.590643 -0.935071 -0.326204 0.393050 -0.491980 -0.935071 2.572371 2.357801 0.500307 -0.157005 -0.326204 2.357801 2.498527 
size 5 1 value 0.000000 0.000000 0.667081 0.839068 0.000000 
size 10 1 value 1.000000 1.000000 1.000000 1.000000 1.000000 1.000000 1.000000 1.000000 1.000000 1.000000 
# problem of player 5 with objects A, b (constraint), bnd, C, Q, b (obj), conv
size 10 5 value -5.000000 -7.000000 -4.000000 -6.000000 3.000000 4.000000 -5.000000 0.000000 0.000000 4.000000 -2.000000 -6.000000 -8.000000 -2.000000 7.000000 0.000000 7.000000 -5.000000 -5.000000 -5.000000 0.000000 0.000000 -3.000000 -4.000000 5.000000 6.000000 7.000000 5.000000 6.000000 0.000000 7.000000 0.000000 2.000000 6.000000 -3.000000 0.000000 -6.000000 -4.000000 0.000000 4.000000 5.000000 -7.000000 4.000000 -3.000000 5.000000 5.000000 5.000000 7.000000 4.000000 4.000000 
size 10 1 value 76.000000 75.000000 88.000000 84.000000 91.000000 57.000000 114.000000 80.000000 57.000000 64.000000 
size 5 2 value -5.000000 -5.000000 -5.000000 -5.000000 -5.000000 5.000000 5.000000 5.000000 5.000000 5.000000 
size 5 45 value 0.000000 0.422579 -0.727978 0.000000 0.998923 0.000000 0.000000 0.000000 0.143389 0.000000 0.207043 -0.827928 0.949802 -0.272448 0.000000 0.000000 0.446473 0.000000 -0.945152 0.183495 -0.347216 -0.200967 -0.738292 -0.861050 0.713044 0.000000 0.500613 -0.620571 -0.240785 0.000000 0.000000 0.192401 0.290380 0.392947 0.225329 0.000000 0.302710 0.000000 -0.114539 0.780763 0.000000 0.000000 0.000000 -0.132519 0.000000 0.000000 0.000000 0.467420 0.229405 0.906006 -0.538631 0.000000 -0.594415 0.000000 0.800089 0.000000 0.000000 0.000000 0.501460 0.000000 0.048401 0.000000 0.000000 0.000000 -0.308127 0.000000 -0.585117 0.252168 0.282610 0.000000 0.000000 0.964366 0.000000 0.267253 0.000000 0.000000 -0.626670 -0.445419 0.000000 0.000000 0.882658 0.000000 0.000000 0.000000 0.031324 0.000000 0.000000 0.717835 0.000000 0.966249 0.000000 -0.581077 -0.039319 0.813312 -0.422400 -0.404958 0.000000 0.000000 0.000000 0.823110 0.000000 -0.281609 0.000000 0.000000 0.000000 0.000000 0.000000 -0.018115 0.000000 0.532188 0.000000 -0.769589 -0.626591 0.000000 0.065358 0.284059 0.064177 -0.542662 0.000000 0.000000 0.608994 0.323039 0.220792 0.940224 -0.460144 0.000000 0.000000 0.760992 0.414636 0.000000 -0.410813 0.000000 0.000000 0.000000 0.000000 -0.131959 0.000000 -0.380977 -0.802394 -0.868297 0.000000 -0.288834 -0.072836 0.784040 0.000000 0.000000 0.000000 0.678770 0.000000 -0.027199 0.543888 0.000000 -0.177551 0.434191 0.000000 -0.232504 0.000000 0.277735 0.000000 -0.237079 0.477394 0.000000 -0.869559 0.000000 0.000000 0.629028 0.109865 0.000000 0.000000 -0.009005 -0.959287 0.000000 -0.297394 0.000000 0.001850 0.000000 0.000000 -0.188468 0.570018 0.000000 0.206746 -0.555345 -0.152996 0.000000 0.795807 0.610529 0.563995 -0.872600 0.000000 0.117312 0.000000 -0.587626 0.000000 -0.132186 0.805944 0.405259 0.738055 0.000000 0.000000 0.000000 0.705660 0.000000 0.331720 0.943314 -0.734401 0.000000 0.954070 -0.915244 0.469579 0.000000 -0.222918 0.891258 -0.351946 0.000000 -0.392742 0.000000 0.000000 0.000000 0.000000 0.000000 -0.138411 0.000000 0.000000 0.000000 0.006217 
size 5 5 value 2.295700 0.724451 1.654169 -0.600770 -0.771094 0.724451 1.168382 0.674820 0.651782 0.674621 1.654169 0.674820 1.332443 -0.388789 -0.452798 -0.600770 0.651782 -0.388789 1.963183 0.913368 -0.771094 0.674621 -0.452798 0.913368 1.196839 
size 5 1 value 0.000000 -0.910143 -0.424787 0.000000 0.000000 
size 10 1 value 1.000000 1.000000 1.000000 1.000000 1.000000 1.000000 1.000000 1.000000 1.000000 1.000000 
# problem of player 6 with objects A, b (constraint), bnd, C, Q, b (obj), conv
size 10 5 value 0.000000 -5.000000 0.000000 6.000000 0.000000 0.000000 0.000000 6.000000 4.000000 -7.000000 -4.000000 0.000000 3.000000 0.000000 0.000000 0.000000 0.000000 4.000000 5.000000 -8.000000 5.000000 0.000000 0.000000 0.000000 7.000000 0.000000 -4.000000 0.000000 -6.000000 -6.000000 -5.000000 -3.000000 -4.000000 -3.000000 -4.000000 7.000000 -6.000000 4.000000 4.000000 6.000000 -6.000000 0.000000 -7.000000 0.000000 -4.000000 4.000000 5.000000 -5.000000 5.000000 -6.000000 
size 10 1 value 76.000000 31.000000 56.000000 36.000000 58.000000 43.000000 57.000000 72.000000 91.000000 125.000000 
size 5 2 value -5.000000 -5.000000 -5.000000 -5.000000 -5.000000 5.000000 5.000000 5.000000 5.000000 5.000000 
size 5 45 value -0.761481 0.000000 0.000000 -0.477918 0.907164 0.000000 0.000000 -0.867638 0.949591 -0.950740 0.003855 -0.617842 0.000000 -0.984619 -0.728358 0.467158 -0.384356 0.000000 0.097865 0.656764 -0.295425 0.000000 0.682400 -0.240634 -0.455202 -0.058871 0.000000 0.396175 0.193284 0.315784 0.864852 -0.654179 0.280262 0.482996 -0.465859 0.000000 0.000000 -0.794057 0.000000 0.000000 0.000000 0.000000 0.000000 0.000000 0.382875 0.202958 0.175313 0.989310 -0.319712 0.000000 0.195882 0.000000 -0.524552 0.000000 0.000000 0.000000 -0.964338 0.000000 0.652177 0.038183 0.014855 -0.452397 -0.641508 -0.370638 0.000000 0.625611 -0.059304 0.633288 0.108103 -0.430961 0.974722 0.000000 0.000000 0.000000 0.000000 0.000000 -0.927171 0.000000 0.000000 0.000000 -0.656769 0.000000 0.789012 0.000000 0.536287 0.106288 0.000000 0.000000 0.554721 -0.709792 -0.091261 0.000000 0.000000 0.000000 -0.287339 0.139435 0.000000 0.000000 0.670932 0.000000 0.189189 0.000000 0.000000 0.628110 0.808730 0.000000 0.000000 0.000000 0.862487 0.000000 0.000000 -0.645779 0.000000 0.000000 0.000000 -0.689673 0.286600 0.000000 0.000000 0.182768 0.616511 -0.502005 0.000000 0.000000 0.000000 0.000000 0.150391 0.561426 0.000000 0.214763 0.000000 0.448713 0.000000 0.263582 -0.148663 0.688290 -0.941549 -0.533382 0.000000 0.000000 0.821211 0.937021 0.000000 0.000000 -0.347940 0.000000 -0.033056 0.745284 0.000000 0.687578 0.367423 0.000000 0.836787 0.000000 0.841348 0.000000 -0.290722 0.000000 -0.570120 0.000000 0.000000 -0.661623 0.000000 0.000000 0.000000 0.000000 0.000000 -0.397589 -0.336358 0.273483 -0.623287 0.000000 0.000000 -0.896971 0.000000 -0.191648 -0.208362 0.000000 -0.356669 0.000000 -0.423075 0.000000 0.917756 0.000000 0.000000 0.223146 0.000000 0.000000 0.869821 0.000000 -0.033308 0.188017 0.037330 0.000000 0.000000 0.000000 0.755695 0.493689 -0.847716 0.000000 0.000000 -0.887531 0.000000 0.563052 -0.658557 0.000000 0.937810 0.000000 0.030075 0.000000 -0.942142 0.554684 0.481051 0.908528 0.000000 0.049870 -0.242657 -0.340259 -0.367375 0.110817 0.000000 -0.866147 0.000000 0.983528 -0.640675 
size 5 5 value 1.101780 0.124116 0.172869 0.360407 1.185691 0.124116 0.965614 0.511951 1.032731 -0.251307 0.172869 0.511951 1.095717 1.156264 -0.421143 0.360407 1.032731 1.156264 2.451729 0.420937 1.185691 -0.251307 -0.421143 0.420937 2.318768 
size 5 1 value 0.000000 0.000000 -0.377236 -0.078212 0.000000 
size 10 1 value 1.000000 1.000000 1.000000 1.000000 1.000000 1.000000 1.000000 1.000000 1.000000 1.000000 
# problem of player 7 with objects A, b (constraint), bnd, C, Q, b (obj), conv
size 10 5 value -5.000000 6.000000 4.000000 0.000000 6.000000 5.000000 8.000000 0.000000 0.000000 7.000000 -5.000000 -6.000000 -6.000000 0.000000 -5.000000 -5.000000 -6.000000 -5.000000 -4.000000 -4.000000 3.000000 0.000000 8.000000 0.000000 -6.000000 6.000000 -4.000000 -5.000000 5.000000 4.000000 -4.000000 0.000000 -2.000000 4.000000 -5.000000 5.000000 -5.000000 6.000000 0.000000 5.000000 6.000000 -4.000000 4.000000 -6.000000 0.000000 10.000000 6.000000 6.000000 5.000000 5.000000 
size 10 1 value 88.000000 61.000000 98.000000 38.000000 83.000000 122.000000 112.000000 83.000000 53.000000 96.000000 
size 5 2 value -5.000000 -5.000000 -5.000000 -5.000000 -5.000000 5.000000 5.000000 5.000000 5.000000 5.000000 
size 5 45 value 0.000000 0.000000 0.000000 0.000000 0.663701 -0.383263 0.773763 -0.805006 -0.888766 -0.430061 0.000000 0.000000 0.817157 0.000000 -0.538196 0.908863 0.000000 -0.095536 0.000000 0.000000 0.153531 0.000000 0.000000 0.538872 0.000000 0.609930 0.000000 0.000000 0.000000 0.000000 -0.893971 0.000000 -0.190129 0.000000 0.000000 0.343258 0.925065 -0.197554 0.000000 0.000000 0.000000 -0.955266 0.083015 0.000000 0.000000 0.000000 -0.961035 -0.294516 0.734112 0.000000 -0.181459 0.795210 0.000000 0.596105 0.730555 -0.438053 -0.849195 0.904708 -0.964170 0.000000 -0.432943 0.000000 0.000000 0.067253 0.000000 0.000000 0.331918 0.258870 -0.241139 0.000000 0.000000 0.717194 0.000000 -0.858591 0.000000 0.000000 -0.469320 0.000000 0.000000 0.000000 0.000000 0.000000 0.000000 0.000000 0.000000 -0.290057 0.495612 0.000000 0.000000 0.000000 0.000000 0.000000 -0.454301 -0.211541 0.000000 0.517868 0.000000 -0.697613 0.247936 -0.194624 -0.657739 -0.846147 -0.856223 0.000000 0.570231 0.000000 -0.628603 0.000000 0.000000 0.000000 0.000000 0.000000 0.000000 0.000000 0.000000 0.000000 0.000000 -0.012704 0.905373 0.000000 0.184144 -0.660429 0.000000 0.000000 0.000000 0.391184 0.684071 -0.943455 0.031456 0.495891 0.874981 0.815927 -0.358053 -0.213812 0.223931 0.000000 -0.125731 0.000000 0.000000 0.000000 0.487742 0.000000 -0.903842 -0.710897 0.000000 0.000000 0.000000 0.000000 0.000000 -0.322548 0.000000 0.000000 0.000000 0.000000 0.571498 0.612715 -0.411708 0.000000 0.118724 0.000000 0.677246 -0.039780 0.162215 0.000000 0.000000 0.000000 -0.336331 0.929193 0.153212 -0.161694 0.658391 0.791168 0.000000 0.000000 0.026941 0.000000 -0.854549 0.721901 0.000000 -0.319425 -0.939111 0.000000 -0.211595 -0.414701 -0.641101 0.000000 0.000000 0.000000 0.690786 0.000000 0.000000 0.000000 0.000000 0.000000 -0.816262 -0.651060 -0.914983 0.000000 0.000000 0.000000 -0.155459 -0.292568 0.000000 0.509309 -0.384999 0.000000 0.000000 0.151785 -0.545218 0.898192 0.000000 0.658436 0.359467 -0.093129 0.000000 0.000000 0.000000 0.000000 0.000000 0.000000 0.777279 0.649254 -0.379278 0.000000 0.000000 
size 5 5 value 0.928891 -0.092860 -0.944965 0.773112 -1.001842 -0.092860 2.497641 -1.018983 -0.663227 1.101031 -0.944965 -1.018983 2.128694 0.186592 0.353245 0.773112 -0.663227 0.186592 2.285495 -0.620552 -1.001842 1.101031 0.353245 -0.620552 2.863999 
size 5 1 value 0.000000 0.000000 0.553409 0.541461 -0.270428 
size 10 1 value 1.000000 1.000000 1.000000 1.000000 1.000000 1.000000 1.000000 1.000000 1.000000 1.000000 
# problem of player 8 with objects A, b (constraint), bnd, C, Q, b (obj), conv
size 10 5 value 0.000000 0.000000 7.000000 5.000000 0.000000 -4.000000 -9.000000 -6.000000 -6.000000 4.000000 0.000000 3.000000 5.000000 0.000000 6.000000 7.000000 0.000000 -4.000000 8.000000 0.000000 -3.000000 -7.000000 8.000000 -5.000000 0.000000 6.000000 0.000000 0.000000 3.000000 0.000000 0.000000 8.000000 -5.000000 0.000000 4.000000 -6.000000 8.000000 -3.000000 -7.000000 3.000000 -5.000000 0.000000 -6.000000 0.000000 2.000000 8.000000 0.000000 -6.000000 -5.000000 0.000000 
size 10 1 value 31.000000 72.000000 118.000000 38.000000 49.000000 119.000000 64.000000 74.000000 113.000000 27.000000 
size 5 2 value -5.000000 -5.000000 -5.000000 -5.000000 -5.000000 5.000000 5.000000 5.000000 5.000000 5.000000 
size 5 45 value -0.820377 0.226266 0.000000 0.000000 0.408789 0.000000 0.000000 -0.503014 0.000000 0.000000 0.000000 0.000000 0.449115 -0.594059 0.000000 0.743236 0.800108 0.000000 -0.773038 0.730761 0.000000 0.000000 0.000000 -0.162430 0.000000 0.000000 0.000000 -0.755492 0.000000 0.015638 0.000000 0.000000 0.000000 0.000000 0.000000 -0.522659 0.000000 -0.382380 0.000000 0.000000 -0.068501 -0.714986 0.000000 0.000000 -0.629180 0.000000 -0.502242 0.396930 0.000000 0.905549 0.470895 0.597008 0.000000 0.000000 0.000000 0.000000 0.830594 -0.136547 0.000000 0.000000 0.990750 0.000000 0.603468 -0.368950 0.000000 -0.697947 0.266223 -0.037062 -0.071681 0.000000 0.000000 0.000000 0.000000 -0.710577 0.866051 0.155064 0.855771 0.000000 0.000000 0.000000 0.000000 0.411646 0.000000 -0.558351 0.000000 -0.689733 -0.880922 0.000000 0.237877 0.621043 0.000000 0.074224 0.000000 0.451661 0.000000 0.000000 -0.895534 0.000000 0.000000 0.000000 -0.207595 0.000000 0.000000 0.000000 0.000000 -0.037378 -0.474001 -0.069536 0.000000 -0.034498 0.742067 0.000000 0.000000 0.285424 -0.875237 -0.795555 0.874458 0.532361 0.000000 -0.859178 0.000000 0.000000 0.494375 0.000000 0.000000 0.000000 0.000000 0.000000 0.239470 0.307528 0.000000 0.946620 0.000000 0.057767 0.000000 0.000000 0.779744 0.821335 -0.988857 -0.019564 0.546975 0.134293 0.675685 -0.240311 0.000000 0.000000 0.239447 0.026623 0.000000 0.000000 0.000000 -0.091464 0.000000 0.926797 0.000000 0.000000 0.000000 0.000000 0.000000 -0.967114 0.000000 0.000000 0.000000 -0.430207 -0.397020 0.000000 0.000000 0.432429 0.000000 0.320833 0.000000 0.530650 0.661643 -0.231657 0.000000 0.000000 0.001883 -0.342055 0.527827 -0.287723 0.000000 0.561624 0.408601 0.221241 0.000000 -0.123814 -0.649079 0.000000 0.515083 0.568772 -0.827730 0.000000 0.000000 0.000000 0.876678 0.000000 0.762681 0.000000 0.290431 0.000000 0.542651 0.000000 -0.698534 -0.136573 0.000000 -0.479889 0.000000 -0.663207 0.000000 0.347163 -0.553618 0.000000 0.000000 0.000000 0.846058 0.000000 0.600984 -0.140941 -0.955223 0.000000 -0.801144 -0.495677 0.000000 0.540353 0.000000 
size 5 5 value 0.892334 -0.228964 1.329655 0.060352 -0.375944 -0.228964 1.538728 -1.283215 -0.288250 0.910870 1.329655 -1.283215 3.380926 -0.670899 -0.811117 0.060352 -0.288250 -0.670899 2.570177 -0.919676 -0.375944 0.910870 -0.811117 -0.919676 1.008849 
size 5 1 value 0.934308 -0.921300 0.000000 -0.424089 0.789148 
size 10 1 value 1.000000 1.000000 1.000000 1.000000 1.000000 1.000000 1.000000 1.000000 1.000000 1.000000 
# problem of player 9 with objects A, b (constraint), bnd, C, Q, b (obj), conv
size 10 5 value 7.000000 4.000000 0.000000 -6.000000 -8.000000 8.000000 0.000000 2.000000 -7.000000 5.000000 0.000000 8.000000 -5.000000 4.000000 0.000000 2.000000 0.000000 -5.000000 0.000000 5.000000 5.000000 -3.000000 0.000000 -4.000000 6.000000 -4.000000 0.000000 3.000000 0.000000 -2.000000 0.000000 -5.000000 -4.000000 4.000000 0.000000 7.000000 -3.000000 -7.000000 4.000000 4.000000 5.000000 0.000000 -2.000000 4.000000 -3.000000 -4.000000 6.000000 -5.000000 0.000000 3.000000 
size 10 1 value 65.000000 80.000000 44.000000 84.000000 68.000000 102.000000 36.000000 89.000000 43.000000 75.000000 
size 5 2 value -5.000000 -5.000000 -5.000000 -5.000000 -5.000000 5.000000 5.000000 5.000000 5.000000 5.000000 
size 5 45 value -0.048339 0.000000 0.000000 0.374993 0.000000 0.895356 0.000000 0.000000 -0.064758 -0.981478 0.000000 0.000000 0.000000 0.000000 0.601830 0.000000 0.437379 0.000000 0.000000 0.678292 0.000000 0.000000 -0.556463 0.000000 0.000000 0.000000 0.000000 -0.687107 0.000000 0.000000 -0.824833 0.803029 0.000000 0.253956 0.000000 0.000000 0.000000 0.206426 0.711895 0.000000 0.807158 -0.035590 0.208793 0.000000 0.056719 0.250624 0.000000 -0.303940 0.000000 0.000000 -0.609953 0.000000 -0.902830 -0.101277 -0.211036 0.000000 0.000000 0.000000 0.000000 0.000000 -0.730886 -0.574671 0.000000 0.470270 0.858775 0.000000 0.000000 0.143001 0.000000 -0.968895 -0.187456 -0.806782 0.000000 -0.001452 -0.032144 0.156749 -0.128337 0.000000 0.000000 0.000000 0.000000 0.000000 0.000000 -0.301109 -0.306292 -0.547969 0.000000 0.000000 0.000000 -0.439411 -0.151093 0.000000 0.000000 -0.388772 0.000000 0.712128 -0.818479 0.000000 -0.438460 -0.245752 0.000000 0.000000 0.000000 -0.236334 -0.254136 0.000000 0.556072 0.000000 -0.770010 0.824512 -0.754512 0.000000 0.000000 0.000000 -0.986724 0.000000 -0.396922 0.000000 0.000000 0.000000 0.382130 0.000000 0.215227 -0.382419 0.000000 0.000000 -0.843847 0.000000 0.000000 0.000000 0.000000 0.862529 0.000000 0.000000 0.891841 0.000000 0.000000 0.000000 0.648812 -0.014250 0.000000 0.186588 0.654511 0.000000 0.000000 -0.992854 0.980399 0.000000 0.526465 0.000000 0.341542 -0.198493 -0.968709 0.128680 0.000000 -0.602187 0.000000 -0.370324 0.000000 -0.918157 0.399974 0.826314 0.636034 -0.241326 -0.697174 0.017983 0.742788 0.000000 0.000000 -0.970179 0.136777 0.842053 0.000000 0.884255 0.775954 0.000000 -0.032376 0.000000 0.000000 -0.137607 0.614271 0.000000 0.000000 0.567511 -0.160283 0.000000 0.000000 0.000000 -0.077238 -0.734175 -0.910627 0.000000 0.000000 -0.312194 0.000000 -0.316121 0.410149 -0.573135 0.793944 0.000000 0.000000 0.943110 0.000000 0.000000 -0.732277 0.718049 -0.547235 0.000000 -0.803066 0.000000 0.118270 -0.988200 -0.616398 0.661275 0.000000 0.000000 0.000000 0.582612 0.000000 0.000000 -0.312645 -0.802605 0.865389 0.906290 0.000000 
size 5 5 value 2.209394 0.640114 0.091463 -0.622579 1.710191 0.640114 0.933817 -0.710858 -0.255435 0.389277 0.091463 -0.710858 1.072499 0.323689 -0.136212 -0.622579 -0.255435 0.323689 2.095528 -1.163065 1.710191 0.389277 -0.136212 -1.163065 1.868290 
size 5 1 value 0.821584 0.464574 0.000000 0.000000 0.000000 
size 10 1 value 1.000000 1.000000 1.000000 1.000000 1.000000 1.000000 1.000000 1.000000 1.000000 1.000000 
