# problem of player 0 with objects A, b (constraint), bnd, C, Q, b (obj), conv
size 10 5 value -5.000000 -3.000000 -7.000000 4.000000 0.000000 -5.000000 -5.000000 -4.000000 0.000000 -6.000000 0.000000 -7.000000 -9.000000 0.000000 0.000000 3.000000 2.000000 -6.000000 0.000000 0.000000 5.000000 7.000000 0.000000 0.000000 -4.000000 5.000000 -4.000000 7.000000 8.000000 0.000000 -7.000000 7.000000 5.000000 -3.000000 -7.000000 8.000000 5.000000 -5.000000 0.000000 7.000000 -6.000000 -4.000000 -5.000000 0.000000 0.000000 0.000000 -5.000000 5.000000 -4.000000 0.000000 
size 10 1 value 87.000000 110.000000 101.000000 27.000000 43.000000 83.000000 82.000000 103.000000 47.000000 49.000000 
size 5 2 value -5.000000 -5.000000 -5.000000 -5.000000 -5.000000 5.000000 5.000000 5.000000 5.000000 5.000000 
size 5 45 value 0.875112 0.000000 0.000000 0.685024 -0.182618 -0.435187 -0.633816 -0.810162 0.000000 0.000000 -0.696335 0.935819 0.000000 0.000000 0.000000 0.000000 0.000000 -0.329420 0.000000 0.715575 0.165201 -0.097078 0.000000 -0.046851 0.000000 -0.008067 0.459683 0.000000 0.000000 -0.778371 0.000000 0.000000 0.057403 0.000000 0.000000 -0.921487 0.000000 -0.655132 0.000000 -0.650234 0.000000 0.000000 -0.644988 -0.550343 0.000000 0.370894 0.465015 0.000000 0.000000 0.000000 -0.563251 0.000000 -0.448188 0.771788 0.292302 0.000000 0.000000 0.000000 0.628410 0.000000 0.000000 -0.176685 0.870697 0.000000 -0.684809 0.372584 0.352638 0.000000 0.000000 0.391809 0.313583 -0.250431 0.000000 0.000000 -0.388073 0.000000 0.000000 0.000000 -0.092625 0.000000 0.517489 0.000000 0.219670 0.000000 0.052102 0.310752 0.000000 0.000000 0.000000 0.000000 0.000000 0.000000 0.214221 0.182984 -0.676811 0.000000 -0.107733 0.000000 0.000000 0.486204 0.000000 0.000000 -0.704018 0.000000 0.000000 0.000000 0.000000 0.000000 -0.191336 0.000000 0.000000 0.000000 0.000000 0.000000 -0.912606 0.000000 -0.027968 0.408612 0.000000 0.000000 0.843244 0.000000 0.000000 0.000000 0.614671 0.000000 0.000000 0.000000 0.000000 0.000000 0.000000 -0.555722 0.000000 0.000000 0.415337 -0.118056 0.000000 -0.965050 0.854446 0.000000 0.000000 0.000000 0.000000 0.000000 -0.821547 0.313152 0.000000 -0.078689 0.000000 0.000000 0.000000 0.000000 0.524591 0.000000 0.000000 0.000000 0.595007 0.539224 0.000000 0.000000 0.000000 0.000000 0.000000 0.000000 0.000000 0.000000 0.794903 -0.999147 -0.898080 0.000000 -0.674166 0.000000 -0.502233 0.000000 -0.469640 0.000000 0.183151 -0.800622 -0.840382 0.905141 0.000000 0.416660 0.000000 -0.401760 -0.461794 0.000000 0.000000 0.860538 0.000000 0.599721 0.348147 0.000000 -0.857213 -0.291931 0.354593 0.000000 0.531524 0.000000 0.929073 0.320860 0.000000 0.000000 0.759027 -0.645080 0.460207 0.815200 0.000000 0.000000 -0.703615 0.877675 0.197691 0.000000 0.000000 0.125160 -0.428986 0.721773 0.708382 0.191841 0.027561 -0.502783 0.000000 -0.405962 0.000000 0.000000 -0.168636 
size 5 5 value 1.107610 0.125821 0.283931 0.556279 1.348717 0.125821 0.550857 0.496164 0.661977 0.030033 0.283931 0.496164 1.902555 0.384476 -0.569814 0.556279 0.661977 0.384476 2.315108 1.029376 1.348717 0.030033 -0.569814 1.029376 2.357043 
size 5 1 value -0.985260 0.000000 -0.681197 -0.717833 0.000000 
size 10 1 value 1.000000 1.000000 1.000000 1.000000 1.000000 1.000000 1.000000 1.000000 1.000000 1.000000 
# problem of player 1 with objects A, b (constraint), bnd, C, Q, b (obj), conv
size 10 5 value -5.000000 0.000000 4.000000 0.000000 5.000000 0.000000 0.000000 -6.000000 -8.000000 -7.000000 0.000000 -6.000000 -4.000000 -5.000000 -2.000000 0.000000 -3.000000 4.000000 6.000000 0.000000 -6.000000 8.000000 -7.000000 0.000000 0.000000 -7.000000 0.000000 0.000000 -4.000000 3.000000 7.000000 0.000000 0.000000 0.000000 0.000000 -3.000000 4.000000 0.000000 6.000000 7.000000 0.000000 0.000000 -9.000000 -4.000000 0.000000 4.000000 6.000000 0.000000 5.000000 -7.000000 
size 10 1 value 68.000000 53.000000 95.000000 34.000000 29.000000 56.000000 51.000000 38.000000 112.000000 94.000000 
size 5 2 value -5.000000 -5.000000 -5.000000 -5.000000 -5.000000 5.000000 5.000000 5.000000 5.000000 5.000000 
size 5 45 value 0.995967 0.000000 0.624113 0.000000 0.605250 0.534436 -0.237274 0.098929 0.739756 0.000000 -0.116064 -0.678310 0.000000 0.000000 0.000000 -0.737341 0.000000 0.000000 0.587511 0.000000 -0.780895 0.000000 -0.963327 -0.113083 0.024152 0.000000 -0.921472 -0.545509 -0.088952 0.000000 -0.410353 0.847344 0.032087 0.000000 -0.814095 0.146790 0.000000 0.000000 0.000000 0.000000 0.000000 0.301769 0.000000 -0.612313 -0.756993 -0.694894 -0.490306 0.000000 0.000000 0.223873 0.000000 -0.174020 0.000000 0.356759 0.000000 -0.719151 0.926448 -0.946181 0.000000 -0.797133 -0.600742 0.000000 -0.916288 0.000000 0.738983 0.000000 0.000000 0.000000 0.000000 0.000000 -0.642743 0.164557 0.624152 0.000000 -0.082573 -0.629983 0.679265 0.000000 -0.320896 0.000000 0.000000 -0.288995 0.031097 0.000000 0.000000 -0.779728 -0.325015 -0.662908 0.000000 -0.455904 -0.273478 0.000000 -0.796040 -0.817632 -0.510958 -0.535718 -0.042006 0.000000 0.000000 0.000000 0.000000 0.000000 0.000000 0.000000 0.530144 0.380665 0.000000 0.250996 -0.516732 0.000000 0.000000 -0.859319 0.780447 -0.777013 0.000000 0.708178 -0.838602 0.000000 0.933545 0.000000 0.339208 0.000000 0.000000 0.634897 0.000000 0.000000 0.273150 -0.227952 0.581531 0.000000 -0.043477 0.002384 0.000000 0.000000 0.000000 0.531297 0.760460 0.000000 0.000000 0.946968 -0.132367 0.577594 -0.169373 -0.077204 0.000000 0.000000 0.000000 -0.521041 0.000000 0.000000 0.676272 0.000000 0.737586 -0.165837 -0.620419 0.000000 0.000000 0.000000 0.000000 0.000000 0.000000 0.000000 -0.233663 0.000000 -0.126466 0.000000 0.548009 0.000000 0.000000 0.000000 0.000000 0.000000 0.182491 0.000000 0.000000 0.000000 0.000000 0.000000 -0.093492 0.000000 0.160126 0.586535 0.000000 0.000000 0.000000 0.625128 0.793462 0.000000 0.202598 0.573885 0.000000 0.000000 -0.005894 0.000000 0.467023 0.000000 -0.684500 0.371446 0.686692 0.000000 0.000000 -0.583756 0.147485 0.000000 -0.509469 0.000000 0.000000 0.000000 0.000000 0.198734 0.331524 0.952315 0.000000 0.000000 0.000000 0.000000 0.379729 0.984936 0.000000 0.665130 0.000000 0.890523 0.962216 0.000000 0.100371 
size 5 5 value 1.502810 -1.133258 -0.542147 -1.185984 0.593754 -1.133258 2.324640 0.911390 0.777463 0.228823 -0.542147 0.911390 0.816780 0.409550 -0.336922 -1.185984 0.777463 0.409550 1.607286 -1.689533 0.593754 0.228823 -0.336922 -1.689533 2.903129 
size 5 1 value -0.683100 -0.883220 0.926766 -0.804939 0.792867 
size 10 1 value 1.000000 1.000000 1.000000 1.000000 1.000000 1.000000 1.000000 1.000000 1.000000 1.000000 
# problem of player 2 with objects A, b (constraint), bnd, C, Q, b (obj), conv
size 10 5 value 0.000000 -4.000000 -4.000000 5.000000 -4.000000 0.000000 6.000000 0.000000 -6.000000 -5.000000 0.000000 3.000000 4.000000 -7.000000 0.000000 0.000000 -6.000000 3.000000 0.000000 0.000000 -4.000000 6.000000 -5.000000 4.000000 -4.000000 -4.000000 4.000000 0.000000 -4.000000 0.000000 -3.000000 5.000000 7.000000 -4.000000 0.000000 0.000000 -4.000000 0.000000 -6.000000 -6.000000 0.000000 -7.000000 -7.000000 0.000000 0.000000 4.000000 -4.000000 4.000000 -5.000000 0.000000 
size 10 1 value 27.000000 97.000000 104.000000 77.000000 30.000000 30.000000 92.000000 27.000000 80.000000 41.000000 
size 5 2 value -5.000000 -5.000000 -5.000000 -5.000000 -5.000000 5.000000 5.000000 5.000000 5.000000 5.000000 
size 5 45 value 0.000000 0.000000 -0.243967 0.268828 0.000000 0.000000 0.000000 -0.045369 0.160308 -0.175684 -0.012536 -0.385047 0.000000 0.733127 0.000000 -0.826507 0.414490 0.000000 0.312018 0.000000 0.159302 0.969350 0.997783 0.757900 0.000000 0.788234 0.000000 -0.313294 -0.851906 0.000000 0.000000 -0.283222 -0.950250 0.162404 0.000000 -0.555328 0.000000 -0.133828 -0.100353 0.000000 0.000000 0.000000 0.000000 0.000000 0.000000 -0.568383 0.000000 0.700831 0.000000 -0.792171 0.657731 -0.936029 -0.145486 -0.848954 0.533608 0.000000 0.000000 0.000000 0.000000 0.000000 0.000000 0.295460 0.000000 -0.124118 0.030258 0.000000 0.693153 -0.845142 0.182533 -0.743280 0.973690 0.000000 0.000000 0.017792 -0.009382 0.703566 0.000000 0.873149 0.000000 0.000000 0.661783 0.000000 0.000000 0.975597 0.000000 0.000000 0.158072 0.000000 0.000000 0.000000 0.234556 0.000000 0.000000 0.000000 0.919259 0.369071 0.000000 0.000000 -0.496847 0.000000 0.000000 0.000000 0.980029 0.000000 0.000000 0.528747 0.000000 -0.277730 0.000000 -0.343694 0.000000 0.365802 0.000000 0.000000 -0.262293 0.000000 -0.441481 0.000000 0.000000 0.000000 -0.463700 0.000000 0.000000 0.000000 0.000000 0.000000 0.000000 0.000000 -0.592141 -0.293899 -0.770504 0.000000 0.831958 -0.534355 0.100816 0.000000 0.000000 0.000000 0.000000 0.000000 -0.052032 -0.464768 0.856364 0.000000 0.018575 0.000000 0.829747 0.003699 0.000000 0.000000 0.000000 0.000000 0.653181 0.486408 -0.064181 0.378024 0.000000 0.206585 -0.100141 0.000000 0.885107 -0.299827 0.000000 0.248649 -0.586574 0.000000 0.000000 0.000000 0.000000 0.000000 -0.306845 0.000000 0.000000 -0.641449 0.817200 0.739400 0.000000 0.000000 -0.054505 0.000000 -0.566471 0.000000 0.000000 0.000000 -0.217601 -0.546950 0.000000 0.554865 -0.801392 0.000000 0.000000 0.000000 0.000000 -0.824123 0.079372 0.698152 0.000000 0.000000 0.000000 0.000000 0.000000 0.000000 -0.311700 0.273509 -0.225381 -0.403708 0.049582 0.000000 0.000000 -0.344991 0.000000 0.000000 0.000000 0.540800 0.000000 0.000000 0.000000 0.000000 0.000000 0.000000 0.179153 -0.466770 -0.046709 0.000000 -0.128329 
size 5 5 value 0.520961 -0.305214 -0.349623 -0.906777 0.693748 -0.305214 1.715669 0.420266 0.516175 -1.416320 -0.349623 0.420266 1.644589 0.690861 0.097592 -0.906777 0.516175 0.690861 1.996482 -1.172806 0.693748 -1.416320 0.097592 -1.172806 2.766124 
size 5 1 value 0.000000 -0.087831 0.647806 0.000000 0.000000 
size 10 1 value 1.000000 1.000000 1.000000 1.000000 1.000000 1.000000 1.000000 1.000000 1.000000 1.000000 
# problem of player 3 with objects A, b (constraint), bnd, C, Q, b (obj), conv
size 10 5 value 5.000000 0.000000 0.000000 6.000000 0.000000 5.000000 0.000000 0.000000 6.000000 0.000000 -6.000000 7.000000 3.000000 0.000000 0.000000 0.000000 6.000000 -4.000000 5.000000 -4.000000 3.000000 -3.000000 0.000000 2.000000 3.000000 -6.000000 4.000000 -5.000000 -4.000000 -3.000000 0.000000 0.000000 6.000000 0.000000 0.000000 -7.000000 -5.000000 0.000000 -4.000000 0.000000 0.000000 -5.000000 0.000000 0.000000 3.000000 0.000000 3.000000 -4.000000 -4.000000 0.000000 
size 10 1 value 54.000000 59.000000 36.000000 34.000000 23.000000 68.000000 70.000000 49.000000 88.000000 27.000000 
size 5 2 value -5.000000 -5.000000 -5.000000 -5.000000 -5.000000 5.000000 5.000000 5.000000 5.000000 5.000000 
size 5 45 value -0.302074 0.719874 0.000000 0.000000 0.185383 0.009221 0.000000 -0.255754 0.000000 0.000000 -0.221557 -0.678671 -0.370588 0.000000 -0.716401 0.000000 0.000000 0.000000 0.000000 -0.468029 0.000660 -0.385062 0.000000 0.000000 0.386233 0.000000 0.543228 0.000000 0.555412 0.000000 0.147683 -0.129849 0.087585 0.421217 0.000000 0.000000 0.000000 0.866282 0.000000 0.001731 0.000000 0.000000 0.000000 0.795143 0.945230 0.000000 0.000000 -0.121485 -0.272214 0.000000 0.000000 0.000000 -0.809659 0.000000 0.217552 0.000000 -0.049919 0.211492 0.000000 0.000000 -0.496614 0.483581 0.000000 0.000000 0.554205 0.134557 -0.590186 0.000000 -0.062950 -0.356830 -0.077090 0.282526 0.935069 0.000000 0.798994 0.742972 0.000000 0.581188 0.000000 0.903987 0.000000 0.000000 -0.787075 0.000000 0.294478 0.000000 0.243124 0.023588 0.361590 -0.117514 0.300333 0.000000 0.000000 0.771156 0.431231 -0.149390 0.000000 -0.208457 0.000000 0.889115 0.000000 0.000000 0.000000 0.000000 -0.844593 0.000000 0.312799 0.000000 -0.071542 0.040959 -0.011258 0.238539 -0.110718 -0.713340 -0.687739 -0.728108 0.000000 0.488406 0.000000 0.729026 0.000000 0.863480 0.177436 -0.779120 0.000000 -0.190098 0.000000 -0.676808 0.000000 0.000000 -0.089903 0.000000 0.000000 0.000000 0.000000 0.059171 0.070611 0.000000 0.040805 0.000000 0.000000 0.307927 0.000000 0.000000 -0.985369 0.000000 0.074119 -0.480741 0.145239 -0.348544 0.952161 0.000000 0.274700 0.000000 0.591776 0.000000 0.000000 0.000000 0.000000 -0.321144 0.000000 0.000000 0.000000 0.000000 0.346449 0.000000 0.000000 -0.671347 -0.119906 0.000000 0.000000 0.000000 0.000000 0.595131 0.000000 0.596891 0.988876 0.000000 -0.755660 0.000000 -0.174962 0.000000 -0.600389 0.000000 0.000000 0.035686 0.000000 0.503905 0.000000 -0.496392 0.000000 0.000000 0.000000 0.000000 0.000000 0.000000 0.000000 0.000000 0.000000 0.000000 -0.835553 -0.121262 0.000000 0.268443 0.527475 0.000000 0.000000 0.891514 0.000000 0.240773 0.000000 0.000000 -0.749965 0.954622 0.000000 0.865906 -0.102883 0.637135 0.000000 -0.259117 -0.720681 0.000000 0.000000 0.000000 0.000000 
size 5 5 value 0.745712 -0.549675 -0.262472 0.359356 -0.435869 -0.549675 1.378782 0.444771 0.054039 -0.506652 -0.262472 0.444771 1.678282 0.342791 -0.504692 0.359356 0.054039 0.342791 0.722563 0.116379 -0.435869 -0.506652 -0.504692 0.116379 2.915494 
size 5 1 value 0.000000 0.000000 -0.069156 0.000000 0.000000 
size 10 1 value 1.000000 1.000000 1.000000 1.000000 1.000000 1.000000 1.000000 1.000000 1.000000 1.000000 
# problem of player 4 with objects A, b (constraint), bnd, C, Q, b (obj), conv
size 10 5 value -5.000000 -2.000000 -3.000000 -4.000000 0.000000 5.000000 5.000000 -4.000000 0.000000 0.000000 -5.000000 7.000000 -6.000000 0.000000 -8.000000 -3.000000 5.000000 9.000000 8.000000 0.000000 4.000000 0.000000 0.000000 -4.000000 4.000000 4.000000 3.000000 -4.000000 0.000000 0.000000 -4.000000 0.000000 -5.000000 0.000000 -5.000000 6.000000 4.000000 -3.000000 5.000000 -7.000000 5.000000 5.000000 0.000000 0.000000 0.000000 5.000000 6.000000 -4.000000 -4.000000 -4.000000 
size 10 1 value 87.000000 57.000000 54.000000 30.000000 67.000000 88.000000 88.000000 99.000000 67.000000 43.000000 
size 5 2 value -5.000000 -5.000000 -5.000000 -5.000000 -5.000000 5.000000 5.000000 5.000000 5.000000 5.000000 
size 5 45 value -0.895863 -0.554532 0.000000 0.562547 0.000000 -0.781892 0.000000 -0.605516 -0.593962 -0.564639 0.000000 0.000000 0.000000 -0.802577 0.000000 -0.431589 -0.380549 0.416135 0.583794 0.000000 -0.126857 0.000000 0.000000 0.000000 0.000000 0.000000 0.513936 0.000000 -0.807880 0.000000 0.000000 0.981212 0.657895 0.000000 0.000000 0.580594 0.000000 -0.925336 0.000000 -0.058266 0.000000 0.000000 0.425710 -0.882788 0.411278 -0.647873 -0.730736 0.000000 -0.016518 0.000000 0.809082 0.000000 0.000000 0.000000 0.000000 0.000000 0.696884 0.000000 0.000000 0.000000 0.000000 -0.120877 0.000000 0.000000 0.264399 -0.924501 -0.272836 0.000000 0.000000 0.000000 -0.100112 0.000000 0.000000 0.000000 -0.208565 0.810966 0.000000 0.000000 -0.684692 0.000000 -0.342553 -0.876891 0.000000 -0.844253 -0.552553 0.000000 -0.631216 0.000000 0.000000 0.000000 0.000000 -0.103015 0.000000 0.756936 -0.717429 0.145901 0.000000 0.557883 0.461858 0.000000 0.000000 -0.146495 0.000000 -0.197041 -0.355723 0.000000 -0.922986 0.000000 0.000000 0.000000 0.000000 0.000000 0.000000 -0.496032 0.273935 0.000000 0.000000 -0.710857 0.000000 -0.538865 0.000000 0.493193 0.234946 0.545284 0.989969 -0.903066 -0.884438 -0.422623 0.000000 0.000000 -0.874670 0.000000 0.462794 0.000000 0.000000 0.000000 0.000000 0.000000 0.000000 0.189410 0.000000 0.000000 -0.245268 -0.320833 0.000000 -0.927650 0.000000 0.000000 -0.544550 0.000000 0.000000 0.000000 -0.557240 0.949463 -0.156488 0.172224 0.000000 -0.078929 0.239538 0.000000 0.000000 0.000000 -0.976201 0.000000 0.000000 0.000000 0.000000 0.562464 0.000000 -0.122611 -0.162013 -0.300186 -0.140072 0.000000 0.000000 0.731402 0.000000 0.000000 -0.888354 -0.197858 0.000000 0.262313 0.823272 0.000000 0.000000 -0.198950 0.000000 -0.634015 0.361563 0.000000 0.000000 -0.144427 0.000000 0.000000 0.000000 0.000000 0.583998 -0.922792 0.000000 0.000000 -0.425076 0.000000 0.000000 -0.021932 0.000000 0.555634 0.000000 0.104536 -0.387245 0.151501 -0.855280 0.000000 -0.810557 0.000000 0.000000 0.000000 0.000000 0.000000 -0.388038 -0.332202 0.234577 0.707439 0.000000 0.000000 0.000000 
size 5 5 value 2.959849 -0.247564 -1.900471 -0.502493 0.301515 -0.247564 1.192282 0.542717 0.421517 -0.790579 -1.900471 0.542717 1.876730 0.217107 -0.008957 -0.502493 0.421517 0.217107 2.587747 -1.712912 0.301515 -0.790579 -0.008957 -1.712912 1.611510 
size 5 1 value 0.000000 0.000000 0.000000 -0.877519 0.749014 
size 10 1 value 1.000000 1.000000 1.000000 1.000000 1.000000 1.000000 1.000000 1.000000 1.000000 1.000000 
# problem of player 5 with objects A, b (constraint), bnd, C, Q, b (obj), conv
size 10 5 value -4.000000 -5.000000 0.000000 0.000000 0.000000 -3.000000 -8.000000 4.000000 5.000000 6.000000 3.000000 5.000000 6.000000 -3.000000 -5.000000 0.000000 -6.000000 0.000000 0.000000 5.000000 0.000000 -6.000000 0.000000 5.000000 6.000000 -5.000000 -5.000000 0.000000 -5.000000 -9.000000 -6.000000 -6.000000 -4.000000 0.000000 4.000000 0.000000 3.000000 -5.000000 7.000000 -4.000000 6.000000 0.000000 3.000000 0.000000 0.000000 0.000000 -7.000000 5.000000 -5.000000 -2.000000 
size 10 1 value 74.000000 83.000000 51.000000 31.000000 57.000000 31.000000 113.000000 53.000000 84.000000 107.000000 
size 5 2 value -5.000000 -5.000000 -5.000000 -5.000000 -5.000000 5.000000 5.000000 5.000000 5.000000 5.000000 
size 5 45 value -0.707877 0.732474 0.859267 0.000000 0.000000 0.000000 0.050837 0.824648 0.000000 -0.499643 0.000000 -0.281134 0.000000 0.000000 -0.110688 -0.640062 0.000000 -0.421326 -0.761744 0.000000 0.138199 -0.455813 0.000000 0.000000 0.000000 0.000000 -0.141223 0.000000 0.000000 0.000000 0.000000 0.000000 0.000000 0.002866 -0.181742 -0.024515 0.000000 0.000000 -0.371218 -0.851245 0.691103 0.000000 0.000000 0.000000 -0.380984 0.000000 -0.306476 0.995767 -0.208138 0.000000 -0.771150 -0.790666 -0.982971 0.000000 0.000000 0.439601 0.000000 0.000000 0.626694 0.000000 0.000000 0.000000 0.003500 0.439781 0.404704 0.000000 0.575791 0.000000 -0.817587 0.000000 0.000000 0.000000 -0.357672 0.010935 0.293009 0.000000 -0.560570 -0.558524 0.000000 0.924379 0.770224 0.681441 -0.542401 0.000000 0.788717 0.000000 0.000000 0.157979 -0.187729 -0.439228 -0.896173 -0.049224 -0.823829 0.087983 0.179529 0.000000 0.000000 -0.979125 0.000000 -0.769019 -0.164400 0.729188 0.000000 -0.962809 0.000000 0.098183 -0.513713 0.864205 0.742157 -0.301801 -0.979411 0.000000 -0.521202 0.000000 0.000000 0.000000 0.000000 0.000000 -0.457522 0.000000 0.000000 -0.418131 0.000000 0.000000 0.000000 0.750704 0.043675 -0.570638 0.000000 0.000000 0.000000 0.000000 0.000000 0.167066 0.000000 0.257462 0.120124 0.944291 0.994232 0.000000 0.508901 0.000000 0.929202 0.000000 0.847766 0.000000 -0.073977 0.000000 0.000000 0.000000 0.000000 -0.085667 0.000000 0.000000 0.000000 0.868158 -0.969107 0.000000 -0.703074 0.000000 0.000000 -0.026695 0.000000 0.000000 0.804771 0.000000 0.000000 0.000000 0.324066 -0.299186 0.000000 0.167746 0.000000 -0.262725 -0.491309 -0.761341 0.372533 0.887559 0.117631 0.292641 -0.730066 -0.415603 0.000000 0.000000 -0.759176 -0.125139 0.000000 0.000000 0.000000 -0.843390 -0.737799 0.840977 -0.373396 -0.910573 0.339796 0.000000 -0.787315 0.000000 0.000000 0.000000 0.537780 0.000000 0.131731 0.356474 -0.738543 0.647481 0.000000 0.000000 0.000000 0.000000 0.045127 0.000000 0.000000 0.000000 0.000000 0.000000 0.000000 0.000000 0.000000 0.000000 0.000000 -0.131937 0.000000 0.000000 0.000000 
size 5 5 value 0.407253 0.265860 0.216507 -0.016295 -0.019790 0.265860 2.248679 -0.244456 -0.787632 0.987181 0.216507 -0.244456 0.731329 0.123426 0.701944 -0.016295 -0.787632 0.123426 1.450384 0.031242 -0.019790 0.987181 0.701944 0.031242 2.140574 
size 5 1 value -0.457282 0.404207 -0.161330 0.000000 0.000000 
size 10 1 value 1.000000 1.000000 1.000000 1.000000 1.000000 1.000000 1.000000 1.000000 1.000000 1.000000 
# problem of player 6 with objects A, b (constraint), bnd, C, Q, b (obj), conv
size 10 5 value -4.000000 0.000000 5.000000 0.000000 9.000000 7.000000 0.000000 -7.000000 3.000000 -4.000000 4.000000 0.000000 -3.000000 -6.000000 -7.000000 0.000000 5.000000 6.000000 -4.000000 -4.000000 5.000000 -5.000000 -7.000000 5.000000 0.000000 0.000000 0.000000 4.000000 0.000000 0.000000 -6.000000 7.000000 0.000000 0.000000 0.000000 0.000000 7.000000 5.000000 4.000000 3.000000 -7.000000 5.000000 -6.000000 0.000000 0.000000 3.000000 -4.000000 -3.000000 5.000000 0.000000 
size 10 1 value 100.000000 65.000000 82.000000 41.000000 60.000000 40.000000 62.000000 97.000000 61.000000 42.000000 
size 5 2 value -5.000000 -5.000000 -5.000000 -5.000000 -5.000000 5.000000 5.000000 5.000000 5.000000 5.000000 
size 5 45 value 0.000000 -0.432821 0.826519 -0.328236 0.000000 0.000000 0.000000 0.000000 0.000000 0.689488 0.361718 0.000000 -0.899179 -0.923545 0.000000 -0.501856 -0.128839 0.000000 -0.972537 0.000000 0.062509 0.581253 -0.850857 0.000000 0.000000 0.000000 -0.126734 0.827864 0.000000 0.959275 0.000000 0.000000 -0.413798 0.000000 0.392386 0.932165 -0.325334 0.000000 -0.632755 -0.097346 0.637869 0.000000 -0.203586 0.679107 0.000000 0.000000 0.000000 -0.542264 0.000000 0.000000 -0.887664 0.000000 -0.677626 -0.117995 -0.925457 0.000000 -0.184609 -0.818409 0.158839 -0.216474 0.000000 0.000000 -0.962009 0.856764 0.000000 0.000000 0.000000 0.560426 0.956547 -0.160287 0.000000 -0.669949 -0.023668 0.000000 -0.825675 0.000000 0.000000 0.787054 0.000000 0.000000 -0.324273 -0.279063 0.319166 -0.222458 0.000000 -0.831072 0.000000 -0.189575 0.000000 -0.013770 0.000000 0.000000 -0.519881 -0.384839 0.555127 0.689708 -0.404461 0.655923 0.000000 0.507253 0.000000 0.841293 0.000000 -0.561085 -0.717121 0.000000 -0.597020 0.000000 -0.898896 0.000000 0.808066 0.005127 0.000000 0.599967 0.000000 0.252918 0.641083 -0.545356 0.000000 0.000000 0.274463 0.000000 0.000000 -0.469568 -0.349307 0.363030 0.000000 -0.102437 0.000000 0.395608 -0.174951 0.000000 0.000000 0.000000 -0.991923 0.718823 -0.264756 0.322425 -0.047090 -0.577545 0.346872 -0.835387 -0.117176 -0.112532 0.000000 -0.580324 0.000000 0.000000 0.000000 -0.735426 0.000000 -0.390105 0.000000 0.000000 0.106467 0.000000 0.000000 0.000000 -0.971714 -0.189356 0.000000 0.000000 0.000000 0.000000 -0.170398 0.048656 -0.341005 -0.859636 0.000000 0.000000 -0.546873 0.196910 0.000000 -0.748410 0.000000 0.383748 0.000000 0.000000 0.000000 0.154136 0.000000 0.000000 -0.905676 0.000000 0.000000 -0.975834 -0.474204 0.000000 0.000000 0.000000 -0.892995 0.774493 0.723960 0.077338 -0.083876 0.196526 0.031985 0.000000 0.000000 0.444550 0.000000 -0.119000 0.000000 -0.486858 0.000000 0.000000 0.000000 0.000000 0.000000 -0.978622 0.698786 0.000000 0.983007 -0.750521 0.000000 0.000000 0.000000 0.000000 0.000000 -0.214514 0.000000 0.000000 0.760490 0.000000 -0.672221 
size 5 5 value 1.450992 0.864841 0.242452 0.089097 -0.447084 0.864841 1.110975 0.888640 0.509172 -0.154444 0.242452 0.888640 1.417120 0.643129 -0.139173 0.089097 0.509172 0.643129 1.136410 0.125197 -0.447084 -0.154444 -0.139173 0.125197 1.384663 
size 5 1 value 0.000000 0.548008 -0.329259 0.359435 0.845263 
size 10 1 value 1.000000 1.000000 1.000000 1.000000 1.000000 1.000000 1.000000 1.000000 1.000000 1.000000 
# problem of player 7 with objects A, b (constraint), bnd, C, Q, b (obj), conv
size 10 5 value 0.000000 5.000000 4.000000 -3.000000 3.000000 0.000000 2.000000 0.000000 0.000000 6.000000 0.000000 -6.000000 0.000000 4.000000 0.000000 0.000000 0.000000 0.000000 -5.000000 -7.000000 -4.000000 4.000000 7.000000 -6.000000 0.000000 -6.000000 5.000000 -6.000000 0.000000 4.000000 -5.000000 0.000000 0.000000 5.000000 3.000000 3.000000 0.000000 0.000000 -3.000000 0.000000 0.000000 4.000000 -4.000000 -6.000000 -3.000000 4.000000 5.000000 -4.000000 0.000000 -2.000000 
size 10 1 value 34.000000 72.000000 58.000000 93.000000 34.000000 51.000000 48.000000 38.000000 31.000000 77.000000 
size 5 2 value -5.000000 -5.000000 -5.000000 -5.000000 -5.000000 5.000000 5.000000 5.000000 5.000000 5.000000 
size 5 45 value 0.000000 0.000000 0.000000 0.000000 -0.113204 0.000000 -0.622515 0.534886 0.358845 0.000000 -0.536568 -0.597540 -0.533065 -0.575182 0.000000 0.000000 0.098656 0.000000 0.000000 0.000000 0.000000 0.000000 0.158355 0.000000 0.888594 -0.305080 0.000000 -0.497004 0.000000 0.000000 0.000000 0.000000 -0.923049 0.000000 0.070240 0.098816 0.000000 -0.537568 0.000000 -0.826078 0.000000 0.000000 0.000000 0.000000 0.000000 0.018469 -0.490556 0.000000 0.284562 0.839375 -0.655282 0.000000 -0.594185 -0.677614 0.574223 0.000000 0.214866 -0.687066 -0.190820 0.000000 -0.537218 0.908962 0.041120 0.000000 0.000000 0.525761 -0.283768 0.217926 0.941658 0.000000 0.678769 0.000000 0.131520 0.000000 -0.126441 0.000000 -0.210059 0.000000 0.000000 0.000000 0.000000 0.399956 0.810473 0.000000 0.356363 0.000000 0.000000 0.631689 -0.568283 0.000000 0.153364 -0.570782 0.000000 -0.799332 0.000000 0.000000 0.000000 0.000000 0.000000 0.000000 0.000000 -0.417221 0.000000 0.000000 0.000000 0.000000 0.058939 0.841850 0.000000 -0.281563 -0.972691 0.658549 -0.914763 0.674947 -0.890668 0.000000 0.852589 -0.292984 0.067180 0.000000 0.000000 -0.852823 0.781164 -0.354951 -0.840473 0.000000 -0.135025 0.000000 0.678141 0.690133 -0.797266 0.000000 0.000000 -0.083373 0.000000 0.195723 0.000000 0.000000 0.000000 -0.385654 -0.440959 0.159765 -0.765722 0.000000 0.279621 0.000000 0.000000 -0.677811 0.466945 0.940533 0.000000 -0.184925 0.000000 0.000000 -0.045212 0.327047 0.000000 0.000000 0.954220 -0.310144 -0.881161 0.000000 0.050094 -0.784557 0.000000 0.000000 0.000000 0.000000 -0.437972 0.000000 0.000000 0.623300 0.000000 -0.887418 -0.585838 0.000000 0.000000 0.000000 0.561214 0.000000 -0.602784 0.000000 0.591850 -0.496959 0.629847 0.000000 -0.187238 0.000000 0.659682 -0.328796 0.000000 0.400541 -0.550488 0.000000 -0.332500 0.000000 0.595015 0.725407 0.000000 -0.355313 0.000000 -0.291778 0.000000 0.013673 0.000000 0.208088 0.089596 0.000000 -0.564734 0.000000 -0.314485 0.882839 0.000000 0.000000 -0.316585 0.000000 0.000000 -0.783784 -0.109832 0.000000 -0.082304 0.000000 0.000000 0.000000 0.756003 
size 5 5 value 2.240849 0.582951 -0.759330 -0.316967 -0.323478 0.582951 1.803037 -1.459237 0.168658 1.036852 -0.759330 -1.459237 2.666007 -0.022719 -1.350399 -0.316967 0.168658 -0.022719 0.959963 0.333877 -0.323478 1.036852 -1.350399 0.333877 2.279862 
size 5 1 value 0.801727 0.760240 0.000000 -0.205283 0.000000 
size 10 1 value 1.000000 1.000000 1.000000 1.000000 1.000000 1.000000 1.000000 1.000000 1.000000 1.000000 
# problem of player 8 with objects A, b (constraint), bnd, C, Q, b (obj), conv
size 10 5 value 0.000000 -6.000000 -8.000000 3.000000 4.000000 -5.000000 -6.000000 5.000000 0.000000 -3.000000 5.000000 7.000000 0.000000 -4.000000 4.000000 -5.000000 -3.000000 5.000000 -4.000000 4.000000 6.000000 5.000000 7.000000 -6.000000 -4.000000 3.000000 3.000000 -4.000000 0.000000 5.000000 0.000000 -7.000000 6.000000 5.000000 0.000000 7.000000 -6.000000 0.000000 -6.000000 4.000000 -8.000000 -4.000000 6.000000 -3.000000 -5.000000 4.000000 -4.000000 -5.000000 0.000000 4.000000 
size 10 1 value 73.000000 111.000000 102.000000 82.000000 64.000000 93.000000 86.000000 72.000000 38.000000 76.000000 
size 5 2 value -5.000000 -5.000000 -5.000000 -5.000000 -5.000000 5.000000 5.000000 5.000000 5.000000 5.000000 
size 5 45 value -0.403808 0.000000 -0.880108 0.416310 0.819264 -0.181779 0.000000 0.000000 -0.831700 -0.011164 -0.305283 0.734398 0.000000 0.636761 0.495435 0.264537 0.000000 -0.500321 -0.455372 0.000000 -0.733604 -0.848606 -0.949544 0.072899 0.000000 0.000000 0.000000 0.000000 0.767922 0.000000 0.000000 -0.754058 0.000000 -0.153029 0.000000 -0.466574 0.000000 0.000000 -0.351310 0.000000 0.852884 -0.311737 -0.789681 0.760281 0.000000 0.000000 0.000000 0.000000 0.000000 0.000000 0.000000 -0.839941 -0.940366 0.000000 -0.990976 0.000000 -0.705664 0.379635 0.707267 0.355237 0.000000 0.928430 -0.744497 -0.734027 0.714105 0.000000 0.000000 0.000000 0.000000 0.000000 -0.374576 0.701977 -0.892551 -0.988367 -0.049692 -0.575824 0.314654 0.000000 -0.998987 -0.898238 0.000000 0.684057 0.000000 0.694260 0.000000 0.000000 0.000000 -0.698389 0.000000 -0.892093 -0.791631 -0.351940 -0.107752 0.000000 -0.704340 -0.010617 -0.645790 0.405320 0.421820 0.000000 0.000000 0.000000 0.480958 -0.052624 0.000000 0.000000 0.000000 -0.197997 -0.022194 0.000000 -0.115195 0.000000 0.000000 0.172429 0.083252 0.000000 0.560710 0.000000 -0.313076 -0.042061 0.000000 0.056199 0.000000 0.362168 0.143134 -0.870252 0.192515 0.000000 -0.426444 -0.337209 0.000000 -0.815159 0.166236 0.000000 -0.045255 0.000000 -0.655340 0.000000 0.826084 0.105683 0.730643 0.000000 0.000000 0.000000 0.000000 0.322006 0.000000 0.840060 0.000000 -0.970108 -0.697320 -0.500583 0.000000 0.000000 0.840227 -0.051802 -0.308485 0.137196 0.000000 0.000000 -0.244709 0.000000 0.000000 0.000000 0.650802 0.000000 0.000000 0.000000 -0.012866 0.000000 -0.565940 0.000000 0.000000 0.000000 0.000000 0.123000 0.000000 -0.593394 0.000000 0.787404 -0.916323 0.000000 0.000000 0.072695 0.000000 0.864206 0.000000 -0.152267 -0.773889 0.000000 0.988093 0.000000 -0.078802 0.716921 0.000000 0.000000 0.827328 0.000000 0.000000 -0.657554 -0.636263 -0.005940 0.000000 0.805713 0.000000 0.000000 0.368640 0.000000 -0.036977 0.000000 0.000000 0.000000 0.156811 0.000000 -0.082943 0.000000 0.000000 0.000000 0.000000 -0.467278 0.000000 0.000000 0.000000 0.174039 -0.339047 
size 5 5 value 2.413026 1.707590 -0.464923 0.713386 -0.468800 1.707590 1.934142 -0.359637 0.832152 -0.985680 -0.464923 -0.359637 2.214674 1.228698 -1.093852 0.713386 0.832152 1.228698 1.760455 -0.631969 -0.468800 -0.985680 -1.093852 -0.631969 2.313105 
size 5 1 value 0.000000 -0.152532 0.000000 0.000000 0.000000 
size 10 1 value 1.000000 1.000000 1.000000 1.000000 1.000000 1.000000 1.000000 1.000000 1.000000 1.000000 
# problem of player 9 with objects A, b (constraint), bnd, C, Q, b (obj), conv
size 10 5 value -6.000000 -3.000000 -4.000000 0.000000 -7.000000 0.000000 5.000000 0.000000 -5.000000 2.000000 7.000000 -5.000000 3.000000 -3.000000 -4.000000 -4.000000 -5.000000 -10.000000 4.000000 0.000000 6.000000 -2.000000 4.000000 5.000000 -7.000000 0.000000 0.000000 -4.000000 0.000000 0.000000 3.000000 -7.000000 0.000000 -4.000000 -6.000000 0.000000 -6.000000 -7.000000 5.000000 0.000000 -5.000000 -4.000000 5.000000 -2.000000 -4.000000 7.000000 0.000000 -3.000000 -7.000000 5.000000 
size 10 1 value 104.000000 85.000000 61.000000 55.000000 108.000000 43.000000 60.000000 99.000000 80.000000 29.000000 
size 5 2 value -5.000000 -5.000000 -5.000000 -5.000000 -5.000000 5.000000 5.000000 5.000000 5.000000 5.000000 
size 5 45 value 0.000000 0.000000 -0.603467 0.000000 0.000000 0.000000 -0.572140 0.000000 0.000000 0.000000 0.000000 0.000000 0.000000 0.000000 0.000000 0.000000 0.000000 0.000000 0.234889 0.000000 0.000000 0.000000 -0.598373 0.000000 0.000000 0.000000 0.941078 0.852503 0.478345 0.722419 0.000000 -0.675213 -0.003365 -0.564037 0.000000 -0.642859 0.000000 -0.850575 0.000000 0.000000 0.000000 -0.087291 0.000000 0.144249 -0.006183 0.000000 -0.115901 0.000000 0.000000 0.000000 0.000000 0.000000 0.000000 0.000000 -0.212364 0.271197 -0.922638 0.000000 0.555901 -0.894006 0.000000 0.000000 0.000000 -0.857193 0.757890 0.731910 -0.939582 0.000000 -0.461410 -0.239655 0.000000 0.835893 0.627539 0.000000 0.748825 -0.036141 0.000000 -0.618378 -0.464669 0.000000 -0.977962 0.000000 0.353198 0.311754 -0.964435 0.551137 0.000000 -0.104774 0.000000 -0.221929 0.531784 -0.819720 -0.783278 0.000000 -0.115737 0.000000 0.651573 0.000000 -0.744189 0.411723 0.645716 -0.643510 -0.808406 0.000000 0.000000 -0.741158 -0.982303 -0.771675 -0.024825 0.000000 0.000000 0.000000 0.000000 -0.999879 0.000000 -0.651860 0.871949 -0.435605 -0.785975 0.000000 0.000000 -0.489409 0.000000 0.699756 0.709030 0.000000 0.300130 0.000000 0.000000 0.000000 0.000000 0.000000 0.000000 0.000000 0.000000 0.000000 0.119207 -0.305497 -0.994790 -0.194107 0.728968 -0.456078 0.268322 0.127723 -0.177074 -0.400825 0.152235 0.616470 0.597788 0.000000 -0.321960 0.000000 0.000000 0.000000 -0.425210 -0.822631 0.683819 0.894082 0.000000 -0.628436 0.749622 0.000000 0.195756 0.284168 0.000000 -0.103987 0.000000 0.000000 -0.934417 0.000000 0.000000 0.000000 0.000000 0.000000 0.000000 0.821321 -0.050398 -0.096737 -0.626953 0.000000 0.000000 -0.617064 0.009470 0.014812 -0.041492 0.000000 -0.833729 -0.660398 -0.560337 -0.992787 0.000000 0.000000 0.000000 0.000000 0.508115 -0.267853 -0.532661 0.000000 0.000000 0.000000 0.301794 0.000000 0.851382 -0.222718 0.000000 0.000000 0.897841 0.000000 0.000000 -0.151703 0.697126 0.575629 -0.466777 0.000000 0.000000 0.965201 0.000000 0.152309 0.145415 0.000000 0.000000 0.923915 0.000000 0.669685 0.381870 
size 5 5 value 0.647068 -0.541815 0.269716 -0.546992 -0.075876 -0.541815 1.950242 0.713858 0.662686 0.703283 0.269716 0.713858 1.266907 -0.773503 -0.019543 -0.546992 0.662686 -0.773503 1.448023 0.847509 -0.075876 0.703283 -0.019543 0.847509 1.127340 
size 5 1 value -0.415224 0.000000 0.000000 0.978451 0.439778 
size 10 1 value 1.000000 1.000000 1.000000 1.000000 1.000000 1.000000 1.000000 1.000000 1.000000 1.000000 
