# problem of player 0 with objects A, b (constraint), bnd, C, Q, b (obj), conv
size 8 3 value -4.000000 0.000000 -7.000000 5.000000 -4.000000 3.000000 5.000000 8.000000 5.000000 -9.000000 -5.000000 5.000000 5.000000 -6.000000 8.000000 -6.000000 6.000000 5.000000 7.000000 4.000000 7.000000 -6.000000 5.000000 5.000000 
size 8 1 value 57.000000 55.000000 72.000000 53.000000 62.000000 58.000000 69.000000 73.000000 
size 3 2 value -5.000000 -5.000000 -5.000000 5.000000 5.000000 5.000000 
size 3 3 value 0.061920 -0.104178 0.000000 0.015367 0.157531 0.000000 0.222349 0.000000 0.000000 
size 3 3 value 0.255090 -0.063479 -0.127262 -0.063479 0.099989 0.124945 -0.127262 0.124945 0.426456 
size 3 1 value -0.365662 0.000000 0.000000 
size 2 1 value 1.000000 1.000000 
# problem of player 1 with objects A, b (constraint), bnd, C, Q, b (obj), conv
size 8 3 value 6.000000 5.000000 -6.000000 5.000000 5.000000 0.000000 6.000000 0.000000 4.000000 6.000000 0.000000 0.000000 0.000000 -5.000000 -2.000000 7.000000 -6.000000 -6.000000 5.000000 -7.000000 6.000000 3.000000 -5.000000 5.000000 
size 8 1 value 61.000000 64.000000 41.000000 46.000000 41.000000 31.000000 52.000000 46.000000 
size 3 2 value -5.000000 -5.000000 -5.000000 5.000000 5.000000 5.000000 
size 3 3 value 0.000000 0.000000 0.000000 0.000000 -0.228578 0.000000 0.007849 0.000000 0.262887 
size 3 3 value 0.579152 -0.364922 0.608374 -0.364922 0.815154 -0.604690 0.608374 -0.604690 0.729927 
size 3 1 value -0.417037 0.000000 0.000000 
size 2 1 value 1.000000 1.000000 
