# problem of player 0 with objects A, b (constraint), bnd, C, Q, b (obj), conv
size 8 3 value 0.000000 -5.000000 4.000000 -7.000000 0.000000 6.000000 -5.000000 -4.000000 5.000000 6.000000 -7.000000 6.000000 -6.000000 3.000000 -4.000000 3.000000 4.000000 6.000000 -4.000000 0.000000 -6.000000 4.000000 3.000000 5.000000 
size 8 1 value 34.000000 64.000000 58.000000 49.000000 45.000000 51.000000 46.000000 46.000000 
size 3 2 value -5.000000 -5.000000 -5.000000 5.000000 5.000000 5.000000 
size 3 3 value 0.394448 0.000000 0.000000 0.000000 0.000000 0.213574 0.000000 0.000000 0.000000 
size 3 3 value 0.925108 0.206196 0.018399 0.206196 0.511746 0.077864 0.018399 0.077864 0.033561 
size 3 1 value 0.000000 0.230585 0.146477 
size 2 1 value 1.000000 1.000000 
# problem of player 1 with objects A, b (constraint), bnd, C, Q, b (obj), conv
size 8 3 value 6.000000 -5.000000 5.000000 5.000000 0.000000 -4.000000 -4.000000 -5.000000 0.000000 4.000000 4.000000 -4.000000 -7.000000 -3.000000 4.000000 7.000000 3.000000 0.000000 -7.000000 -9.000000 -5.000000 -5.000000 -7.000000 -5.000000 
size 8 1 value 36.000000 34.000000 62.000000 72.000000 46.000000 46.000000 58.000000 65.000000 
size 3 2 value -5.000000 -5.000000 -5.000000 5.000000 5.000000 5.000000 
size 3 3 value -0.214053 0.000000 0.000000 0.215678 0.000000 -0.066739 -0.029375 0.060713 0.000000 
size 3 3 value 0.878857 0.080965 -0.421176 0.080965 0.828359 0.182156 -0.421176 0.182156 0.290983 
size 3 1 value 0.249018 0.000000 0.146810 
size 2 1 value 1.000000 1.000000 
