# problem of player 0 with objects A, b (constraint), bnd, C, Q, b (obj), conv
size 8 3 value 0.000000 -3.000000 -3.000000 -4.000000 9.000000 0.000000 4.000000 0.000000 -4.000000 5.000000 -3.000000 0.000000 -2.000000 -5.000000 0.000000 -5.000000 -3.000000 5.000000 -4.000000 5.000000 0.000000 5.000000 4.000000 7.000000 
size 8 1 value 27.000000 50.000000 38.000000 34.000000 49.000000 38.000000 30.000000 46.000000 
size 3 2 value -5.000000 -5.000000 -5.000000 5.000000 5.000000 5.000000 
size 3 3 value 0.000000 -0.258498 0.000000 0.000000 0.000000 0.000000 0.000000 0.000000 0.000000 
size 3 3 value 0.293506 -0.071473 -0.005610 -0.071473 0.676388 0.091496 -0.005610 0.091496 0.077491 
size 3 1 value -0.139629 -0.311210 0.000000 
size 2 1 value 1.000000 1.000000 
# problem of player 1 with objects A, b (constraint), bnd, C, Q, b (obj), conv
size 8 3 value 0.000000 6.000000 0.000000 -4.000000 5.000000 -5.000000 5.000000 -4.000000 4.000000 -7.000000 2.000000 0.000000 -4.000000 0.000000 -7.000000 0.000000 -7.000000 3.000000 -6.000000 4.000000 0.000000 -5.000000 6.000000 2.000000 
size 8 1 value 43.000000 63.000000 34.000000 30.000000 34.000000 38.000000 68.000000 24.000000 
size 3 2 value -5.000000 -5.000000 -5.000000 5.000000 5.000000 5.000000 
size 3 3 value -0.179059 0.000000 0.000000 0.225688 0.056556 0.000000 0.000000 0.358759 0.289029 
size 3 3 value 0.502368 0.029106 0.096169 0.029106 0.568421 -0.263365 0.096169 -0.263365 0.630596 
size 3 1 value -0.182167 0.000000 0.000000 
size 2 1 value 1.000000 1.000000 
