# problem of player 0 with objects A, b (constraint), bnd, C, Q, b (obj), conv
size 8 4 value 0.000000 4.000000 5.000000 -5.000000 -6.000000 -3.000000 6.000000 -3.000000 0.000000 -2.000000 7.000000 5.000000 0.000000 0.000000 0.000000 4.000000 8.000000 -6.000000 -5.000000 -5.000000 0.000000 6.000000 -5.000000 5.000000 -5.000000 -5.000000 6.000000 -3.000000 2.000000 4.000000 3.000000 0.000000 
size 8 1 value 50.000000 68.000000 87.000000 69.000000 34.000000 51.000000 54.000000 46.000000 
size 4 2 value -5.000000 -5.000000 -5.000000 -5.000000 5.000000 5.000000 5.000000 5.000000 
size 4 4 value 0.000000 0.851676 0.000000 -0.980045 0.618755 0.217617 -0.040173 0.000000 0.000000 -0.037981 0.000000 0.000000 -0.661516 -0.483107 0.000000 0.000000 
size 4 4 value 1.540845 0.564764 0.408456 0.608988 0.564764 1.897531 -0.538585 0.452994 0.408456 -0.538585 1.457103 0.636659 0.608988 0.452994 0.636659 1.059901 
size 4 1 value 0.000000 0.000000 0.000000 0.000000 
size 2 1 value 1.000000 1.000000 
# problem of player 1 with objects A, b (constraint), bnd, C, Q, b (obj), conv
size 8 4 value 0.000000 7.000000 5.000000 6.000000 0.000000 6.000000 2.000000 4.000000 0.000000 5.000000 -4.000000 3.000000 -6.000000 -4.000000 -5.000000 -5.000000 5.000000 -5.000000 0.000000 -4.000000 -4.000000 4.000000 0.000000 -6.000000 5.000000 5.000000 0.000000 0.000000 -7.000000 -6.000000 -4.000000 6.000000 
size 8 1 value 38.000000 84.000000 34.000000 51.000000 65.000000 76.000000 44.000000 80.000000 
size 4 2 value -5.000000 -5.000000 -5.000000 -5.000000 5.000000 5.000000 5.000000 5.000000 
size 4 4 value -0.201613 0.000000 0.000000 -0.277987 0.000000 0.000000 0.000000 0.000000 0.809227 0.447192 0.000000 -0.403966 0.383423 0.000000 0.849097 -0.837494 
size 4 4 value 3.028182 -0.261457 -1.952344 1.106333 -0.261457 1.154346 0.071022 0.054619 -1.952344 0.071022 1.458081 -0.602495 1.106333 0.054619 -0.602495 0.571368 
size 4 1 value -0.034654 0.000000 -0.494178 0.767923 
size 2 1 value 1.000000 1.000000 
