# problem of player 0 with objects A, b (constraint), bnd, C, Q, b (obj), conv
size 8 4 value -5.000000 7.000000 5.000000 4.000000 -8.000000 -4.000000 -4.000000 0.000000 0.000000 4.000000 0.000000 0.000000 -5.000000 -4.000000 0.000000 6.000000 5.000000 5.000000 -6.000000 -6.000000 0.000000 -5.000000 8.000000 -8.000000 5.000000 4.000000 -7.000000 8.000000 5.000000 -5.000000 5.000000 0.000000 
size 8 1 value 56.000000 77.000000 68.000000 70.000000 69.000000 68.000000 67.000000 53.000000 
size 4 2 value -5.000000 -5.000000 -5.000000 -5.000000 5.000000 5.000000 5.000000 5.000000 
size 4 4 value -0.124211 -0.299239 0.000000 0.000000 0.000000 0.000000 0.280388 -0.674121 0.000000 0.000000 0.000000 0.000000 0.000000 0.000000 0.138536 0.000000 
size 4 4 value 1.701402 0.682202 0.374547 0.012754 0.682202 1.349654 -0.807986 -0.641137 0.374547 -0.807986 2.020222 0.540830 0.012754 -0.641137 0.540830 1.107172 
size 4 1 value 0.000000 0.000000 0.770440 0.589179 
size 2 1 value 1.000000 1.000000 
# problem of player 1 with objects A, b (constraint), bnd, C, Q, b (obj), conv
size 8 4 value 0.000000 0.000000 0.000000 -4.000000 0.000000 -2.000000 -5.000000 -3.000000 4.000000 3.000000 0.000000 9.000000 -6.000000 5.000000 0.000000 5.000000 -3.000000 0.000000 -6.000000 -8.000000 5.000000 4.000000 5.000000 5.000000 -5.000000 5.000000 4.000000 3.000000 0.000000 -9.000000 4.000000 -8.000000 
size 8 1 value 46.000000 31.000000 38.000000 98.000000 41.000000 84.000000 53.000000 83.000000 
size 4 2 value -5.000000 -5.000000 -5.000000 -5.000000 5.000000 5.000000 5.000000 5.000000 
size 4 4 value -0.286589 0.505716 -0.779903 0.194090 -0.138810 0.461436 0.000000 0.000000 -0.098073 0.000000 -0.735922 -0.094355 0.304399 0.000000 -0.383846 -0.195273 
size 4 4 value 0.925789 0.318910 0.048768 -1.208047 0.318910 1.906238 -0.125465 -0.185515 0.048768 -0.125465 1.826492 -0.223957 -1.208047 -0.185515 -0.223957 1.740807 
size 4 1 value 0.768463 0.401159 -0.516255 0.000000 
size 2 1 value 1.000000 1.000000 
