# problem of player 0 with objects A, b (constraint), bnd, C, Q, b (obj), conv
size 8 4 value -4.000000 0.000000 2.000000 -4.000000 0.000000 0.000000 0.000000 -5.000000 6.000000 7.000000 0.000000 7.000000 -3.000000 -7.000000 -4.000000 6.000000 -2.000000 5.000000 0.000000 -7.000000 7.000000 5.000000 -6.000000 5.000000 -2.000000 -3.000000 3.000000 4.000000 2.000000 0.000000 3.000000 6.000000 
size 8 1 value 58.000000 59.000000 19.000000 86.000000 51.000000 46.000000 51.000000 83.000000 
size 4 2 value -5.000000 -5.000000 -5.000000 -5.000000 5.000000 5.000000 5.000000 5.000000 
size 4 4 value 0.000000 0.851737 0.000000 0.000000 0.000000 0.020199 0.000000 0.000000 0.000000 0.000000 0.476753 0.952877 0.046598 0.000000 -0.585684 0.000000 
size 4 4 value 1.952581 -1.529592 -0.115084 0.938724 -1.529592 2.148972 -0.539834 -0.509514 -0.115084 -0.539834 1.120779 0.299736 0.938724 -0.509514 0.299736 0.887168 
size 4 1 value 0.000000 0.000000 -0.340192 -0.315790 
size 2 1 value 1.000000 1.000000 
# problem of player 1 with objects A, b (constraint), bnd, C, Q, b (obj), conv
size 8 4 value -8.000000 0.000000 6.000000 6.000000 7.000000 0.000000 0.000000 6.000000 0.000000 5.000000 0.000000 7.000000 5.000000 -5.000000 0.000000 6.000000 -7.000000 3.000000 7.000000 7.000000 6.000000 6.000000 5.000000 0.000000 -4.000000 6.000000 0.000000 -6.000000 0.000000 4.000000 -8.000000 -6.000000 
size 8 1 value 74.000000 54.000000 49.000000 98.000000 68.000000 57.000000 50.000000 68.000000 
size 4 2 value -5.000000 -5.000000 -5.000000 -5.000000 5.000000 5.000000 5.000000 5.000000 
size 4 4 value 0.000000 0.126475 0.078621 0.000000 -0.533819 0.000000 -0.082052 0.000000 0.000000 0.000000 -0.305627 -0.492564 0.905056 0.000000 0.000000 0.000000 
size 4 4 value 0.250368 -0.016399 0.002276 0.029159 -0.016399 1.022931 0.279175 -0.656450 0.002276 0.279175 0.353016 0.139974 0.029159 -0.656450 0.139974 1.382909 
size 4 1 value 0.483258 0.411800 0.401784 0.000000 
size 2 1 value 1.000000 1.000000 
