# problem of player 0 with objects A, b (constraint), bnd, C, Q, b (obj), conv
size 10 5 value 4.000000 -7.000000 0.000000 0.000000 7.000000 3.000000 -4.000000 8.000000 6.000000 -5.000000 0.000000 0.000000 5.000000 5.000000 5.000000 -5.000000 0.000000 0.000000 5.000000 3.000000 -2.000000 -7.000000 -5.000000 0.000000 6.000000 0.000000 -8.000000 -7.000000 6.000000 5.000000 -8.000000 -9.000000 -7.000000 5.000000 -4.000000 0.000000 0.000000 0.000000 -6.000000 -5.000000 0.000000 -5.000000 -5.000000 -5.000000 0.000000 -5.000000 0.000000 3.000000 2.000000 4.000000 
size 10 1 value 60.000000 107.000000 84.000000 56.000000 84.000000 50.000000 47.000000 72.000000 98.000000 84.000000 
size 5 2 value -5.000000 -5.000000 -5.000000 -5.000000 -5.000000 5.000000 5.000000 5.000000 5.000000 5.000000 
size 5 5 value -0.587944 -0.826667 0.543868 -0.588651 0.000000 0.000000 0.000000 0.000000 -0.031039 -0.696309 0.563864 -0.798787 0.000000 0.000000 0.061745 0.000000 -0.189369 -0.790308 0.000000 0.568856 -0.416859 0.000000 0.928845 0.000000 0.389504 
size 5 5 value 2.494774 -1.154064 0.758202 0.717612 1.017067 -1.154064 1.587394 -0.061856 -1.226999 -0.301268 0.758202 -0.061856 0.882307 0.480016 0.554706 0.717612 -1.226999 0.480016 2.401388 -0.039092 1.017067 -0.301268 0.554706 -0.039092 0.648737 
size 5 1 value 0.516199 -0.134715 0.310996 -0.780490 0.867520 
size 2 1 value 1.000000 1.000000 
# problem of player 1 with objects A, b (constraint), bnd, C, Q, b (obj), conv
size 10 5 value -5.000000 0.000000 4.000000 -5.000000 -8.000000 0.000000 6.000000 -9.000000 4.000000 -6.000000 0.000000 0.000000 -7.000000 -5.000000 0.000000 7.000000 -4.000000 -3.000000 6.000000 0.000000 0.000000 0.000000 6.000000 0.000000 0.000000 0.000000 -5.000000 7.000000 7.000000 0.000000 0.000000 6.000000 0.000000 -7.000000 5.000000 -4.000000 6.000000 0.000000 -5.000000 9.000000 4.000000 -2.000000 0.000000 0.000000 0.000000 -4.000000 8.000000 -5.000000 0.000000 0.000000 
size 10 1 value 34.000000 34.000000 65.000000 65.000000 50.000000 58.000000 112.000000 96.000000 84.000000 57.000000 
size 5 2 value -5.000000 -5.000000 -5.000000 -5.000000 -5.000000 5.000000 5.000000 5.000000 5.000000 5.000000 
size 5 5 value 0.821140 0.000000 0.000000 0.000000 -0.233387 0.234558 0.000000 0.060103 0.000000 0.000000 0.000000 0.000000 0.608899 0.000000 0.000000 0.000000 0.000000 0.000000 0.000000 -0.866107 0.878797 0.000000 0.000000 0.000000 0.000000 
size 5 5 value 2.042069 -0.918728 -0.107988 1.201448 -0.642998 -0.918728 1.191200 -0.075054 -0.311624 0.844232 -0.107988 -0.075054 2.147327 -1.038815 -0.525904 1.201448 -0.311624 -1.038815 2.194316 -0.168655 -0.642998 0.844232 -0.525904 -0.168655 1.230382 
size 5 1 value 0.770719 0.798010 0.251875 -0.724262 0.000000 
size 2 1 value 1.000000 1.000000 
