# problem of player 0 with objects A, b (constraint), bnd, C, Q, b (obj), conv
size 10 5 value -5.000000 -3.000000 -6.000000 6.000000 -2.000000 4.000000 5.000000 -4.000000 -5.000000 5.000000 -6.000000 -4.000000 0.000000 6.000000 3.000000 0.000000 -6.000000 0.000000 0.000000 6.000000 5.000000 3.000000 0.000000 5.000000 -6.000000 0.000000 0.000000 -5.000000 -8.000000 0.000000 5.000000 -5.000000 7.000000 -3.000000 6.000000 0.000000 0.000000 0.000000 5.000000 0.000000 0.000000 6.000000 0.000000 -6.000000 5.000000 3.000000 -4.000000 -3.000000 -2.000000 0.000000 
size 10 1 value 79.000000 82.000000 49.000000 100.000000 88.000000 27.000000 57.000000 46.000000 81.000000 41.000000 
size 5 2 value -5.000000 -5.000000 -5.000000 -5.000000 -5.000000 5.000000 5.000000 5.000000 5.000000 5.000000 
size 5 5 value 0.000000 0.000000 0.198200 0.000000 0.150531 0.016271 0.000000 0.000000 0.000000 -0.352183 -0.480235 0.000000 0.000000 0.000000 -0.032590 0.000000 0.000000 0.000000 0.000000 -0.072207 -0.232806 0.253736 0.398376 0.228444 0.000000 
size 5 5 value 1.101738 -0.333179 0.731640 0.146847 0.419555 -0.333179 1.423784 0.059623 -0.071002 -0.495751 0.731640 0.059623 0.950186 -0.129086 -0.191140 0.146847 -0.071002 -0.129086 1.023921 0.305606 0.419555 -0.495751 -0.191140 0.305606 1.119095 
size 5 1 value 0.438316 0.000000 0.000000 0.454755 -0.232252 
size 2 1 value 1.000000 1.000000 
# problem of player 1 with objects A, b (constraint), bnd, C, Q, b (obj), conv
size 10 5 value 0.000000 -9.000000 -5.000000 -6.000000 0.000000 8.000000 4.000000 0.000000 0.000000 -6.000000 4.000000 -4.000000 0.000000 0.000000 0.000000 -4.000000 6.000000 0.000000 -5.000000 3.000000 6.000000 0.000000 4.000000 5.000000 4.000000 -4.000000 5.000000 0.000000 0.000000 7.000000 0.000000 5.000000 5.000000 0.000000 0.000000 -4.000000 0.000000 -6.000000 -6.000000 0.000000 0.000000 0.000000 0.000000 -5.000000 -7.000000 0.000000 0.000000 -5.000000 0.000000 0.000000 
size 10 1 value 38.000000 72.000000 53.000000 60.000000 43.000000 79.000000 57.000000 41.000000 41.000000 63.000000 
size 5 2 value -5.000000 -5.000000 -5.000000 -5.000000 -5.000000 5.000000 5.000000 5.000000 5.000000 5.000000 
size 5 5 value -0.201185 0.203969 -0.118389 0.000000 0.000000 0.342949 0.000000 0.439003 0.000000 0.000000 -0.496909 -0.412531 -0.239273 0.000000 0.000000 0.000000 0.000000 0.426169 0.000000 -0.161915 0.000000 -0.159522 0.000000 0.007799 0.356656 
size 5 5 value 0.954243 -0.114747 -0.199564 -0.773373 0.231149 -0.114747 0.988490 0.063489 0.269572 -0.269601 -0.199564 0.063489 0.823628 0.425154 -0.270336 -0.773373 0.269572 0.425154 0.756130 -0.350784 0.231149 -0.269601 -0.270336 -0.350784 0.387802 
size 5 1 value 0.000000 0.195691 0.127904 -0.049612 -0.026382 
size 2 1 value 1.000000 1.000000 
