# problem of player 0 with objects A, b (constraint), bnd, C, Q, b (obj), conv
size 10 4 value -4.000000 0.000000 5.000000 3.000000 0.000000 7.000000 -7.000000 -7.000000 5.000000 6.000000 4.000000 0.000000 6.000000 -6.000000 2.000000 5.000000 -4.000000 0.000000 0.000000 0.000000 0.000000 -6.000000 0.000000 5.000000 0.000000 -3.000000 -2.000000 4.000000 -6.000000 0.000000 0.000000 -2.000000 8.000000 0.000000 -5.000000 0.000000 -4.000000 0.000000 4.000000 -7.000000 
size 10 1 value 30.000000 34.000000 73.000000 54.000000 29.000000 59.000000 69.000000 43.000000 57.000000 49.000000 
size 4 2 value -5.000000 -5.000000 -5.000000 -5.000000 5.000000 5.000000 5.000000 5.000000 
size 4 12 value 0.000000 -0.215868 0.719141 0.000000 0.000000 0.894425 0.000000 0.000000 0.000000 0.000000 -0.202969 -0.875586 0.000000 0.000000 0.000000 -0.806992 0.000000 -0.615160 0.000000 0.000000 0.000000 0.311659 0.933000 -0.535699 -0.406800 -0.204893 0.000000 0.420631 -0.235535 0.331635 0.607122 0.000000 -0.141977 0.000000 0.000000 0.559721 -0.863869 0.289602 0.000000 0.078884 0.000000 -0.699867 0.000000 0.000000 0.000000 0.000000 0.000000 -0.512017 
size 4 4 value 0.640955 -0.628871 -0.199844 0.239978 -0.628871 1.725221 0.515591 0.290852 -0.199844 0.515591 1.956929 -0.334470 0.239978 0.290852 -0.334470 0.532586 
size 4 1 value -0.007667 0.000000 0.533268 -0.660251 
size 4 1 value 1.000000 1.000000 1.000000 1.000000 
# problem of player 1 with objects A, b (constraint), bnd, C, Q, b (obj), conv
size 10 4 value 4.000000 -2.000000 -5.000000 7.000000 -4.000000 -4.000000 6.000000 -5.000000 0.000000 -5.000000 4.000000 0.000000 -5.000000 4.000000 -7.000000 0.000000 0.000000 9.000000 0.000000 -6.000000 -6.000000 0.000000 -4.000000 4.000000 0.000000 0.000000 0.000000 0.000000 -4.000000 -7.000000 5.000000 5.000000 0.000000 -6.000000 0.000000 -6.000000 6.000000 -7.000000 -7.000000 -5.000000 
size 10 1 value 72.000000 29.000000 53.000000 81.000000 43.000000 38.000000 45.000000 81.000000 43.000000 87.000000 
size 4 2 value -5.000000 -5.000000 -5.000000 -5.000000 5.000000 5.000000 5.000000 5.000000 
size 4 12 value 0.696331 0.000000 0.000000 0.000000 0.277911 0.000000 0.000000 0.000000 0.080516 0.000000 -0.896955 0.000000 -0.883993 0.191541 0.349394 0.000000 0.239820 0.000000 0.000000 0.188259 0.000000 0.000000 0.000000 0.158193 0.000000 0.772579 -0.677382 0.000000 0.479322 0.000000 0.000000 -0.824531 -0.696266 -0.211202 0.000000 0.323752 0.000000 0.513575 -0.915105 -0.537904 0.000000 0.000000 0.000000 -0.471843 0.000000 0.000000 0.000000 0.230101 
size 4 4 value 0.824543 0.653897 -0.527284 -0.291381 0.653897 2.157443 -1.001894 0.021218 -0.527284 -1.001894 2.373914 0.254735 -0.291381 0.021218 0.254735 0.301500 
size 4 1 value 0.000000 0.000000 0.000000 -0.795413 
size 4 1 value 1.000000 1.000000 1.000000 1.000000 
# problem of player 2 with objects A, b (constraint), bnd, C, Q, b (obj), conv
size 10 4 value 0.000000 -5.000000 0.000000 6.000000 5.000000 4.000000 -6.000000 -7.000000 0.000000 5.000000 7.000000 -8.000000 -4.000000 6.000000 -4.000000 -5.000000 -5.000000 0.000000 4.000000 -4.000000 -6.000000 -2.000000 0.000000 5.000000 4.000000 0.000000 -5.000000 5.000000 -7.000000 4.000000 -4.000000 0.000000 -5.000000 4.000000 4.000000 6.000000 -5.000000 -6.000000 -5.000000 5.000000 
size 10 1 value 65.000000 63.000000 34.000000 80.000000 64.000000 57.000000 79.000000 68.000000 62.000000 68.000000 
size 4 2 value -5.000000 -5.000000 -5.000000 -5.000000 5.000000 5.000000 5.000000 5.000000 
size 4 12 value 0.563231 0.786475 0.000000 0.000000 -0.614331 0.570158 0.000000 0.243616 0.000000 0.544440 -0.111454 0.000000 0.000000 0.000000 0.735848 0.000000 0.680781 0.000000 0.388954 0.000000 -0.724473 0.000000 0.000000 -0.067436 0.000000 0.000000 -0.461235 0.000000 0.153605 -0.729989 0.000000 0.000000 0.000000 0.862849 -0.249203 0.000000 0.000000 0.000000 -0.941148 0.000000 0.000000 0.000000 0.714023 -0.015852 0.000000 0.000000 0.000000 -0.458799 
size 4 4 value 2.629228 -0.297668 -1.225010 -0.122070 -0.297668 2.657146 1.266397 2.033712 -1.225010 1.266397 1.274461 0.978566 -0.122070 2.033712 0.978566 1.705767 
size 4 1 value 0.000000 -0.507611 0.380135 0.000000 
size 4 1 value 1.000000 1.000000 1.000000 1.000000 
# problem of player 3 with objects A, b (constraint), bnd, C, Q, b (obj), conv
size 10 4 value -6.000000 5.000000 -4.000000 -6.000000 -4.000000 6.000000 -5.000000 -4.000000 4.000000 0.000000 6.000000 -6.000000 0.000000 4.000000 4.000000 -8.000000 3.000000 6.000000 7.000000 5.000000 4.000000 -6.000000 6.000000 0.000000 6.000000 -5.000000 9.000000 4.000000 0.000000 -5.000000 0.000000 -5.000000 0.000000 0.000000 8.000000 0.000000 7.000000 -5.000000 -6.000000 0.000000 
size 10 1 value 61.000000 83.000000 38.000000 38.000000 86.000000 73.000000 96.000000 72.000000 65.000000 38.000000 
size 4 2 value -5.000000 -5.000000 -5.000000 -5.000000 5.000000 5.000000 5.000000 5.000000 
size 4 12 value -0.290573 0.547264 0.000000 0.837468 0.000000 -0.990346 0.000000 0.000000 0.000000 0.000000 -0.348330 0.000000 0.000000 0.000000 0.000000 0.768426 0.438148 0.033143 0.000000 0.000000 0.818217 0.000000 0.500836 0.000000 0.081633 -0.845132 0.000000 0.000000 0.000000 0.900910 -0.813789 0.325908 0.448241 0.000000 0.647640 0.000000 -0.494589 0.115641 0.717151 0.000000 -0.934607 -0.097985 0.000000 0.422535 -0.539162 0.000000 0.000000 0.427900 
size 4 4 value 0.908029 -0.405031 -0.047841 -0.829187 -0.405031 1.360444 1.244305 0.076541 -0.047841 1.244305 1.415354 -0.351001 -0.829187 0.076541 -0.351001 0.997435 
size 4 1 value 0.000000 0.862340 0.225007 -0.413682 
size 4 1 value 1.000000 1.000000 1.000000 1.000000 
