# problem of player 0 with objects A, b (constraint), bnd, C, Q, b (obj), conv
size 10 5 value 0.000000 -5.000000 0.000000 -6.000000 2.000000 4.000000 3.000000 5.000000 -5.000000 -4.000000 4.000000 6.000000 -4.000000 -7.000000 0.000000 0.000000 0.000000 -3.000000 6.000000 6.000000 4.000000 0.000000 0.000000 -4.000000 7.000000 5.000000 -4.000000 -7.000000 -4.000000 0.000000 3.000000 -6.000000 0.000000 -5.000000 -4.000000 -4.000000 0.000000 3.000000 0.000000 -4.000000 0.000000 -4.000000 4.000000 6.000000 -4.000000 6.000000 4.000000 7.000000 -8.000000 0.000000 
size 10 1 value 42.000000 80.000000 30.000000 107.000000 69.000000 72.000000 42.000000 100.000000 89.000000 54.000000 
size 5 2 value -5.000000 -5.000000 -5.000000 -5.000000 -5.000000 5.000000 5.000000 5.000000 5.000000 5.000000 
size 5 20 value 0.395585 0.000000 -0.733983 0.966656 -0.147910 0.000000 -0.013472 0.969655 0.000000 -0.139157 0.677614 -0.573165 -0.274069 0.000000 0.000000 0.725483 0.000000 0.000000 0.000000 0.732623 -0.532142 0.000000 0.000000 0.000000 -0.701544 -0.313261 0.000000 0.000000 0.000000 -0.332340 0.000000 0.499122 0.000000 0.000000 -0.195724 0.000000 -0.032337 0.000000 0.365807 0.000000 0.497473 -0.580972 -0.838146 0.000000 -0.430978 0.075355 0.000000 0.000000 0.142889 -0.162937 0.772689 0.000000 -0.912170 -0.125446 0.000000 0.000000 -0.726647 -0.217986 0.000000 0.822838 0.589898 0.000000 0.000000 0.697156 0.000000 0.000000 0.000000 0.000000 0.000000 0.000000 0.131111 0.000000 0.000000 0.000000 -0.362581 -0.819858 -0.265852 0.000000 -0.479785 0.000000 0.000000 0.980592 0.000000 0.000000 0.000000 -0.668469 0.000000 0.000000 0.000000 -0.226464 0.932494 0.000000 0.000000 0.330591 0.000000 0.533631 -0.917573 0.000000 0.000000 0.000000 
size 5 5 value 0.743232 -0.644976 0.554211 -0.081286 -0.158740 -0.644976 1.873516 -0.140056 -0.075364 -0.189539 0.554211 -0.140056 1.240033 -0.676051 -0.387845 -0.081286 -0.075364 -0.676051 2.011928 -0.680990 -0.158740 -0.189539 -0.387845 -0.680990 1.283121 
size 5 1 value 0.000000 -0.472333 0.136141 -0.832577 0.931003 
size 5 1 value 1.000000 1.000000 1.000000 1.000000 1.000000 
# problem of player 1 with objects A, b (constraint), bnd, C, Q, b (obj), conv
size 10 5 value -5.000000 0.000000 0.000000 2.000000 0.000000 0.000000 6.000000 -4.000000 0.000000 4.000000 4.000000 6.000000 0.000000 4.000000 0.000000 4.000000 -3.000000 -6.000000 0.000000 0.000000 -4.000000 -2.000000 -6.000000 2.000000 0.000000 -8.000000 -3.000000 2.000000 -5.000000 7.000000 0.000000 -4.000000 4.000000 3.000000 3.000000 7.000000 5.000000 0.000000 4.000000 6.000000 0.000000 0.000000 -4.000000 5.000000 -2.000000 0.000000 0.000000 6.000000 -5.000000 0.000000 
size 10 1 value 49.000000 49.000000 54.000000 64.000000 19.000000 74.000000 67.000000 72.000000 53.000000 65.000000 
size 5 2 value -5.000000 -5.000000 -5.000000 -5.000000 -5.000000 5.000000 5.000000 5.000000 5.000000 5.000000 
size 5 20 value -0.063573 0.348995 0.000000 0.000000 0.000000 0.000000 0.000000 0.622356 -0.661356 0.896823 -0.008793 0.395338 0.000000 -0.340000 0.434608 0.000000 0.000000 0.812748 -0.147202 0.669485 -0.896849 0.000000 0.000000 0.000000 0.000000 0.832059 -0.010291 0.000000 0.447485 -0.758975 -0.131307 0.000000 0.000000 -0.196696 0.000000 -0.544211 0.000000 0.000000 0.142442 -0.961412 0.038155 0.551181 0.000000 0.787001 0.000000 0.000000 0.000000 0.000000 0.000000 0.000000 0.000000 0.000000 0.705759 0.000000 -0.768790 -0.003378 -0.301698 0.000000 -0.641482 0.000000 0.116775 0.000000 0.000000 0.000000 0.000000 0.000000 0.000000 -0.347968 0.307323 0.000000 0.331859 0.000000 -0.879827 0.541865 0.000000 0.000000 -0.796718 0.584095 0.462915 0.000000 -0.050886 0.996726 0.043794 0.000000 0.570193 0.000000 0.000000 0.567882 -0.021348 -0.675115 0.813095 -0.468918 -0.046271 -0.828909 0.000000 0.000000 -0.875316 0.000000 -0.813398 -0.185898 
size 5 5 value 2.535532 -0.273803 -0.332319 0.080238 0.829594 -0.273803 0.729215 -0.104958 -0.352500 -0.006443 -0.332319 -0.104958 0.284169 0.222051 -0.508452 0.080238 -0.352500 0.222051 0.628757 -0.863102 0.829594 -0.006443 -0.508452 -0.863102 2.079793 
size 5 1 value 0.000000 -0.805813 -0.523667 0.341035 -0.700168 
size 5 1 value 1.000000 1.000000 1.000000 1.000000 1.000000 
# problem of player 2 with objects A, b (constraint), bnd, C, Q, b (obj), conv
size 10 5 value 5.000000 0.000000 5.000000 0.000000 4.000000 -8.000000 -5.000000 7.000000 3.000000 -9.000000 -4.000000 -2.000000 -3.000000 5.000000 0.000000 4.000000 0.000000 -7.000000 0.000000 0.000000 7.000000 0.000000 8.000000 0.000000 0.000000 4.000000 -2.000000 6.000000 0.000000 -6.000000 -5.000000 6.000000 0.000000 6.000000 0.000000 -6.000000 5.000000 -5.000000 -4.000000 0.000000 0.000000 0.000000 0.000000 -2.000000 7.000000 4.000000 0.000000 2.000000 4.000000 -7.000000 
size 10 1 value 80.000000 34.000000 64.000000 52.000000 43.000000 102.000000 48.000000 107.000000 42.000000 84.000000 
size 5 2 value -5.000000 -5.000000 -5.000000 -5.000000 -5.000000 5.000000 5.000000 5.000000 5.000000 5.000000 
size 5 20 value 0.000000 0.000000 -0.046136 0.000000 -0.978556 0.571533 -0.766652 -0.717027 0.000000 0.000000 0.000000 0.000000 0.997359 0.000000 0.000000 0.000000 0.000000 0.474675 0.927550 0.000000 0.000000 0.000000 0.000000 0.306071 0.000000 0.000000 -0.640131 0.000000 0.000000 0.000000 0.408939 0.000000 0.000000 0.000000 0.330539 0.094713 0.000000 0.000000 0.000000 0.132408 0.000000 -0.588901 0.000000 0.420571 0.000000 0.000000 0.000000 0.000000 0.000000 0.000000 0.000000 -0.936272 0.000000 0.000000 -0.029272 0.121286 0.000000 -0.076976 0.000000 -0.192294 0.759910 0.000000 0.000000 0.240145 0.745251 0.000000 0.000000 0.000000 0.000000 0.000000 0.165924 0.000000 0.386104 0.000000 0.000000 0.000000 0.321343 0.000000 0.237560 0.000000 -0.973897 -0.419522 0.000000 0.647978 0.000000 0.000000 0.000000 0.000000 0.457774 0.000000 0.318520 -0.658016 0.368861 0.000000 0.000000 0.111382 0.000000 0.748370 0.000000 -0.647868 
size 5 5 value 0.996590 1.281685 0.382700 0.035741 -0.326203 1.281685 2.428041 0.215750 1.082585 0.118719 0.382700 0.215750 1.916313 -0.523970 0.368131 0.035741 1.082585 -0.523970 1.698607 0.854442 -0.326203 0.118719 0.368131 0.854442 0.949641 
size 5 1 value 0.000000 0.000000 0.366072 0.000000 0.524862 
size 5 1 value 1.000000 1.000000 1.000000 1.000000 1.000000 
# problem of player 3 with objects A, b (constraint), bnd, C, Q, b (obj), conv
size 10 5 value -4.000000 0.000000 4.000000 4.000000 -2.000000 0.000000 0.000000 -6.000000 6.000000 0.000000 5.000000 -2.000000 0.000000 0.000000 5.000000 -3.000000 -2.000000 0.000000 3.000000 0.000000 0.000000 0.000000 0.000000 0.000000 -5.000000 0.000000 0.000000 -6.000000 -3.000000 5.000000 0.000000 -4.000000 0.000000 5.000000 4.000000 0.000000 4.000000 -6.000000 4.000000 -7.000000 3.000000 0.000000 -7.000000 -5.000000 -5.000000 -5.000000 5.000000 5.000000 5.000000 0.000000 
size 10 1 value 46.000000 24.000000 43.000000 53.000000 82.000000 31.000000 44.000000 86.000000 82.000000 46.000000 
size 5 2 value -5.000000 -5.000000 -5.000000 -5.000000 -5.000000 5.000000 5.000000 5.000000 5.000000 5.000000 
size 5 20 value 0.000000 -0.429801 0.000000 0.000000 -0.203845 0.000000 0.000000 0.000000 0.250456 0.000000 0.000000 0.000000 -0.718571 -0.393131 0.000000 -0.674990 0.000000 0.199566 -0.971373 0.000000 0.000000 -0.047170 0.000000 0.000000 0.205608 0.000000 0.000000 0.000000 0.000000 0.000000 -0.509440 0.000000 0.000000 0.000000 0.000000 0.000000 0.000000 0.000000 0.000000 0.000000 0.028263 0.082777 0.000000 0.702321 0.458181 -0.696832 -0.119608 0.000000 0.000000 0.584877 -0.360383 0.000000 0.345265 -0.259504 0.000000 0.000000 0.088175 0.000000 -0.976983 0.448705 0.000000 0.000000 0.279952 0.316394 -0.942381 0.000000 -0.030889 0.127664 0.000000 -0.098545 0.000000 0.219604 0.877089 0.030551 0.416737 -0.336882 0.479401 0.000000 0.000000 -0.337733 0.450758 0.000000 0.000000 0.000000 0.399727 0.806034 0.000000 -0.023220 -0.066777 -0.487546 0.792160 0.000000 -0.491453 0.760602 0.000000 0.000000 0.000000 0.000000 -0.582020 -0.149702 
size 5 5 value 0.356424 0.236185 -0.071347 -0.119293 -0.618181 0.236185 1.544444 -1.326557 -0.495323 -0.296664 -0.071347 -1.326557 2.347010 -0.040834 -0.543938 -0.119293 -0.495323 -0.040834 0.855455 0.637355 -0.618181 -0.296664 -0.543938 0.637355 2.053999 
size 5 1 value 0.441005 0.292583 0.846023 0.000000 0.000000 
size 5 1 value 1.000000 1.000000 1.000000 1.000000 1.000000 
# problem of player 4 with objects A, b (constraint), bnd, C, Q, b (obj), conv
size 10 5 value 0.000000 3.000000 4.000000 0.000000 0.000000 -4.000000 0.000000 -7.000000 -8.000000 6.000000 -2.000000 -5.000000 -4.000000 0.000000 -6.000000 -5.000000 0.000000 -4.000000 0.000000 6.000000 0.000000 0.000000 0.000000 -6.000000 0.000000 5.000000 4.000000 6.000000 0.000000 5.000000 -5.000000 -4.000000 3.000000 0.000000 4.000000 -6.000000 0.000000 6.000000 0.000000 5.000000 0.000000 0.000000 0.000000 5.000000 6.000000 0.000000 -5.000000 -6.000000 3.000000 -4.000000 
size 10 1 value 29.000000 46.000000 42.000000 41.000000 61.000000 76.000000 34.000000 110.000000 45.000000 99.000000 
size 5 2 value -5.000000 -5.000000 -5.000000 -5.000000 -5.000000 5.000000 5.000000 5.000000 5.000000 5.000000 
size 5 20 value 0.130042 0.219067 0.687243 0.000000 -0.347984 0.405431 0.000000 0.000000 0.000000 0.000000 0.994522 -0.581375 0.066903 -0.386742 0.000000 0.311885 0.000000 0.000000 0.000000 -0.010262 -0.065190 0.000000 -0.295415 0.000000 0.000000 0.000000 0.104254 -0.420308 0.000000 -0.898507 0.000000 -0.778324 0.000000 0.000000 0.133489 0.236038 0.000000 0.235726 -0.474275 0.000000 0.193124 0.033281 0.323869 -0.943930 0.621060 0.569357 -0.578326 0.514812 -0.680770 -0.575509 0.000000 0.297069 0.000000 0.000000 -0.931557 0.474809 0.000000 0.555649 0.000000 0.000000 0.000000 0.000000 0.780956 0.000000 -0.408066 -0.169915 0.000000 0.000000 -0.717632 0.000000 0.000000 -0.100479 0.000000 0.000000 0.000000 0.555574 0.000000 0.924075 0.105511 0.000000 -0.394110 0.747712 -0.840192 0.000000 0.000000 0.000000 0.000000 0.000000 0.000000 0.000000 -0.334396 0.000000 0.000000 0.000000 0.000000 -0.057754 0.000000 0.546264 0.000000 0.000000 
size 5 5 value 2.649854 -0.893638 1.299038 0.755036 0.439915 -0.893638 2.048547 -1.001868 -0.293768 1.173810 1.299038 -1.001868 1.254795 0.936881 -0.714259 0.755036 -0.293768 0.936881 2.153587 -0.696207 0.439915 1.173810 -0.714259 -0.696207 2.170979 
size 5 1 value 0.000000 -0.845811 0.000000 0.000000 0.667639 
size 5 1 value 1.000000 1.000000 1.000000 1.000000 1.000000 
