# problem of player 0 with objects A, b (constraint), bnd, C, Q, b (obj), conv
size 10 5 value 0.000000 -5.000000 4.000000 -5.000000 0.000000 6.000000 7.000000 5.000000 6.000000 6.000000 5.000000 -5.000000 3.000000 -5.000000 4.000000 7.000000 5.000000 -4.000000 5.000000 4.000000 4.000000 6.000000 0.000000 4.000000 4.000000 0.000000 3.000000 5.000000 -5.000000 0.000000 0.000000 -4.000000 3.000000 -4.000000 4.000000 0.000000 6.000000 -3.000000 5.000000 -4.000000 -6.000000 5.000000 0.000000 7.000000 0.000000 0.000000 5.000000 -6.000000 7.000000 0.000000 
size 10 1 value 57.000000 94.000000 38.000000 96.000000 45.000000 49.000000 101.000000 88.000000 106.000000 54.000000 
size 5 2 value -5.000000 -5.000000 -5.000000 -5.000000 -5.000000 5.000000 5.000000 5.000000 5.000000 5.000000 
size 5 5 value 0.000000 0.000000 0.113661 0.000000 0.000000 0.000000 -0.572445 0.291317 0.000000 -0.792574 0.000000 -0.474278 -0.517429 0.000000 0.000000 0.000000 -0.564416 0.717107 0.000000 -0.432122 0.230786 0.558979 0.000000 0.000000 -0.230369 
size 5 5 value 0.201867 -0.454854 -0.207757 -0.056634 -0.646065 -0.454854 0.556694 0.035219 0.377423 -0.035751 -0.207757 0.035219 0.879669 0.503809 0.261462 -0.056634 0.377423 0.503809 0.313693 0.573886 -0.646065 -0.035751 0.261462 0.573886 0.833461 
size 5 1 value 0.000000 0.000000 -0.772366 0.000000 -0.288344 
size 2 1 value 0.000000 0.000000 
# problem of player 1 with objects A, b (constraint), bnd, C, Q, b (obj), conv
size 10 5 value 0.000000 -6.000000 -4.000000 -4.000000 -6.000000 -7.000000 -4.000000 5.000000 4.000000 -6.000000 0.000000 0.000000 -6.000000 3.000000 0.000000 5.000000 6.000000 0.000000 -5.000000 -2.000000 5.000000 7.000000 0.000000 4.000000 0.000000 6.000000 6.000000 -5.000000 0.000000 6.000000 -4.000000 0.000000 5.000000 3.000000 7.000000 3.000000 -6.000000 4.000000 4.000000 -5.000000 6.000000 0.000000 6.000000 -5.000000 -5.000000 0.000000 0.000000 7.000000 0.000000 -6.000000 
size 10 1 value 57.000000 49.000000 80.000000 73.000000 68.000000 82.000000 84.000000 80.000000 49.000000 98.000000 
size 5 2 value -5.000000 -5.000000 -5.000000 -5.000000 -5.000000 5.000000 5.000000 5.000000 5.000000 5.000000 
size 5 5 value 0.722669 -0.072182 0.000000 0.390614 0.921835 0.092626 0.000000 0.000000 0.000000 0.727531 0.000000 0.000000 -0.512991 0.000000 -0.601731 0.965881 0.000000 -0.649128 0.716595 0.818823 0.000000 0.000000 0.000000 0.000000 0.027358 
size 5 5 value 0.087390 -0.005143 0.057232 0.586901 0.684013 -0.005143 0.166156 0.243913 -0.293252 0.433798 0.057232 0.243913 0.307381 -0.280976 0.017709 0.586901 -0.293252 -0.280976 0.550122 -0.393008 0.684013 0.433798 0.017709 -0.393008 0.233541 
size 5 1 value 0.000000 -0.669445 0.000000 0.070235 -0.602386 
size 2 1 value 0.000000 0.000000 
