# problem of player 0 with objects A, b (constraint), bnd, C, Q, b (obj), conv
size 8 3 value -5.000000 6.000000 4.000000 -4.000000 -6.000000 -6.000000 -7.000000 -4.000000 -4.000000 8.000000 4.000000 6.000000 5.000000 -4.000000 0.000000 4.000000 -5.000000 -6.000000 0.000000 4.000000 10.000000 -5.000000 8.000000 -6.000000 
size 8 1 value 53.000000 76.000000 30.000000 54.000000 82.000000 57.000000 56.000000 54.000000 
size 3 2 value -5.000000 -5.000000 -5.000000 5.000000 5.000000 5.000000 
size 3 3 value 0.000000 0.626226 0.000000 0.234558 0.000000 0.000000 0.000000 -0.502742 0.000000 
size 3 3 value 0.909898 0.383790 -0.630913 0.383790 0.232263 0.537916 -0.630913 0.537916 0.601117 
size 3 1 value -0.544574 0.000000 0.000000 
size 2 1 value 0.000000 0.000000 
# problem of player 1 with objects A, b (constraint), bnd, C, Q, b (obj), conv
size 8 3 value 5.000000 6.000000 0.000000 -5.000000 -6.000000 0.000000 -3.000000 -2.000000 7.000000 5.000000 5.000000 -5.000000 0.000000 -5.000000 0.000000 3.000000 7.000000 -4.000000 4.000000 0.000000 -7.000000 6.000000 -3.000000 -5.000000 
size 8 1 value 72.000000 57.000000 34.000000 38.000000 49.000000 41.000000 23.000000 40.000000 
size 3 2 value -5.000000 -5.000000 -5.000000 5.000000 5.000000 5.000000 
size 3 3 value -0.136558 0.995121 0.000000 0.000000 0.000000 0.000000 0.000000 0.000000 0.000000 
size 3 3 value 0.322089 0.116510 -0.098993 0.116510 0.257848 -0.843849 -0.098993 -0.843849 0.002566 
size 3 1 value 0.000000 0.000000 -0.313424 
size 2 1 value 0.000000 0.000000 
