# problem of player 0 with objects A, b (constraint), bnd, C, Q, b (obj), conv
size 8 4 value 5.000000 0.000000 -4.000000 -9.000000 0.000000 4.000000 -5.000000 -2.000000 6.000000 -5.000000 -3.000000 -5.000000 -7.000000 -4.000000 -7.000000 0.000000 6.000000 -6.000000 9.000000 9.000000 2.000000 -4.000000 6.000000 7.000000 -5.000000 6.000000 6.000000 4.000000 0.000000 0.000000 4.000000 8.000000 
size 8 1 value 83.000000 64.000000 89.000000 107.000000 39.000000 45.000000 84.000000 70.000000 
size 4 2 value -5.000000 -5.000000 -5.000000 -5.000000 5.000000 5.000000 5.000000 5.000000 
size 4 4 value 0.000000 0.000000 0.119681 0.000000 0.000000 0.000000 0.000000 0.601641 0.792223 0.195053 0.000000 0.000000 0.000000 0.000000 0.000000 0.000000 
size 4 4 value 0.431356 0.399683 0.080070 -0.166916 0.399683 0.461817 0.056764 0.292001 0.080070 0.056764 0.722551 0.255869 -0.166916 0.292001 0.255869 0.337024 
size 4 1 value 0.000000 0.000000 0.042406 -0.255375 
size 2 1 value 0.000000 0.000000 
# problem of player 1 with objects A, b (constraint), bnd, C, Q, b (obj), conv
size 8 4 value 8.000000 8.000000 -3.000000 -5.000000 -6.000000 4.000000 5.000000 0.000000 -4.000000 5.000000 -6.000000 0.000000 -6.000000 6.000000 6.000000 -6.000000 5.000000 5.000000 0.000000 -5.000000 -5.000000 4.000000 -5.000000 -5.000000 6.000000 0.000000 5.000000 0.000000 -5.000000 6.000000 2.000000 -7.000000 
size 8 1 value 89.000000 69.000000 54.000000 38.000000 83.000000 76.000000 71.000000 68.000000 
size 4 2 value -5.000000 -5.000000 -5.000000 -5.000000 5.000000 5.000000 5.000000 5.000000 
size 4 4 value 0.551109 0.468542 0.000000 0.000000 0.000000 0.568465 0.000000 -0.781332 0.000000 0.181809 -0.081240 0.000000 -0.542625 0.000000 0.000000 0.727422 
size 4 4 value 0.932105 -0.033050 0.257446 0.451552 -0.033050 0.033981 0.251498 -0.483474 0.257446 0.251498 0.147089 0.290483 0.451552 -0.483474 0.290483 0.227220 
size 4 1 value 0.000000 0.338085 0.000000 -0.564012 
size 2 1 value 0.000000 0.000000 
