# problem of player 0 with objects A, b (constraint), bnd, C, Q, b (obj), conv
size 8 3 value 6.000000 2.000000 4.000000 5.000000 4.000000 -6.000000 4.000000 -5.000000 -2.000000 4.000000 5.000000 -3.000000 5.000000 6.000000 8.000000 -3.000000 5.000000 6.000000 5.000000 5.000000 -5.000000 -4.000000 -7.000000 0.000000 
size 8 1 value 52.000000 49.000000 53.000000 50.000000 53.000000 61.000000 74.000000 31.000000 
size 3 2 value -5.000000 -5.000000 -5.000000 5.000000 5.000000 5.000000 
size 3 3 value 0.000000 -0.713688 0.000000 -0.990841 0.000000 0.000000 0.000000 0.000000 0.010266 
size 3 3 value 0.960758 0.052566 -0.070081 0.052566 0.040259 0.771920 -0.070081 0.771920 0.783967 
size 3 1 value 0.000000 0.000000 0.015698 
size 2 1 value 0.000000 0.000000 
# problem of player 1 with objects A, b (constraint), bnd, C, Q, b (obj), conv
size 8 3 value -4.000000 -3.000000 -7.000000 -4.000000 0.000000 5.000000 5.000000 4.000000 -5.000000 -4.000000 -6.000000 4.000000 -5.000000 -6.000000 -5.000000 4.000000 5.000000 -4.000000 -4.000000 -3.000000 -4.000000 0.000000 -4.000000 6.000000 
size 8 1 value 53.000000 42.000000 65.000000 42.000000 34.000000 41.000000 53.000000 54.000000 
size 3 2 value -5.000000 -5.000000 -5.000000 5.000000 5.000000 5.000000 
size 3 3 value 0.000000 -0.356146 0.000000 0.097133 -0.902523 0.105464 -0.450377 0.000000 -0.513710 
size 3 3 value 0.334857 0.757419 0.158895 0.757419 0.933641 -0.288272 0.158895 -0.288272 0.326934 
size 3 1 value 0.000000 0.912833 0.000000 
size 2 1 value 0.000000 0.000000 
