# problem of player 0 with objects A, b (constraint), bnd, C, Q, b (obj), conv
size 6 3 value 4.000000 -6.000000 5.000000 -4.000000 0.000000 6.000000 -4.000000 7.000000 -4.000000 -5.000000 7.000000 0.000000 -6.000000 6.000000 0.000000 -6.000000 6.000000 -5.000000 
size 6 1 value 54.000000 71.000000 34.000000 57.000000 49.000000 41.000000 
size 3 2 value -5.000000 -5.000000 -5.000000 5.000000 5.000000 5.000000 
size 3 6 value -0.986195 0.492846 0.000000 0.815598 0.949148 0.000000 0.037940 0.000000 0.000000 0.907821 0.893853 0.000000 -0.865312 0.000000 0.000000 -0.731896 -0.730830 0.000000 
size 3 3 value 0.540829 -0.971254 -0.029144 -0.971254 0.213793 -0.085180 -0.029144 -0.085180 0.829484 
size 3 1 value 0.049529 0.888514 0.976680 
size 3 1 value 0.000000 1.000000 0.000000 
# problem of player 1 with objects A, b (constraint), bnd, C, Q, b (obj), conv
size 6 3 value 5.000000 -6.000000 0.000000 4.000000 7.000000 10.000000 8.000000 4.000000 5.000000 -6.000000 0.000000 5.000000 3.000000 0.000000 5.000000 -3.000000 -3.000000 -6.000000 
size 6 1 value 64.000000 38.000000 38.000000 51.000000 40.000000 82.000000 
size 3 2 value -5.000000 -5.000000 -5.000000 5.000000 5.000000 5.000000 
size 3 6 value 0.000000 0.864392 -0.786254 0.464300 0.000000 0.217771 0.439331 0.000000 -0.081955 0.000000 -0.229296 -0.276567 0.000000 0.633425 -0.098944 0.000000 0.580346 -0.434084 
size 3 3 value 0.623456 -0.122875 0.112607 -0.122875 0.715437 -0.042895 0.112607 -0.042895 0.961197 
size 3 1 value -0.863382 -0.890139 0.000000 
size 3 1 value 0.000000 1.000000 0.000000 
# problem of player 2 with objects A, b (constraint), bnd, C, Q, b (obj), conv
size 6 3 value 4.000000 -4.000000 5.000000 7.000000 -5.000000 4.000000 0.000000 0.000000 2.000000 -4.000000 -5.000000 6.000000 4.000000 7.000000 6.000000 0.000000 -6.000000 0.000000 
size 6 1 value 30.000000 43.000000 52.000000 43.000000 60.000000 38.000000 
size 3 2 value -5.000000 -5.000000 -5.000000 5.000000 5.000000 5.000000 
size 3 6 value 0.723955 0.000000 0.000000 -0.393054 0.000000 0.000000 0.000000 0.000000 0.000000 -0.111324 -0.086234 0.000000 0.000000 -0.937599 0.000000 0.887189 0.895844 -0.094031 
size 3 3 value 0.096877 -0.265666 0.505745 -0.265666 0.142047 -0.504821 0.505745 -0.504821 0.189724 
size 3 1 value 0.621665 0.857758 0.000000 
size 3 1 value 0.000000 1.000000 0.000000 
