# problem of player 0 with objects A, b (constraint), bnd, C, Q, b (obj), conv
size 6 3 value -6.000000 4.000000 4.000000 0.000000 7.000000 2.000000 -6.000000 3.000000 -2.000000 4.000000 8.000000 -5.000000 0.000000 -5.000000 0.000000 3.000000 5.000000 0.000000 
size 6 1 value 45.000000 46.000000 24.000000 27.000000 76.000000 29.000000 
size 3 2 value -5.000000 -5.000000 -5.000000 5.000000 5.000000 5.000000 
size 3 6 value 0.000000 -0.737495 0.772783 0.000000 0.000000 0.000000 0.967834 0.000000 0.000000 0.249141 0.456485 0.000000 0.000000 -0.618164 0.000000 0.000000 0.000000 0.000000 
size 3 3 value 0.068286 -0.481830 -0.300088 -0.481830 0.700783 0.134830 -0.300088 0.134830 0.026522 
size 3 1 value 0.021267 0.000000 -0.378807 
size 3 1 value 0.000000 1.000000 0.000000 
# problem of player 1 with objects A, b (constraint), bnd, C, Q, b (obj), conv
size 6 3 value 7.000000 -6.000000 -3.000000 -4.000000 -4.000000 6.000000 0.000000 0.000000 -4.000000 -2.000000 -5.000000 0.000000 8.000000 4.000000 0.000000 0.000000 6.000000 6.000000 
size 6 1 value 56.000000 38.000000 27.000000 24.000000 57.000000 45.000000 
size 3 2 value -5.000000 -5.000000 -5.000000 5.000000 5.000000 5.000000 
size 3 6 value 0.000000 0.966072 0.170401 0.000000 0.000000 0.000000 -0.641792 0.268923 0.925918 0.000000 0.000000 0.587332 -0.814573 0.761599 -0.992253 0.000000 0.356927 0.131495 
size 3 3 value 0.420855 0.220312 -0.178651 0.220312 0.746388 -0.512697 -0.178651 -0.512697 0.808565 
size 3 1 value 0.000000 0.000000 0.203160 
size 3 1 value 0.000000 1.000000 0.000000 
# problem of player 2 with objects A, b (constraint), bnd, C, Q, b (obj), conv
size 6 3 value -6.000000 4.000000 -3.000000 -4.000000 0.000000 -4.000000 0.000000 -7.000000 -5.000000 0.000000 -9.000000 0.000000 4.000000 -7.000000 4.000000 -4.000000 4.000000 4.000000 
size 6 1 value 38.000000 69.000000 46.000000 30.000000 52.000000 30.000000 
size 3 2 value -5.000000 -5.000000 -5.000000 5.000000 5.000000 5.000000 
size 3 6 value -0.666187 0.000000 0.265987 0.000000 0.058662 0.000000 0.361638 0.846395 -0.694332 -0.188558 0.000000 0.000000 0.781376 0.000000 0.611647 0.000000 0.099758 0.000000 
size 3 3 value 0.205743 0.169682 -0.131253 0.169682 0.333016 0.651372 -0.131253 0.651372 0.423665 
size 3 1 value 0.793658 0.352240 0.656794 
size 3 1 value 0.000000 1.000000 0.000000 
