# problem of player 0 with objects A, b (constraint), bnd, C, Q, b (obj), conv
size 10 4 value 0.000000 2.000000 -5.000000 0.000000 0.000000 -3.000000 0.000000 7.000000 -4.000000 -5.000000 3.000000 0.000000 6.000000 -3.000000 6.000000 -5.000000 7.000000 -5.000000 0.000000 -6.000000 0.000000 -5.000000 -3.000000 -2.000000 3.000000 0.000000 0.000000 5.000000 -4.000000 -5.000000 7.000000 0.000000 -5.000000 -4.000000 4.000000 0.000000 5.000000 5.000000 0.000000 -3.000000 
size 10 1 value 40.000000 29.000000 73.000000 35.000000 51.000000 31.000000 46.000000 84.000000 30.000000 73.000000 
size 4 2 value -5.000000 -5.000000 -5.000000 -5.000000 5.000000 5.000000 5.000000 5.000000 
size 4 12 value 0.000000 -0.007956 0.000000 0.000000 0.000000 0.107153 -0.789592 -0.436278 0.000000 0.000000 -0.484303 0.000000 0.548711 0.948631 0.310023 0.000000 0.000000 0.928289 0.000000 -0.945648 0.715429 0.000000 -0.474195 -0.382253 0.000000 0.000000 -0.353654 -0.276050 0.395383 -0.128299 0.000000 0.623161 0.796710 0.000000 0.067789 0.000000 0.989777 -0.880398 0.942765 -0.207217 0.000000 0.213885 0.000000 0.000000 0.242085 -0.762454 -0.688405 -0.149811 
size 4 4 value 0.328035 0.693449 -0.670398 -0.634664 0.693449 0.201201 -0.397616 0.300384 -0.670398 -0.397616 0.651342 0.088975 -0.634664 0.300384 0.088975 0.659038 
size 4 1 value 0.000000 -0.546203 0.811950 -0.415778 
size 4 1 value 0.000000 0.000000 0.000000 0.000000 
# problem of player 1 with objects A, b (constraint), bnd, C, Q, b (obj), conv
size 10 4 value -4.000000 2.000000 5.000000 4.000000 -7.000000 -6.000000 0.000000 -5.000000 -4.000000 0.000000 0.000000 2.000000 -2.000000 3.000000 -2.000000 3.000000 -3.000000 0.000000 -5.000000 4.000000 0.000000 4.000000 5.000000 -8.000000 0.000000 -5.000000 -2.000000 4.000000 0.000000 -5.000000 -3.000000 -6.000000 0.000000 -7.000000 0.000000 0.000000 0.000000 -4.000000 3.000000 0.000000 
size 10 1 value 27.000000 58.000000 48.000000 88.000000 39.000000 54.000000 19.000000 49.000000 46.000000 34.000000 
size 4 2 value -5.000000 -5.000000 -5.000000 -5.000000 5.000000 5.000000 5.000000 5.000000 
size 4 12 value 0.000000 0.000000 -0.272420 0.000000 0.479233 0.000000 0.000000 -0.999590 0.000000 0.000000 0.000000 -0.001333 0.000000 0.664416 0.339521 0.704037 0.000000 -0.113428 0.445199 0.000000 0.376920 0.000000 0.000000 0.211620 0.036248 0.000000 0.000000 0.000000 -0.184561 -0.564396 0.324654 -0.568578 0.000000 0.672387 0.288223 -0.852480 0.000000 0.000000 0.918064 0.000000 0.000000 -0.746739 -0.969513 0.000000 0.000000 0.000000 0.000000 -0.548298 
size 4 4 value 0.512467 -0.363631 -0.486616 0.678879 -0.363631 0.312268 -0.914810 -0.308604 -0.486616 -0.914810 0.298713 0.051812 0.678879 -0.308604 0.051812 0.337149 
size 4 1 value 0.201538 -0.993120 0.676938 0.000000 
size 4 1 value 0.000000 0.000000 0.000000 0.000000 
# problem of player 2 with objects A, b (constraint), bnd, C, Q, b (obj), conv
size 10 4 value 0.000000 -4.000000 0.000000 7.000000 0.000000 -3.000000 6.000000 -6.000000 0.000000 3.000000 5.000000 4.000000 5.000000 -3.000000 -5.000000 -9.000000 -4.000000 -3.000000 -3.000000 -4.000000 0.000000 -6.000000 -5.000000 8.000000 6.000000 -3.000000 0.000000 -4.000000 0.000000 -2.000000 -5.000000 -6.000000 5.000000 4.000000 0.000000 5.000000 5.000000 0.000000 -6.000000 4.000000 
size 10 1 value 38.000000 76.000000 56.000000 88.000000 41.000000 84.000000 57.000000 51.000000 36.000000 50.000000 
size 4 2 value -5.000000 -5.000000 -5.000000 -5.000000 5.000000 5.000000 5.000000 5.000000 
size 4 12 value 0.200551 0.295813 0.000000 -0.556524 -0.593892 0.000000 0.314615 0.000000 0.000000 -0.859964 0.000000 -0.939365 0.000000 0.000000 0.000000 0.000000 -0.694866 0.000000 0.503417 -0.494281 -0.186676 0.000000 0.000000 0.015938 0.000000 0.000000 -0.134298 0.823461 -0.210305 -0.067832 -0.095015 0.000000 0.858782 -0.379335 0.000000 0.059628 0.603981 0.000000 0.000000 0.078239 0.981823 -0.266615 -0.992490 0.033947 0.000000 0.153182 0.000000 0.000000 
size 4 4 value 0.322750 -0.274340 0.369086 0.498748 -0.274340 0.243437 -0.218444 -0.514600 0.369086 -0.218444 0.521258 0.171595 0.498748 -0.514600 0.171595 0.514339 
size 4 1 value -0.314591 -0.812786 0.042550 0.000000 
size 4 1 value 0.000000 0.000000 0.000000 0.000000 
# problem of player 3 with objects A, b (constraint), bnd, C, Q, b (obj), conv
size 10 4 value -6.000000 0.000000 -5.000000 6.000000 0.000000 -4.000000 0.000000 -5.000000 4.000000 6.000000 3.000000 0.000000 0.000000 3.000000 -3.000000 4.000000 -6.000000 5.000000 -5.000000 5.000000 0.000000 -5.000000 9.000000 5.000000 2.000000 -3.000000 0.000000 7.000000 -5.000000 4.000000 7.000000 5.000000 6.000000 -2.000000 0.000000 5.000000 -3.000000 -7.000000 0.000000 0.000000 
size 10 1 value 63.000000 38.000000 77.000000 65.000000 19.000000 61.000000 36.000000 91.000000 53.000000 57.000000 
size 4 2 value -5.000000 -5.000000 -5.000000 -5.000000 5.000000 5.000000 5.000000 5.000000 
size 4 12 value -0.987463 0.955395 0.000000 0.080170 -0.508231 -0.336550 0.000000 0.000000 0.855597 0.000000 -0.105661 0.000000 0.399146 0.000000 0.413619 0.000000 0.000000 0.000000 0.000000 0.000000 0.000000 0.000000 0.000000 0.000000 0.000000 0.000000 -0.607241 0.000000 -0.717875 0.970025 0.392577 0.276483 0.000000 0.000000 0.367416 -0.329610 0.353129 0.661370 -0.257272 -0.304453 0.000000 0.290822 0.000000 0.000000 0.000000 -0.582496 -0.425115 -0.443148 
size 4 4 value 0.304171 -0.440256 0.615870 -0.289086 -0.440256 0.216080 0.204994 0.751605 0.615870 0.204994 0.607016 0.315727 -0.289086 0.751605 0.315727 0.456882 
size 4 1 value 0.000000 0.000000 0.000000 0.000000 
size 4 1 value 0.000000 0.000000 0.000000 0.000000 
