# problem of player 0 with objects A, b (constraint), bnd, C, Q, b (obj), conv
size 10 5 value 7.000000 -5.000000 5.000000 0.000000 6.000000 5.000000 0.000000 -7.000000 3.000000 5.000000 0.000000 6.000000 0.000000 8.000000 0.000000 8.000000 0.000000 5.000000 5.000000 -5.000000 -4.000000 0.000000 0.000000 0.000000 5.000000 0.000000 0.000000 5.000000 0.000000 0.000000 4.000000 5.000000 -6.000000 -6.000000 3.000000 5.000000 -5.000000 -6.000000 4.000000 0.000000 -2.000000 -4.000000 -5.000000 4.000000 5.000000 0.000000 -3.000000 8.000000 -5.000000 6.000000 
size 10 1 value 69.000000 76.000000 60.000000 70.000000 73.000000 69.000000 31.000000 118.000000 65.000000 60.000000 
size 5 2 value -5.000000 -5.000000 -5.000000 -5.000000 -5.000000 5.000000 5.000000 5.000000 5.000000 5.000000 
size 5 20 value -0.349133 -0.357650 0.000000 0.407050 0.000000 0.000000 0.755321 0.000000 0.000000 0.000000 0.000000 0.000000 0.089332 0.466126 0.000000 0.263170 0.000000 0.000000 0.000000 0.431038 -0.705098 -0.951568 -0.074663 -0.998712 0.000000 0.000000 0.028735 -0.232960 0.000000 0.000000 0.932706 0.000000 0.000000 0.000000 0.647273 -0.284024 -0.558639 0.938839 0.000000 -0.805792 0.290814 0.000000 0.701557 0.000000 0.000000 -0.720353 0.000000 0.000000 0.000000 0.000000 0.212533 0.000000 0.148392 -0.698237 -0.101004 0.000000 0.891228 -0.164867 -0.254005 -0.770440 0.255291 0.000000 0.484505 -0.415037 -0.228044 0.333212 0.453738 -0.982211 -0.502416 0.874576 0.000000 -0.017939 0.000000 -0.076220 0.968093 0.000000 0.000000 0.506075 -0.172181 0.000000 0.000000 0.001415 -0.771822 0.000000 0.000000 0.205505 0.000000 -0.080016 0.764880 0.000000 0.000000 0.758971 -0.942625 0.000000 0.000000 0.377874 0.000000 0.199659 0.363334 0.879262 
size 5 5 value 0.380436 0.012535 0.851181 0.653139 0.252515 0.012535 0.589101 -0.166167 0.304544 0.601506 0.851181 -0.166167 0.424144 -0.047452 0.357971 0.653139 0.304544 -0.047452 0.996326 -0.469712 0.252515 0.601506 0.357971 -0.469712 0.534264 
size 5 1 value 0.159224 0.000000 0.000000 0.000000 0.000000 
size 5 1 value 0.000000 0.000000 0.000000 0.000000 0.000000 
# problem of player 1 with objects A, b (constraint), bnd, C, Q, b (obj), conv
size 10 5 value 9.000000 0.000000 -5.000000 -4.000000 -5.000000 0.000000 0.000000 7.000000 0.000000 0.000000 -4.000000 -8.000000 7.000000 0.000000 4.000000 4.000000 -4.000000 5.000000 0.000000 7.000000 4.000000 3.000000 0.000000 0.000000 5.000000 -6.000000 0.000000 0.000000 4.000000 0.000000 -6.000000 -6.000000 4.000000 4.000000 0.000000 -4.000000 3.000000 0.000000 -4.000000 0.000000 -5.000000 -4.000000 -5.000000 8.000000 0.000000 -9.000000 0.000000 0.000000 6.000000 6.000000 
size 10 1 value 111.000000 84.000000 80.000000 64.000000 53.000000 92.000000 27.000000 46.000000 54.000000 49.000000 
size 5 2 value -5.000000 -5.000000 -5.000000 -5.000000 -5.000000 5.000000 5.000000 5.000000 5.000000 5.000000 
size 5 20 value -0.891966 0.337118 0.000000 -0.277637 0.026462 0.673244 0.000000 0.192661 0.312593 0.000000 -0.947892 -0.959699 0.000000 0.000000 -0.708898 0.742458 0.000000 0.000000 0.276244 0.000000 0.000000 0.000000 0.000000 0.000000 0.012749 0.000000 0.701647 0.368734 0.000000 0.000000 -0.271330 0.000000 0.301947 0.000000 0.002426 0.000000 0.688029 -0.553365 -0.654680 0.000000 0.498696 0.000000 0.264418 -0.574449 0.000000 0.000000 0.000000 0.000000 0.000000 0.000000 0.000000 0.181925 0.000000 -0.318956 0.000000 0.542326 -0.588618 0.057221 0.340562 0.000000 0.241006 0.268742 0.000000 0.061872 0.436573 0.000000 -0.047828 0.000000 0.000000 -0.442406 -0.498811 0.000000 0.000000 -0.146218 0.243470 -0.197115 -0.226523 0.000000 0.000000 0.000000 -0.195178 0.000000 0.146811 0.000000 0.000000 0.000000 0.000000 0.000000 -0.983128 0.000000 0.000000 0.000000 0.881014 -0.278018 0.000000 -0.903314 -0.285971 0.965779 0.000000 0.653103 
size 5 5 value 0.959875 -0.333554 -0.162249 -0.374435 -0.468746 -0.333554 0.661862 0.402937 0.506414 0.347637 -0.162249 0.402937 0.007305 -0.003514 -0.081220 -0.374435 0.506414 -0.003514 0.535600 0.222729 -0.468746 0.347637 -0.081220 0.222729 0.770719 
size 5 1 value 0.000000 -0.880374 0.702984 0.000000 0.000000 
size 5 1 value 0.000000 0.000000 0.000000 0.000000 0.000000 
# problem of player 2 with objects A, b (constraint), bnd, C, Q, b (obj), conv
size 10 5 value 0.000000 -6.000000 -6.000000 6.000000 -5.000000 4.000000 -5.000000 6.000000 0.000000 6.000000 0.000000 -4.000000 -5.000000 -7.000000 -5.000000 6.000000 -3.000000 6.000000 0.000000 0.000000 6.000000 0.000000 8.000000 4.000000 -5.000000 0.000000 -5.000000 2.000000 7.000000 0.000000 0.000000 -7.000000 -8.000000 -4.000000 -3.000000 0.000000 -6.000000 2.000000 0.000000 -8.000000 6.000000 -3.000000 5.000000 -2.000000 3.000000 0.000000 0.000000 4.000000 -6.000000 0.000000 
size 10 1 value 45.000000 79.000000 123.000000 92.000000 81.000000 38.000000 73.000000 82.000000 49.000000 53.000000 
size 5 2 value -5.000000 -5.000000 -5.000000 -5.000000 -5.000000 5.000000 5.000000 5.000000 5.000000 5.000000 
size 5 20 value 0.000000 -0.715222 0.000000 -0.559335 0.302235 0.000000 -0.608996 0.000000 -0.484070 0.000000 0.000000 -0.909166 0.000000 0.000000 -0.660156 0.368347 0.893272 0.000000 0.000000 0.000000 -0.916977 -0.893267 0.000000 0.414425 0.000000 0.646665 0.000000 0.811910 0.000000 0.000000 -0.153249 -0.902842 0.022374 0.581876 0.000000 -0.049716 0.000000 0.000000 0.000000 -0.305663 0.000000 0.000000 0.000000 0.074040 0.000000 0.000000 -0.679430 0.000000 -0.512318 -0.709328 0.032041 0.000000 0.692335 0.339856 0.000000 0.000000 -0.734302 -0.481180 -0.785815 0.000000 0.000000 0.170252 0.601669 -0.723307 -0.208620 0.000000 0.396610 0.000000 0.000000 0.219401 0.132537 -0.361019 0.203704 0.496258 -0.829835 0.000000 -0.976028 0.791320 -0.365466 0.000000 0.000000 -0.532655 0.000000 0.000000 0.000000 0.104854 0.697366 0.000000 0.577783 -0.843827 0.869412 0.601512 0.312954 0.000000 0.000000 0.000000 0.000000 0.000000 0.000000 0.438354 
size 5 5 value 0.974825 -0.430811 -0.287677 0.087639 0.539825 -0.430811 0.685151 -0.089374 0.283475 -0.702314 -0.287677 -0.089374 0.225087 -0.326698 -0.675830 0.087639 0.283475 -0.326698 0.114481 0.091817 0.539825 -0.702314 -0.675830 0.091817 0.585917 
size 5 1 value 0.000000 0.000000 0.000000 0.829611 0.000000 
size 5 1 value 0.000000 0.000000 0.000000 0.000000 0.000000 
# problem of player 3 with objects A, b (constraint), bnd, C, Q, b (obj), conv
size 10 5 value 0.000000 6.000000 0.000000 5.000000 -7.000000 -2.000000 -5.000000 4.000000 -5.000000 0.000000 -6.000000 -5.000000 -5.000000 4.000000 0.000000 5.000000 -4.000000 -6.000000 -3.000000 3.000000 -5.000000 -6.000000 0.000000 0.000000 -6.000000 0.000000 -3.000000 4.000000 3.000000 0.000000 -4.000000 -7.000000 0.000000 0.000000 -4.000000 -4.000000 -4.000000 -8.000000 4.000000 -5.000000 0.000000 5.000000 -4.000000 0.000000 0.000000 4.000000 -6.000000 4.000000 -5.000000 0.000000 
size 10 1 value 57.000000 110.000000 34.000000 34.000000 65.000000 59.000000 85.000000 102.000000 77.000000 31.000000 
size 5 2 value -5.000000 -5.000000 -5.000000 -5.000000 -5.000000 5.000000 5.000000 5.000000 5.000000 5.000000 
size 5 20 value -0.935755 -0.998134 0.000000 -0.157672 0.000000 0.000000 -0.976269 -0.650854 0.000000 0.000000 0.000000 0.000000 -0.326766 0.000000 -0.577714 -0.562780 0.000000 0.000000 0.000000 0.106846 0.000000 0.000000 0.000000 -0.521156 0.000000 0.000000 0.000000 0.343129 0.000000 -0.592612 -0.693885 0.000000 0.798209 0.000000 0.000000 0.000000 0.421999 0.000000 0.090928 0.000000 0.000000 0.532371 0.000000 0.492952 0.000000 0.000000 0.000000 0.537858 0.000000 0.000000 0.797864 0.000000 -0.155275 -0.045344 0.239085 -0.804642 0.000000 0.000000 -0.417761 -0.770370 0.000000 0.582697 -0.356165 -0.590745 0.000000 -0.294804 0.000000 0.000000 0.000000 0.000000 -0.013994 0.000000 0.000000 0.435293 -0.763118 0.189943 0.000000 0.543665 -0.230549 -0.996015 -0.706728 0.000000 0.138928 0.182527 0.000000 0.000000 0.000000 -0.813218 0.029744 0.563939 0.000000 0.000000 0.000000 -0.678425 0.000000 0.673651 0.000000 -0.167336 0.000000 0.000000 
size 5 5 value 0.692689 -0.132530 -0.638929 0.334523 -0.198399 -0.132530 0.503807 -0.333740 0.633703 -0.757499 -0.638929 -0.333740 0.845713 -0.118971 0.000614 0.334523 0.633703 -0.118971 0.244992 0.701616 -0.198399 -0.757499 0.000614 0.701616 0.075262 
size 5 1 value 0.293248 0.000000 0.624982 0.927748 -0.913404 
size 5 1 value 0.000000 0.000000 0.000000 0.000000 0.000000 
# problem of player 4 with objects A, b (constraint), bnd, C, Q, b (obj), conv
size 10 5 value -5.000000 -3.000000 -3.000000 -5.000000 0.000000 7.000000 -7.000000 -7.000000 4.000000 0.000000 -6.000000 6.000000 5.000000 -4.000000 0.000000 0.000000 0.000000 0.000000 0.000000 -7.000000 6.000000 7.000000 4.000000 0.000000 -2.000000 -5.000000 -6.000000 6.000000 -6.000000 0.000000 7.000000 -6.000000 2.000000 0.000000 -4.000000 -5.000000 8.000000 4.000000 4.000000 -7.000000 6.000000 4.000000 -7.000000 0.000000 0.000000 -7.000000 4.000000 0.000000 0.000000 3.000000 
size 10 1 value 113.000000 101.000000 85.000000 34.000000 24.000000 91.000000 96.000000 65.000000 54.000000 67.000000 
size 5 2 value -5.000000 -5.000000 -5.000000 -5.000000 -5.000000 5.000000 5.000000 5.000000 5.000000 5.000000 
size 5 20 value -0.894612 -0.986321 0.000000 0.000000 0.000000 0.000000 0.873898 -0.055323 0.000000 0.000000 0.424257 0.000000 0.000000 0.453856 -0.515238 0.000000 0.000000 0.204844 0.000000 0.000000 -0.453638 0.000000 0.000000 0.000000 0.000000 0.000000 -0.558321 0.000000 0.000000 0.914554 0.000000 -0.390809 0.516403 0.000000 0.652919 -0.284379 0.000000 0.000000 -0.929703 0.000000 0.870003 0.959165 0.106860 0.000000 0.000000 0.101359 0.000000 0.637358 0.733840 0.000000 0.000000 0.000000 0.000000 0.110667 0.000000 0.000000 0.000000 0.000000 0.493576 -0.940843 0.000000 0.000000 0.874112 0.000000 0.396230 0.988142 -0.011041 0.227546 -0.598670 0.000000 -0.476832 0.794457 0.426039 -0.126351 0.000000 0.000000 0.000000 -0.043165 -0.663469 0.283991 0.073682 -0.711039 0.000000 0.002254 0.000000 0.000000 0.871392 0.000000 0.000000 0.000000 -0.336725 0.000000 0.000000 0.116649 0.000000 0.220486 0.000000 0.000000 0.000000 -0.693104 
size 5 5 value 0.523125 0.876974 0.229444 0.256425 0.084142 0.876974 0.596814 -0.433042 -0.597222 0.194260 0.229444 -0.433042 0.371183 -0.285885 -0.148987 0.256425 -0.597222 -0.285885 0.602218 -0.381455 0.084142 0.194260 -0.148987 -0.381455 0.835739 
size 5 1 value 0.000000 -0.949874 0.427916 0.222735 0.000000 
size 5 1 value 0.000000 0.000000 0.000000 0.000000 0.000000 
