# problem of player 0 with objects A, b (constraint), bnd, C, Q, b (obj), conv
size 10 5 value -3.000000 5.000000 0.000000 2.000000 -7.000000 8.000000 -4.000000 -2.000000 -8.000000 0.000000 -3.000000 -6.000000 8.000000 5.000000 -5.000000 0.000000 0.000000 -5.000000 7.000000 0.000000 -6.000000 5.000000 0.000000 -5.000000 4.000000 -5.000000 5.000000 -6.000000 -8.000000 0.000000 4.000000 3.000000 0.000000 -4.000000 -6.000000 -7.000000 0.000000 0.000000 0.000000 3.000000 5.000000 4.000000 -6.000000 3.000000 5.000000 3.000000 8.000000 7.000000 0.000000 3.000000 
size 10 1 value 82.000000 88.000000 53.000000 75.000000 103.000000 91.000000 67.000000 80.000000 86.000000 23.000000 
size 5 2 value -5.000000 -5.000000 -5.000000 -5.000000 -5.000000 5.000000 5.000000 5.000000 5.000000 5.000000 
size 5 20 value 0.010253 0.777954 -0.562584 -0.282770 -0.004108 0.000000 0.056689 0.924488 -0.509903 -0.845259 -0.536802 0.283462 -0.551400 0.578882 0.000000 0.000000 -0.980796 0.555577 0.000000 0.000000 0.253882 0.000000 -0.571544 0.000000 0.187366 0.675875 0.000000 0.039780 0.000000 0.346428 0.000000 -0.246412 0.322314 0.647548 0.000000 0.000000 0.000000 0.000000 -0.886903 -0.194663 -0.962348 0.000000 0.000000 0.000000 -0.363270 0.000000 0.397422 0.609978 0.000000 0.339148 0.000000 -0.017813 -0.295091 0.000000 0.000000 0.000000 0.976131 0.474864 -0.316262 -0.057554 0.000000 0.000000 -0.719464 0.000000 -0.474429 -0.969296 0.000000 0.000000 0.000000 0.000000 -0.382341 0.823654 0.011375 -0.183596 -0.655173 0.000000 0.466263 0.104322 -0.692871 0.000000 0.887637 0.000000 0.000000 0.000000 0.000000 0.000000 -0.333981 -0.795575 0.000000 0.000000 0.600573 0.000000 0.000000 -0.152602 0.000000 -0.859365 -0.043553 0.000000 0.000000 -0.107891 
size 5 5 value 0.263647 0.862694 -0.461718 -0.384878 -0.207913 0.862694 0.653309 -0.088548 0.373945 -0.164761 -0.461718 -0.088548 0.268842 0.094044 0.355361 -0.384878 0.373945 0.094044 0.409014 -0.311320 -0.207913 -0.164761 0.355361 -0.311320 0.878067 
size 5 1 value -0.584591 -0.325458 0.286882 -0.036996 0.000000 
size 5 1 value 0.000000 0.000000 0.000000 0.000000 0.000000 
# problem of player 1 with objects A, b (constraint), bnd, C, Q, b (obj), conv
size 10 5 value -6.000000 0.000000 -6.000000 -7.000000 0.000000 5.000000 -5.000000 6.000000 6.000000 0.000000 -5.000000 4.000000 5.000000 6.000000 -5.000000 5.000000 3.000000 0.000000 0.000000 -7.000000 -6.000000 0.000000 -4.000000 -3.000000 0.000000 4.000000 -4.000000 0.000000 -2.000000 0.000000 3.000000 0.000000 0.000000 3.000000 -5.000000 0.000000 4.000000 0.000000 0.000000 0.000000 4.000000 -4.000000 -4.000000 -5.000000 0.000000 0.000000 0.000000 7.000000 0.000000 4.000000 
size 10 1 value 93.000000 30.000000 72.000000 95.000000 38.000000 53.000000 61.000000 49.000000 34.000000 43.000000 
size 5 2 value -5.000000 -5.000000 -5.000000 -5.000000 -5.000000 5.000000 5.000000 5.000000 5.000000 5.000000 
size 5 20 value 0.000000 0.000000 0.000000 0.000000 0.000000 0.000000 0.000000 0.000000 0.000000 0.000000 0.000000 0.855294 0.691422 0.896642 0.000000 0.717113 -0.017938 0.323407 0.038575 0.513112 0.518657 0.000000 0.273212 0.000000 0.000000 0.000000 0.017429 0.000000 -0.287313 -0.197694 -0.621541 0.000000 -0.612400 0.000000 -0.054475 0.000000 0.000000 0.000000 0.751367 -0.590264 0.907623 0.791611 0.737990 0.000000 0.000000 0.900345 0.000000 0.000000 0.870185 0.000000 0.000000 -0.711101 0.000000 -0.840564 0.000000 0.667108 -0.333473 0.163779 0.000000 0.000000 0.000000 0.000000 -0.349291 0.000000 0.000000 0.000000 0.000000 -0.926174 0.862529 0.261108 -0.710252 0.000000 -0.364393 -0.948281 -0.202979 0.000000 0.000000 0.000000 -0.504578 0.000000 0.000000 0.729781 0.000000 0.000000 0.000000 0.757114 0.000000 -0.058368 0.000000 0.000000 0.000000 0.000000 0.629751 0.000000 0.000000 0.000000 0.490356 0.000000 0.000000 0.000000 
size 5 5 value 0.817725 0.523026 0.284924 -0.533001 0.515996 0.523026 0.798634 -0.813250 -0.053475 0.060183 0.284924 -0.813250 0.435605 -0.203104 0.224479 -0.533001 -0.053475 -0.203104 0.348786 0.097047 0.515996 0.060183 0.224479 0.097047 0.516606 
size 5 1 value -0.623067 0.310924 0.000000 0.332100 0.000000 
size 5 1 value 0.000000 0.000000 0.000000 0.000000 0.000000 
# problem of player 2 with objects A, b (constraint), bnd, C, Q, b (obj), conv
size 10 5 value -5.000000 0.000000 0.000000 6.000000 5.000000 6.000000 0.000000 4.000000 0.000000 -5.000000 4.000000 5.000000 0.000000 2.000000 0.000000 4.000000 -6.000000 -6.000000 -5.000000 4.000000 3.000000 -7.000000 0.000000 -7.000000 5.000000 0.000000 0.000000 4.000000 0.000000 -5.000000 5.000000 -4.000000 6.000000 -7.000000 -6.000000 -5.000000 5.000000 0.000000 -4.000000 -4.000000 4.000000 5.000000 8.000000 0.000000 0.000000 0.000000 -4.000000 0.000000 5.000000 -5.000000 
size 10 1 value 80.000000 80.000000 53.000000 88.000000 60.000000 57.000000 57.000000 54.000000 53.000000 87.000000 
size 5 2 value -5.000000 -5.000000 -5.000000 -5.000000 -5.000000 5.000000 5.000000 5.000000 5.000000 5.000000 
size 5 20 value 0.919638 0.000000 0.000000 0.672269 0.000000 0.000000 -0.633808 -0.881646 0.000000 0.000000 0.000000 0.000000 -0.493367 0.000000 -0.313450 0.970381 0.000000 0.000000 0.000000 0.000000 0.000000 0.810858 -0.640329 0.560018 0.000000 0.791756 0.000000 0.369705 -0.452646 -0.795207 0.000000 -0.584035 -0.494482 0.000000 -0.874633 0.000000 0.000000 0.000000 0.177527 -0.904206 0.865563 0.593564 0.012772 -0.762545 -0.643912 -0.187579 -0.627496 0.291415 0.000000 0.000000 0.726959 0.696988 0.000000 0.000000 0.412359 0.000000 0.151502 -0.661248 0.784999 0.000000 0.736336 0.445540 0.519637 0.000000 0.000000 -0.222552 0.008060 0.000000 0.679040 0.000000 0.000000 0.000000 -0.482775 0.000000 0.000000 0.000000 -0.241768 0.000000 0.892675 0.000000 0.000000 0.000000 0.396159 -0.416960 0.000000 -0.089452 0.877437 -0.909279 -0.445870 -0.990440 0.219164 -0.964119 0.129442 -0.045573 0.242593 0.860044 0.000000 0.676132 0.678060 0.000000 
size 5 5 value 0.375199 0.042750 0.524702 -0.025988 0.347305 0.042750 0.368056 -0.275393 -0.055368 0.409459 0.524702 -0.275393 0.520699 0.435629 0.115607 -0.025988 -0.055368 0.435629 0.728036 0.424139 0.347305 0.409459 0.115607 0.424139 0.794776 
size 5 1 value 0.000000 0.000000 0.000000 0.364300 0.000000 
size 5 1 value 0.000000 0.000000 0.000000 0.000000 0.000000 
# problem of player 3 with objects A, b (constraint), bnd, C, Q, b (obj), conv
size 10 5 value 0.000000 0.000000 -6.000000 3.000000 0.000000 -6.000000 -6.000000 0.000000 -5.000000 -7.000000 4.000000 0.000000 0.000000 3.000000 0.000000 -5.000000 -2.000000 -6.000000 -5.000000 5.000000 0.000000 -5.000000 -6.000000 4.000000 4.000000 6.000000 0.000000 3.000000 -5.000000 0.000000 -5.000000 4.000000 2.000000 -6.000000 0.000000 -4.000000 0.000000 0.000000 0.000000 -6.000000 -6.000000 0.000000 8.000000 8.000000 -5.000000 0.000000 0.000000 0.000000 -6.000000 0.000000 
size 10 1 value 57.000000 34.000000 89.000000 97.000000 34.000000 80.000000 34.000000 36.000000 79.000000 68.000000 
size 5 2 value -5.000000 -5.000000 -5.000000 -5.000000 -5.000000 5.000000 5.000000 5.000000 5.000000 5.000000 
size 5 20 value 0.000000 0.416785 0.000000 0.332556 -0.294444 0.000000 -0.213463 0.000000 0.494917 0.012315 0.676902 -0.703213 0.000000 0.398912 0.138288 0.115515 0.000000 -0.788452 0.000000 0.601468 0.000000 0.386581 -0.767531 -0.949856 -0.693541 0.000000 0.000000 0.000000 -0.282498 -0.857060 0.330169 0.000000 -0.246768 0.216046 0.000000 0.000000 -0.645790 0.000000 0.000000 0.225142 -0.517127 0.506567 0.000000 0.000000 0.084361 0.000000 0.000000 0.000000 0.000000 -0.320934 0.000000 -0.129254 0.000000 0.000000 0.000000 0.000000 -0.587204 0.000000 0.000000 0.350446 0.381715 -0.072689 0.967009 0.000000 -0.826883 -0.384062 0.000000 0.000000 -0.038351 -0.889469 -0.906981 0.000000 -0.560719 0.000000 0.000000 -0.657389 0.666174 0.000000 0.000000 0.000000 -0.913065 -0.641634 0.000000 0.000000 0.001855 0.000000 0.973261 0.848214 0.000000 -0.369189 0.000000 -0.689442 -0.816541 0.146150 0.201682 0.000000 0.888455 -0.413474 0.838565 0.937259 
size 5 5 value 0.789870 0.272396 -0.543884 0.540885 -0.559010 0.272396 0.164347 0.048269 0.610841 0.393890 -0.543884 0.048269 0.359197 -0.279223 -0.296914 0.540885 0.610841 -0.279223 0.115097 0.251525 -0.559010 0.393890 -0.296914 0.251525 0.788592 
size 5 1 value -0.831546 0.126633 0.000000 -0.925136 -0.362040 
size 5 1 value 0.000000 0.000000 0.000000 0.000000 0.000000 
# problem of player 4 with objects A, b (constraint), bnd, C, Q, b (obj), conv
size 10 5 value 5.000000 4.000000 6.000000 -4.000000 -6.000000 5.000000 -3.000000 -5.000000 0.000000 3.000000 6.000000 -3.000000 -7.000000 2.000000 0.000000 -5.000000 2.000000 0.000000 -8.000000 0.000000 5.000000 6.000000 -6.000000 0.000000 0.000000 4.000000 3.000000 0.000000 -4.000000 6.000000 0.000000 0.000000 0.000000 0.000000 -6.000000 -7.000000 0.000000 0.000000 0.000000 0.000000 0.000000 -4.000000 -7.000000 5.000000 0.000000 -5.000000 -7.000000 -4.000000 8.000000 0.000000 
size 10 1 value 60.000000 66.000000 98.000000 44.000000 45.000000 99.000000 63.000000 34.000000 78.000000 36.000000 
size 5 2 value -5.000000 -5.000000 -5.000000 -5.000000 -5.000000 5.000000 5.000000 5.000000 5.000000 5.000000 
size 5 20 value 0.991157 0.000000 0.000000 0.000000 -0.962620 0.000000 0.000000 0.429575 0.000000 0.000000 -0.713647 0.000000 0.000000 0.000000 0.490508 -0.829793 0.000000 -0.256565 -0.789515 -0.089378 0.270749 0.186822 0.000000 0.000000 0.706377 0.551287 0.000000 0.000000 0.000000 0.658428 0.000000 0.779781 0.262717 0.000000 -0.269313 0.000000 0.000000 0.000000 -0.088665 0.000000 0.391646 -0.936568 0.000000 -0.311752 -0.380710 0.000000 0.929735 -0.126562 0.000000 0.000000 0.306591 0.000000 0.000000 0.923860 0.719021 0.000000 -0.664550 -0.620116 0.366987 -0.017008 0.631632 0.500450 -0.000580 0.000000 0.793105 0.000000 0.000000 0.738731 0.572056 -0.534519 -0.487556 0.000000 0.000000 -0.612508 0.951770 0.000000 0.731523 0.753199 -0.000035 0.000000 0.000000 0.000000 0.426035 0.000000 0.070273 0.000000 0.000000 0.031165 -0.878380 0.000000 0.000000 0.000000 -0.936023 0.494542 0.361420 0.000000 0.000000 0.000000 0.772223 0.000000 
size 5 5 value 0.474965 -0.222908 -0.193121 0.029159 0.621823 -0.222908 0.718583 -0.056544 -0.098868 -0.205136 -0.193121 -0.056544 0.348980 0.111452 0.068268 0.029159 -0.098868 0.111452 0.405641 -0.071201 0.621823 -0.205136 0.068268 -0.071201 0.651739 
size 5 1 value -0.469257 0.000000 0.000000 0.000000 -0.058082 
size 5 1 value 0.000000 0.000000 0.000000 0.000000 0.000000 
